1.000000e+00 0.000000e+00 0.000000e+00 0.000000e+00 0.000000e+00 1.000000e+00 0.000000e+00 0.000000e+00 0.000000e+00 0.000000e+00 1.000000e+00 0.000000e+00
9.999954e-01 -2.485712e-03 -1.762030e-03 -2.156377e-02 2.482692e-03 9.999954e-01 -1.713708e-03 -1.087527e-02 1.766281e-03 1.709325e-03 9.999970e-01 8.589879e-01
9.999886e-01 -1.446697e-03 -4.560044e-03 -4.413506e-02 1.432859e-03 9.999944e-01 -3.036287e-03 -1.298977e-02 4.564411e-03 3.029719e-03 9.999850e-01 1.719127e+00
9.999651e-01 -1.822871e-03 -8.156325e-03 -7.554184e-02 1.786264e-03 9.999883e-01 -4.493255e-03 -2.183155e-02 8.164421e-03 4.478529e-03 9.999566e-01 2.577937e+00
9.999140e-01 -7.684553e-04 -1.309044e-02 -9.057388e-02 7.057350e-04 9.999883e-01 -4.795247e-03 -3.918217e-02 1.309397e-02 4.785596e-03 9.999028e-01 3.438066e+00
9.998565e-01 -1.797782e-03 -1.684556e-02 -1.310405e-01 1.710767e-03 9.999851e-01 -5.178419e-03 -4.969445e-02 1.685462e-02 5.148857e-03 9.998447e-01 4.296447e+00
9.997986e-01 -3.871408e-05 -2.006710e-02 -1.886599e-01 -7.934046e-05 9.999827e-01 -5.882159e-03 -7.017691e-02 2.006699e-02 5.882567e-03 9.997813e-01 5.154810e+00
9.996627e-01 2.578200e-03 -2.584094e-02 -2.102941e-01 -2.747398e-03 9.999750e-01 -6.514318e-03 -8.342668e-02 2.582350e-02 6.583116e-03 9.996448e-01 6.013881e+00
9.995464e-01 2.989236e-03 -2.996858e-02 -2.448344e-01 -3.122331e-03 9.999855e-01 -4.395338e-03 -9.942726e-02 2.995500e-02 4.486916e-03 9.995412e-01 6.873345e+00
9.994005e-01 2.619709e-03 -3.452094e-02 -2.631601e-01 -2.685825e-03 9.999946e-01 -1.869009e-03 -1.001879e-01 3.451585e-02 1.960606e-03 9.994022e-01 7.733747e+00
9.993027e-01 1.007736e-03 -3.732369e-02 -3.112491e-01 -9.772068e-04 9.999992e-01 8.361905e-04 -1.123155e-01 3.732450e-02 -7.991344e-04 9.993029e-01 8.591448e+00
9.992400e-01 2.438743e-03 -3.890310e-02 -3.723204e-01 -2.421185e-03 9.999969e-01 4.984302e-04 -1.275163e-01 3.890420e-02 -4.038598e-04 9.992429e-01 9.449576e+00
9.991943e-01 1.653121e-03 -4.010005e-02 -4.421538e-01 -1.646011e-03 9.999986e-01 2.103090e-04 -1.366556e-01 4.010034e-02 -1.441344e-04 9.991956e-01 1.030705e+01
9.990932e-01 -1.077852e-03 -4.256329e-02 -4.663581e-01 1.060163e-03 9.999993e-01 -4.381713e-04 -1.422210e-01 4.256373e-02 3.926500e-04 9.990937e-01 1.116628e+01
9.990484e-01 -1.641685e-03 -4.358371e-02 -5.182849e-01 1.670175e-03 9.999984e-01 6.172722e-04 -1.492548e-01 4.358262e-02 -6.894772e-04 9.990496e-01 1.202054e+01
9.989689e-01 -4.309661e-03 -4.519421e-02 -5.661759e-01 4.340672e-03 9.999904e-01 5.880617e-04 -1.541923e-01 4.519124e-02 -7.836286e-04 9.989780e-01 1.288287e+01
9.989473e-01 -2.220544e-03 -4.581854e-02 -6.387430e-01 2.148453e-03 9.999964e-01 -1.622596e-03 -1.621388e-01 4.582197e-02 1.522449e-03 9.989485e-01 1.375053e+01
9.988929e-01 -3.251125e-05 -4.704196e-02 -6.930210e-01 -1.547468e-04 9.999921e-01 -3.977014e-03 -1.907620e-01 4.704171e-02 3.979891e-03 9.988850e-01 1.463000e+01
9.988312e-01 3.681676e-03 -4.819521e-02 -7.557383e-01 -3.940585e-03 9.999783e-01 -5.278169e-03 -2.010864e-01 4.817473e-02 5.461917e-03 9.988240e-01 1.551966e+01
9.987699e-01 4.426858e-03 -4.938762e-02 -7.939846e-01 -4.664860e-03 9.999781e-01 -4.704844e-03 -2.156009e-01 4.936571e-02 4.929443e-03 9.987686e-01 1.642045e+01
9.987167e-01 2.964500e-03 -5.055919e-02 -8.451375e-01 -3.140200e-03 9.999893e-01 -3.396049e-03 -2.161851e-01 5.054859e-02 3.550456e-03 9.987153e-01 1.732517e+01
9.986405e-01 1.367213e-03 -5.210860e-02 -9.039900e-01 -1.468285e-03 9.999971e-01 -1.901413e-03 -2.076397e-01 5.210585e-02 1.975338e-03 9.986396e-01 1.823628e+01
9.985331e-01 4.517148e-05 -5.414549e-02 -9.438682e-01 -1.223667e-04 9.999990e-01 -1.422385e-03 -2.209757e-01 5.414537e-02 1.426924e-03 9.985320e-01 1.915041e+01
9.984375e-01 1.115872e-04 -5.588005e-02 -9.951578e-01 -2.424343e-04 9.999972e-01 -2.334798e-03 -2.321503e-01 5.587963e-02 2.344697e-03 9.984348e-01 2.006742e+01
9.983853e-01 -2.219989e-03 -5.676198e-02 -1.053584e+00 2.050741e-03 9.999933e-01 -3.039787e-03 -2.305010e-01 5.676835e-02 2.918474e-03 9.983831e-01 2.099427e+01
9.983181e-01 -3.957722e-03 -5.783810e-02 -1.122865e+00 3.874221e-03 9.999913e-01 -1.555775e-03 -2.211475e-01 5.784376e-02 1.329081e-03 9.983248e-01 2.192781e+01
9.982488e-01 -3.332870e-03 -5.906119e-02 -1.169414e+00 3.428182e-03 9.999930e-01 1.512538e-03 -2.229817e-01 5.905573e-02 -1.712361e-03 9.982532e-01 2.286398e+01
9.982696e-01 -2.915727e-03 -5.873105e-02 -1.229339e+00 3.229076e-03 9.999811e-01 5.241111e-03 -2.261542e-01 5.871465e-02 -5.421688e-03 9.982601e-01 2.380608e+01
9.983586e-01 -4.519644e-03 -5.709415e-02 -1.280970e+00 4.995309e-03 9.999540e-01 8.191270e-03 -2.382846e-01 5.705450e-02 -8.463027e-03 9.983352e-01 2.475147e+01
9.984237e-01 -6.352308e-03 -5.576501e-02 -1.353859e+00 6.885503e-03 9.999324e-01 9.374540e-03 -2.313449e-01 5.570168e-02 -9.743733e-03 9.983999e-01 2.569807e+01
9.984785e-01 -4.232979e-03 -5.497948e-02 -1.393538e+00 4.575372e-03 9.999709e-01 6.103273e-03 -2.401481e-01 5.495204e-02 -6.345538e-03 9.984688e-01 2.665051e+01
9.985567e-01 -2.462981e-03 -5.365105e-02 -1.452439e+00 2.545423e-03 9.999957e-01 1.468358e-03 -2.557955e-01 5.364720e-02 -1.602803e-03 9.985587e-01 2.760861e+01
9.986346e-01 -1.946411e-03 -5.220280e-02 -1.499210e+00 1.873929e-03 9.999972e-01 -1.437369e-03 -2.757057e-01 5.220545e-02 1.337583e-03 9.986355e-01 2.857715e+01
9.986839e-01 -3.823796e-03 -5.114593e-02 -1.551471e+00 3.788376e-03 9.999925e-01 -7.894512e-04 -2.837491e-01 5.114857e-02 5.946522e-04 9.986909e-01 2.955275e+01
9.986788e-01 -5.153502e-03 -5.112812e-02 -1.601880e+00 5.372219e-03 9.999770e-01 4.141323e-03 -2.888815e-01 5.110560e-02 -4.410523e-03 9.986835e-01 3.053227e+01
9.985752e-01 -1.053891e-02 -5.231239e-02 -1.642595e+00 1.094600e-02 9.999120e-01 7.501381e-03 -2.911100e-01 5.222872e-02 -8.063304e-03 9.986026e-01 3.151204e+01
9.984434e-01 -1.719725e-02 -5.305722e-02 -1.683537e+00 1.761721e-02 9.998170e-01 7.457650e-03 -3.153264e-01 5.291925e-02 -8.380761e-03 9.985636e-01 3.249145e+01
9.982854e-01 -1.923610e-02 -5.528384e-02 -1.708949e+00 1.946963e-02 9.998036e-01 3.688668e-03 -3.205345e-01 5.520203e-02 -4.758699e-03 9.984639e-01 3.347694e+01
9.981557e-01 -1.687193e-02 -5.831443e-02 -1.696256e+00 1.691112e-02 9.998570e-01 1.786167e-04 -3.688372e-01 5.830307e-02 -1.164450e-03 9.982982e-01 3.448906e+01
9.979901e-01 -1.560705e-02 -6.141804e-02 -1.741468e+00 1.558015e-02 9.998782e-01 -9.168567e-04 -3.743421e-01 6.142487e-02 -4.188870e-05 9.981117e-01 3.554853e+01
9.979681e-01 -1.500878e-02 -6.192267e-02 -1.824134e+00 1.506859e-02 9.998863e-01 4.990071e-04 -3.862002e-01 6.190814e-02 -1.431081e-03 9.980808e-01 3.658982e+01
9.979098e-01 -9.289131e-03 -6.395082e-02 -1.819925e+00 9.560447e-03 9.999465e-01 3.937869e-03 -4.415238e-01 6.391082e-02 -4.541037e-03 9.979453e-01 3.763489e+01
9.978471e-01 -9.198024e-03 -6.493486e-02 -1.906338e+00 9.578323e-03 9.999387e-01 5.547731e-03 -4.528637e-01 6.487985e-02 -6.157755e-03 9.978741e-01 3.866628e+01
9.977814e-01 -8.699507e-03 -6.600460e-02 -1.979375e+00 9.272255e-03 9.999219e-01 8.376013e-03 -4.657634e-01 6.592658e-02 -8.969441e-03 9.977842e-01 3.970150e+01
9.977903e-01 -8.642710e-03 -6.587743e-02 -2.035530e+00 9.391689e-03 9.998946e-01 1.106808e-02 -4.590511e-01 6.577484e-02 -1.166233e-02 9.977663e-01 4.072572e+01
9.977623e-01 -3.024176e-03 -6.679226e-02 -2.129950e+00 3.907798e-03 9.999065e-01 1.310273e-02 -4.498956e-01 6.674639e-02 -1.333442e-02 9.976809e-01 4.174618e+01
9.977789e-01 -2.874029e-03 -6.655095e-02 -2.212427e+00 3.715340e-03 9.999147e-01 1.252129e-02 -4.545316e-01 6.650929e-02 -1.274074e-02 9.977045e-01 4.275533e+01
9.977457e-01 -3.733541e-03 -6.700484e-02 -2.280726e+00 4.456238e-03 9.999335e-01 1.063953e-02 -4.429541e-01 6.696066e-02 -1.091413e-02 9.976959e-01 4.376086e+01
9.977234e-01 -2.065134e-03 -6.740728e-02 -2.352095e+00 2.636934e-03 9.999613e-01 8.394891e-03 -4.434270e-01 6.738733e-02 -8.553528e-03 9.976902e-01 4.476197e+01
9.976011e-01 -4.931514e-03 -6.904846e-02 -2.420578e+00 5.495470e-03 9.999531e-01 7.979973e-03 -4.165952e-01 6.900586e-02 -8.340284e-03 9.975814e-01 4.576096e+01
9.974246e-01 -7.624757e-03 -7.131638e-02 -2.468471e+00 8.261434e-03 9.999286e-01 8.636792e-03 -4.071910e-01 7.124544e-02 -9.203724e-03 9.974164e-01 4.675740e+01
9.973285e-01 -6.938886e-03 -7.271642e-02 -2.528053e+00 7.633753e-03 9.999278e-01 9.282286e-03 -4.064670e-01 7.264676e-02 -9.812588e-03 9.973095e-01 4.774464e+01
9.973330e-01 -5.030765e-03 -7.281157e-02 -2.606546e+00 5.468454e-03 9.999682e-01 5.813155e-03 -4.164893e-01 7.278000e-02 -6.195819e-03 9.973288e-01 4.872198e+01
9.973292e-01 -3.908602e-03 -7.293320e-02 -2.702796e+00 4.050604e-03 9.999902e-01 1.799204e-03 -4.246158e-01 7.292545e-02 -2.089822e-03 9.973352e-01 4.970172e+01
9.972778e-01 -3.577044e-03 -7.364909e-02 -2.784357e+00 3.611618e-03 9.999934e-01 3.362614e-04 -4.217685e-01 7.364741e-02 -6.013384e-04 9.972842e-01 5.068189e+01
9.972391e-01 -2.581740e-03 -7.421325e-02 -2.840242e+00 2.808357e-03 9.999917e-01 2.949406e-03 -4.299052e-01 7.420502e-02 -3.149680e-03 9.972380e-01 5.165941e+01
9.971790e-01 -4.169518e-03 -7.494381e-02 -2.892066e+00 4.631305e-03 9.999713e-01 5.989041e-03 -4.358378e-01 7.491669e-02 -6.319234e-03 9.971698e-01 5.263060e+01
9.971241e-01 -6.242248e-03 -7.552798e-02 -2.969421e+00 6.759813e-03 9.999554e-01 6.598925e-03 -4.460636e-01 7.548342e-02 -7.090503e-03 9.971218e-01 5.359287e+01
9.970273e-01 -9.621016e-03 -7.644630e-02 -3.030063e+00 1.002568e-02 9.999377e-01 4.911410e-03 -4.478502e-01 7.639429e-02 -5.663236e-03 9.970616e-01 5.455682e+01
9.970939e-01 -1.178533e-02 -7.526519e-02 -3.141807e+00 1.208924e-02 9.999205e-01 3.583604e-03 -4.671157e-01 7.521697e-02 -4.483089e-03 9.971571e-01 5.551111e+01
9.969715e-01 -1.316508e-02 -7.664500e-02 -3.215780e+00 1.354799e-02 9.998982e-01 4.478170e-03 -4.693968e-01 7.657824e-02 -5.502994e-03 9.970484e-01 5.647260e+01
9.969023e-01 -1.463481e-02 -7.727687e-02 -3.297725e+00 1.533505e-02 9.998465e-01 8.475836e-03 -4.845890e-01 7.714097e-02 -9.634625e-03 9.969736e-01 5.743303e+01
9.968735e-01 -1.318128e-02 -7.790720e-02 -3.354198e+00 1.429315e-02 9.998036e-01 1.373136e-02 -5.177739e-01 7.771090e-02 -1.480197e-02 9.968660e-01 5.838511e+01
9.968487e-01 -1.208896e-02 -7.839953e-02 -3.429685e+00 1.341639e-02 9.997751e-01 1.642702e-02 -5.275730e-01 7.818331e-02 -1.742709e-02 9.967867e-01 5.932567e+01
9.968158e-01 -1.171208e-02 -7.887404e-02 -3.535751e+00 1.274061e-02 9.998401e-01 1.254958e-02 -5.292370e-01 7.871445e-02 -1.351452e-02 9.968056e-01 6.024692e+01
9.968440e-01 -8.028671e-03 -7.897856e-02 -3.624662e+00 8.429633e-03 9.999532e-01 4.744750e-03 -5.443371e-01 7.893677e-02 -5.395535e-03 9.968650e-01 6.116003e+01
9.968364e-01 -6.097984e-03 -7.924677e-02 -3.713302e+00 6.107150e-03 9.999813e-01 -1.267055e-04 -5.493643e-01 7.924606e-02 -3.576672e-04 9.968550e-01 6.206952e+01
9.968044e-01 4.082899e-05 -7.988110e-02 -3.798127e+00 7.184335e-07 9.999999e-01 5.200871e-04 -5.651464e-01 7.988111e-02 -5.184825e-04 9.968043e-01 6.296700e+01
9.967290e-01 1.929814e-03 -8.079312e-02 -3.881209e+00 -1.694318e-03 9.999941e-01 2.983261e-03 -5.799619e-01 8.079840e-02 -2.836614e-03 9.967264e-01 6.384893e+01
9.966964e-01 4.468073e-03 -8.109431e-02 -3.980014e+00 -4.102305e-03 9.999807e-01 4.676449e-03 -5.951745e-01 8.111363e-02 -4.328327e-03 9.966955e-01 6.471498e+01
9.966130e-01 4.943823e-03 -8.208604e-02 -4.070349e+00 -4.619101e-03 9.999807e-01 4.145298e-03 -5.963374e-01 8.210495e-02 -3.752094e-03 9.966166e-01 6.556829e+01
9.965039e-01 6.801350e-03 -8.326880e-02 -4.154119e+00 -6.399128e-03 9.999665e-01 5.096339e-03 -6.106306e-01 8.330068e-02 -4.545674e-03 9.965141e-01 6.641017e+01
9.964273e-01 7.270253e-03 -8.414186e-02 -4.239701e+00 -6.835672e-03 9.999618e-01 5.451811e-03 -6.072259e-01 8.417828e-02 -4.857167e-03 9.964389e-01 6.723752e+01
9.963225e-01 6.955396e-03 -8.539926e-02 -4.311607e+00 -6.499168e-03 9.999631e-01 5.619161e-03 -6.148187e-01 8.543519e-02 -5.043473e-03 9.963310e-01 6.805394e+01
9.962379e-01 6.573251e-03 -8.641058e-02 -4.400937e+00 -6.025030e-03 9.999600e-01 6.603648e-03 -6.151386e-01 8.645053e-02 -6.058178e-03 9.962377e-01 6.885654e+01
9.959745e-01 9.592105e-03 -8.912182e-02 -4.440159e+00 -8.779408e-03 9.999163e-01 9.506475e-03 -6.308751e-01 8.920555e-02 -8.685770e-03 9.959754e-01 6.965245e+01
9.958034e-01 1.142313e-02 -9.080232e-02 -4.492104e+00 -1.018875e-02 9.998494e-01 1.404615e-02 -6.419424e-01 9.094910e-02 -1.306204e-02 9.957699e-01 7.043005e+01
9.956984e-01 1.434157e-02 -9.153688e-02 -4.601288e+00 -1.300230e-02 9.997998e-01 1.521064e-02 -6.296107e-01 9.173670e-02 -1.395502e-02 9.956855e-01 7.117867e+01
9.955357e-01 1.727313e-02 -9.279205e-02 -4.674163e+00 -1.633012e-02 9.998071e-01 1.091234e-02 -6.317774e-01 9.296264e-02 -9.348318e-03 9.956257e-01 7.190903e+01
9.954275e-01 1.713396e-02 -9.397091e-02 -4.757394e+00 -1.685956e-02 9.998510e-01 3.713186e-03 -6.431526e-01 9.402052e-02 -2.111899e-03 9.955680e-01 7.262008e+01
9.953155e-01 1.697936e-02 -9.517735e-02 -4.821577e+00 -1.726760e-02 9.998485e-01 -2.205592e-03 -6.495426e-01 9.512548e-02 3.838744e-03 9.954579e-01 7.331539e+01
9.952659e-01 1.814484e-02 -9.548056e-02 -4.878683e+00 -1.854572e-02 9.998225e-01 -3.312730e-03 -6.614224e-01 9.540350e-02 5.067802e-03 9.954258e-01 7.399290e+01
9.949652e-01 2.055325e-02 -9.809118e-02 -4.914131e+00 -2.065629e-02 9.997866e-01 -3.494828e-05 -6.633549e-01 9.806953e-02 2.060973e-03 9.951774e-01 7.465178e+01
9.948764e-01 2.087856e-02 -9.891945e-02 -4.998625e+00 -2.075222e-02 9.997820e-01 2.306051e-03 -6.792481e-01 9.894603e-02 -2.414373e-04 9.950928e-01 7.527985e+01
9.947364e-01 1.754767e-02 -1.009536e-01 -5.032050e+00 -1.768621e-02 9.998435e-01 -4.774463e-04 -7.010516e-01 1.009294e-01 2.260420e-03 9.948910e-01 7.589276e+01
9.948748e-01 9.184936e-03 -1.006962e-01 -5.079026e+00 -9.817951e-03 9.999350e-01 -5.792602e-03 -7.097270e-01 1.006364e-01 6.751544e-03 9.949004e-01 7.648760e+01
9.952286e-01 5.013521e-03 -9.744135e-02 -5.179729e+00 -6.050265e-03 9.999282e-01 -1.034712e-02 -7.236955e-01 9.738247e-02 1.088729e-02 9.951875e-01 7.706310e+01
9.955520e-01 7.818596e-03 -9.388904e-02 -5.249973e+00 -8.842870e-03 9.999058e-01 -1.049832e-02 -7.323676e-01 9.379811e-02 1.128187e-02 9.955273e-01 7.763131e+01
9.958273e-01 1.304708e-02 -9.032060e-02 -5.312472e+00 -1.384861e-02 9.998700e-01 -8.253241e-03 -7.336157e-01 9.020118e-02 9.469617e-03 9.958785e-01 7.818481e+01
9.962862e-01 1.149429e-02 -8.533253e-02 -5.364280e+00 -1.197930e-02 9.999149e-01 -5.173890e-03 -7.417179e-01 8.526579e-02 6.176899e-03 9.963391e-01 7.872636e+01
9.968534e-01 7.991381e-03 -7.886325e-02 -5.415470e+00 -8.106185e-03 9.999665e-01 -1.135694e-03 -7.478753e-01 7.885153e-02 1.771401e-03 9.968848e-01 7.925583e+01
9.974489e-01 3.487326e-03 -7.129893e-02 -5.426335e+00 -3.278404e-03 9.999900e-01 3.047039e-03 -7.745619e-01 7.130884e-02 -2.805519e-03 9.974503e-01 7.976766e+01
9.980283e-01 7.310132e-03 -6.233829e-02 -5.441815e+00 -7.198950e-03 9.999721e-01 2.007954e-03 -7.697397e-01 6.235123e-02 -1.555225e-03 9.980531e-01 8.026943e+01
9.987861e-01 1.271154e-02 -4.758842e-02 -5.454968e+00 -1.265049e-02 9.999187e-01 1.583913e-03 -7.802026e-01 4.760469e-02 -9.799736e-04 9.988658e-01 8.075723e+01
9.991687e-01 1.745955e-02 -3.683753e-02 -5.355323e+00 -1.739255e-02 9.998465e-01 2.138696e-03 -7.890117e-01 3.686922e-02 -1.496220e-03 9.993190e-01 8.122121e+01
9.997618e-01 1.611431e-02 -1.471994e-02 -5.351532e+00 -1.608098e-02 9.998679e-01 2.379286e-03 -7.873932e-01 1.475633e-02 -2.142008e-03 9.998888e-01 8.168147e+01
9.998924e-01 1.303855e-02 6.727102e-03 -5.262225e+00 -1.306258e-02 9.999084e-01 3.540064e-03 -7.943156e-01 -6.680329e-03 -3.627556e-03 9.999711e-01 8.212760e+01
9.993097e-01 1.210696e-02 3.512301e-02 -5.192563e+00 -1.228966e-02 9.999120e-01 4.990390e-03 -8.036993e-01 -3.505950e-02 -5.418595e-03 9.993705e-01 8.257225e+01
9.975738e-01 1.227093e-02 6.852702e-02 -5.141513e+00 -1.272766e-02 9.998996e-01 6.232391e-03 -8.073735e-01 -6.844366e-02 -7.089458e-03 9.976298e-01 8.300697e+01
9.942779e-01 1.241253e-02 1.061006e-01 -5.068762e+00 -1.318236e-02 9.998916e-01 6.557444e-03 -8.099971e-01 -1.060077e-01 -7.918577e-03 9.943338e-01 8.343959e+01
9.891085e-01 1.240956e-02 1.466640e-01 -4.966570e+00 -1.349867e-02 9.998882e-01 6.432953e-03 -8.200759e-01 -1.465678e-01 -8.342659e-03 9.891654e-01 8.385908e+01
9.812204e-01 1.314931e-02 1.924410e-01 -4.875980e+00 -1.446250e-02 9.998807e-01 5.420679e-03 -8.096322e-01 -1.923467e-01 -8.102059e-03 9.812936e-01 8.426204e+01
9.700557e-01 1.462702e-02 2.424417e-01 -4.761991e+00 -1.599199e-02 9.998654e-01 3.663016e-03 -8.291500e-01 -2.423555e-01 -7.430456e-03 9.701590e-01 8.466231e+01
9.553342e-01 1.589904e-02 2.950997e-01 -4.611393e+00 -1.671855e-02 9.998602e-01 2.541217e-04 -8.301352e-01 -2.950544e-01 -5.176412e-03 9.554664e-01 8.502958e+01
9.362336e-01 1.613714e-02 3.510075e-01 -4.441614e+00 -1.659603e-02 9.998608e-01 -1.701192e-03 -8.430418e-01 -3.509861e-01 -4.232619e-03 9.363711e-01 8.539509e+01
9.127080e-01 1.698855e-02 4.082592e-01 -4.248185e+00 -1.700437e-02 9.998490e-01 -3.590757e-03 -8.493965e-01 -4.082585e-01 -3.664878e-03 9.128590e-01 8.574156e+01
8.840446e-01 1.757103e-02 4.670721e-01 -4.047169e+00 -1.633747e-02 9.998441e-01 -6.691127e-03 -8.467803e-01 -4.671169e-01 -1.715524e-03 8.841939e-01 8.606237e+01
8.519503e-01 1.665272e-02 5.233577e-01 -3.801761e+00 -1.393369e-02 9.998612e-01 -9.132565e-03 -8.538517e-01 -5.234372e-01 4.881856e-04 8.520641e-01 8.636189e+01
8.166456e-01 1.511145e-02 5.769416e-01 -3.544537e+00 -1.171232e-02 9.998852e-01 -9.610850e-03 -8.771856e-01 -5.770206e-01 1.091335e-03 8.167288e-01 8.663180e+01
7.772560e-01 1.450988e-02 6.290171e-01 -3.272442e+00 -9.968944e-03 9.998926e-01 -1.074677e-02 -8.671486e-01 -6.291054e-01 2.082355e-03 7.773172e-01 8.690846e+01
7.355380e-01 1.425304e-02 6.773336e-01 -2.985013e+00 -9.843966e-03 9.998980e-01 -1.035084e-02 -8.588172e-01 -6.774120e-01 9.457865e-04 7.356032e-01 8.716228e+01
6.906162e-01 1.287053e-02 7.231069e-01 -2.690232e+00 -8.453607e-03 9.999170e-01 -9.723682e-03 -8.682414e-01 -7.231721e-01 6.024701e-04 6.906677e-01 8.739556e+01
6.445827e-01 1.125961e-02 7.644517e-01 -2.373760e+00 -5.688095e-03 9.999345e-01 -9.931858e-03 -8.870999e-01 -7.645134e-01 2.053630e-03 6.446045e-01 8.760567e+01
5.980174e-01 9.266480e-03 8.014296e-01 -2.053121e+00 -1.342013e-03 9.999433e-01 -1.056039e-02 -9.034147e-01 -8.014820e-01 5.239768e-03 5.979959e-01 8.779158e+01
5.505310e-01 1.002453e-02 8.347545e-01 -1.722927e+00 -2.409822e-03 9.999428e-01 -1.041896e-02 -9.220173e-01 -8.348112e-01 3.724348e-03 5.505237e-01 8.797929e+01
5.033752e-01 1.374688e-02 8.639586e-01 -1.380078e+00 -5.885633e-03 9.999048e-01 -1.248079e-02 -9.219362e-01 -8.640479e-01 1.197579e-03 5.034082e-01 8.814578e+01
4.580100e-01 1.604200e-02 8.888023e-01 -1.033366e+00 -4.682044e-03 9.998668e-01 -1.563389e-02 -9.188166e-01 -8.889347e-01 2.999067e-03 4.580241e-01 8.829247e+01
4.151620e-01 1.335583e-02 9.096494e-01 -6.673152e-01 3.360069e-03 9.998629e-01 -1.621391e-02 -9.272267e-01 -9.097413e-01 9.787886e-03 4.150603e-01 8.842209e+01
3.765056e-01 5.081306e-03 9.264004e-01 -2.910945e-01 1.847354e-02 9.997449e-01 -1.299158e-02 -9.422970e-01 -9.262301e-01 2.200530e-02 3.763157e-01 8.850527e+01
3.420445e-01 1.251343e-03 9.396829e-01 8.587905e-02 2.266329e-02 9.996972e-01 -9.580700e-03 -9.507088e-01 -9.394104e-01 2.457334e-02 3.419126e-01 8.858639e+01
3.084044e-01 5.554760e-03 9.512391e-01 4.564978e-01 1.995380e-02 9.997252e-01 -1.230718e-02 -9.584164e-01 -9.510460e-01 2.277642e-02 3.082088e-01 8.870293e+01
2.763450e-01 1.364126e-02 9.609617e-01 8.335770e-01 9.080182e-03 9.998176e-01 -1.680404e-02 -9.699129e-01 -9.610156e-01 1.336942e-02 2.761707e-01 8.881540e+01
2.481452e-01 1.826724e-02 9.685506e-01 1.227246e+00 5.086918e-03 9.997838e-01 -2.015959e-02 -9.858050e-01 -9.687095e-01 9.929444e-03 2.479987e-01 8.890557e+01
2.235722e-01 2.005372e-02 9.744810e-01 1.634098e+00 6.606868e-03 9.997342e-01 -2.208919e-02 -9.978785e-01 -9.746650e-01 1.137680e-02 2.233803e-01 8.896506e+01
2.003887e-01 2.113590e-02 9.794885e-01 2.053796e+00 1.434270e-02 9.995968e-01 -2.450411e-02 -1.012832e+00 -9.796115e-01 1.895886e-02 2.000048e-01 8.902455e+01
1.802406e-01 2.757676e-02 9.832359e-01 2.479266e+00 2.184890e-02 9.992480e-01 -3.203106e-02 -1.013203e+00 -9.833799e-01 2.725592e-02 1.795025e-01 8.908383e+01
1.605693e-01 3.416534e-02 9.864331e-01 2.925824e+00 2.420430e-02 9.989639e-01 -3.853926e-02 -1.018259e+00 -9.867277e-01 3.006415e-02 1.595760e-01 8.914217e+01
1.429100e-01 3.490130e-02 9.891201e-01 3.389907e+00 2.089974e-02 9.990488e-01 -3.827128e-02 -1.038739e+00 -9.895150e-01 2.614170e-02 1.420447e-01 8.920233e+01
1.272989e-01 3.098396e-02 9.913803e-01 3.861697e+00 1.855189e-02 9.992627e-01 -3.361248e-02 -1.060863e+00 -9.916909e-01 2.267081e-02 1.266302e-01 8.925730e+01
1.128949e-01 2.793409e-02 9.932142e-01 4.346931e+00 1.916247e-02 9.993576e-01 -3.028500e-02 -1.081209e+00 -9.934221e-01 2.245146e-02 1.122871e-01 8.930348e+01
1.002151e-01 2.534075e-02 9.946430e-01 4.843674e+00 2.279487e-02 9.993547e-01 -2.775748e-02 -1.096161e+00 -9.947046e-01 2.545447e-02 9.957280e-02 8.933906e+01
8.800417e-02 2.490112e-02 9.958088e-01 5.356549e+00 2.736469e-02 9.992498e-01 -2.740551e-02 -1.108399e+00 -9.957442e-01 2.966180e-02 8.725673e-02 8.938542e+01
7.825781e-02 2.540663e-02 9.966094e-01 5.886014e+00 3.051344e-02 9.991458e-01 -2.786733e-02 -1.130050e+00 -9.964661e-01 3.259082e-02 7.741572e-02 8.941327e+01
7.029003e-02 2.586204e-02 9.971913e-01 6.430936e+00 3.286662e-02 9.990611e-01 -2.822724e-02 -1.148663e+00 -9.969850e-01 3.475840e-02 6.937404e-02 8.944683e+01
6.441317e-02 2.608751e-02 9.975823e-01 6.994163e+00 3.316368e-02 9.990501e-01 -2.826725e-02 -1.171294e+00 -9.973721e-01 3.490428e-02 6.348683e-02 8.947024e+01
5.771655e-02 2.680988e-02 9.979730e-01 7.575726e+00 3.433495e-02 9.989947e-01 -2.882305e-02 -1.192700e+00 -9.977424e-01 3.592892e-02 5.673801e-02 8.952216e+01
5.156312e-02 2.755953e-02 9.982894e-01 8.177678e+00 3.551246e-02 9.989363e-01 -2.941166e-02 -1.208162e+00 -9.980381e-01 3.696827e-02 5.052957e-02 8.956018e+01
4.694818e-02 2.758107e-02 9.985165e-01 8.795755e+00 3.808345e-02 9.988425e-01 -2.938068e-02 -1.231176e+00 -9.981711e-01 3.940632e-02 4.584346e-02 8.959627e+01
4.389870e-02 2.755649e-02 9.986559e-01 9.434551e+00 3.990750e-02 9.987733e-01 -2.931398e-02 -1.248090e+00 -9.982386e-01 4.114071e-02 4.274514e-02 8.962913e+01
4.070916e-02 2.732051e-02 9.987975e-01 1.008795e+01 4.048144e-02 9.987602e-01 -2.896944e-02 -1.269202e+00 -9.983506e-01 4.161208e-02 3.955272e-02 8.967028e+01
3.818519e-02 2.676372e-02 9.989122e-01 1.076096e+01 4.242689e-02 9.986964e-01 -2.837979e-02 -1.292838e+00 -9.983696e-01 4.346442e-02 3.699991e-02 8.969866e+01
3.740103e-02 2.634515e-02 9.989530e-01 1.144644e+01 4.704863e-02 9.984974e-01 -2.809465e-02 -1.316370e+00 -9.981922e-01 4.805014e-02 3.610533e-02 8.972662e+01
3.889502e-02 2.584409e-02 9.989090e-01 1.215350e+01 5.123196e-02 9.982991e-01 -2.782315e-02 -1.335996e+00 -9.979291e-01 5.225825e-02 3.750482e-02 8.974395e+01
4.143322e-02 2.569823e-02 9.988107e-01 1.287665e+01 5.230103e-02 9.982429e-01 -2.785320e-02 -1.356401e+00 -9.977715e-01 5.339288e-02 4.001637e-02 8.975091e+01
4.489076e-02 2.532076e-02 9.986710e-01 1.361460e+01 5.398701e-02 9.981564e-01 -2.773446e-02 -1.391396e+00 -9.975321e-01 5.516028e-02 4.344101e-02 8.977997e+01
4.873623e-02 2.503233e-02 9.984980e-01 1.437181e+01 5.423030e-02 9.981450e-01 -2.767044e-02 -1.409158e+00 -9.973384e-01 5.549740e-02 4.728832e-02 8.983541e+01
5.252086e-02 2.347792e-02 9.983438e-01 1.514211e+01 5.483810e-02 9.981473e-01 -2.635822e-02 -1.434099e+00 -9.971130e-01 5.613164e-02 5.113607e-02 8.988128e+01
5.685529e-02 2.095655e-02 9.981625e-01 1.592830e+01 5.521494e-02 9.981836e-01 -2.410203e-02 -1.471182e+00 -9.968544e-01 5.648381e-02 5.559490e-02 8.992307e+01
6.134092e-02 1.907526e-02 9.979346e-01 1.672232e+01 5.313135e-02 9.983374e-01 -2.234883e-02 -1.490436e+00 -9.967017e-01 5.439251e-02 6.022544e-02 8.996849e+01
6.553709e-02 1.773703e-02 9.976925e-01 1.752344e+01 5.283415e-02 9.983778e-01 -2.121982e-02 -1.515043e+00 -9.964504e-01 5.410292e-02 6.449366e-02 9.002573e+01
6.966751e-02 1.867867e-02 9.973954e-01 1.832635e+01 4.956779e-02 9.985248e-01 -2.216210e-02 -1.545522e+00 -9.963380e-01 5.098267e-02 6.863888e-02 9.008319e+01
7.363600e-02 2.267010e-02 9.970275e-01 1.913523e+01 4.757710e-02 9.985234e-01 -2.621795e-02 -1.573313e+00 -9.961497e-01 4.936626e-02 7.244870e-02 9.012970e+01
7.489083e-02 2.779626e-02 9.968043e-01 1.994652e+01 4.178898e-02 9.986458e-01 -3.098726e-02 -1.610889e+00 -9.963157e-01 4.397610e-02 7.362784e-02 9.020689e+01
7.436360e-02 3.075176e-02 9.967569e-01 2.076117e+01 3.877826e-02 9.986793e-01 -3.370415e-02 -1.648319e+00 -9.964769e-01 4.115886e-02 7.307289e-02 9.029220e+01
7.435156e-02 3.079160e-02 9.967566e-01 2.157820e+01 3.778024e-02 9.987187e-01 -3.367037e-02 -1.669467e+00 -9.965162e-01 4.016115e-02 7.309297e-02 9.036419e+01
7.471966e-02 2.861700e-02 9.967939e-01 2.239433e+01 3.514473e-02 9.988916e-01 -3.131167e-02 -1.717983e+00 -9.965851e-01 3.737165e-02 7.363110e-02 9.041500e+01
7.438533e-02 2.774625e-02 9.968435e-01 2.321014e+01 3.600183e-02 9.988865e-01 -3.048960e-02 -1.749344e+00 -9.965795e-01 3.815617e-02 7.330358e-02 9.048525e+01
7.498566e-02 2.656214e-02 9.968308e-01 2.402451e+01 3.263375e-02 9.990444e-01 -2.907597e-02 -1.799579e+00 -9.966505e-01 3.471061e-02 7.404718e-02 9.053482e+01
7.533302e-02 2.657503e-02 9.968042e-01 2.483578e+01 2.995896e-02 9.991332e-01 -2.890126e-02 -1.850048e+00 -9.967083e-01 3.204044e-02 7.447156e-02 9.058072e+01
7.715095e-02 2.692799e-02 9.966557e-01 2.564645e+01 2.737578e-02 9.992011e-01 -2.911592e-02 -1.886191e+00 -9.966435e-01 2.953055e-02 7.635214e-02 9.062557e+01
7.676994e-02 2.901103e-02 9.966267e-01 2.645788e+01 2.555775e-02 9.991909e-01 -3.105438e-02 -1.903628e+00 -9.967212e-01 2.785558e-02 7.596637e-02 9.068170e+01
7.488253e-02 2.897029e-02 9.967715e-01 2.726770e+01 2.252977e-02 9.992736e-01 -3.073556e-02 -1.933029e+00 -9.969378e-01 2.475859e-02 7.417544e-02 9.073085e+01
7.111200e-02 2.790559e-02 9.970779e-01 2.807871e+01 2.015379e-02 9.993643e-01 -2.940696e-02 -1.962504e+00 -9.972647e-01 2.218609e-02 7.050439e-02 9.079082e+01
6.604997e-02 2.535487e-02 9.974941e-01 2.888886e+01 1.734794e-02 9.994968e-01 -2.655448e-02 -2.003750e+00 -9.976655e-01 1.905839e-02 6.557688e-02 9.084680e+01
5.933152e-02 2.334614e-02 9.979653e-01 2.969356e+01 1.454817e-02 9.996001e-01 -2.424931e-02 -2.035511e+00 -9.981323e-01 1.595732e-02 5.896815e-02 9.091220e+01
5.164932e-02 2.399600e-02 9.983770e-01 3.049415e+01 1.427100e-02 9.995915e-01 -2.476348e-02 -2.063550e+00 -9.985633e-01 1.552685e-02 5.128577e-02 9.096136e+01
4.287741e-02 2.525245e-02 9.987612e-01 3.129476e+01 1.493549e-02 9.995526e-01 -2.591365e-02 -2.089330e+00 -9.989687e-01 1.602810e-02 4.248107e-02 9.099885e+01
3.187826e-02 2.598717e-02 9.991539e-01 3.209078e+01 1.512056e-02 9.995350e-01 -2.647951e-02 -2.114975e+00 -9.993774e-01 1.595189e-02 3.147049e-02 9.105201e+01
2.131827e-02 2.521621e-02 9.994547e-01 3.288286e+01 1.698036e-02 9.995285e-01 -2.558026e-02 -2.144349e+00 -9.996285e-01 1.751643e-02 2.088004e-02 9.106911e+01
1.125213e-02 2.444116e-02 9.996379e-01 3.367487e+01 1.651621e-02 9.995603e-01 -2.462517e-02 -2.170411e+00 -9.998003e-01 1.678732e-02 1.084351e-02 9.106073e+01
2.327666e-04 2.335836e-02 9.997271e-01 3.446145e+01 1.734357e-02 9.995767e-01 -2.335888e-02 -2.204925e+00 -9.998496e-01 1.734427e-02 -1.724491e-04 9.105110e+01
-1.142248e-02 2.370344e-02 9.996538e-01 3.524124e+01 1.694445e-02 9.995800e-01 -2.350808e-02 -2.233687e+00 -9.997912e-01 1.667006e-02 -1.181933e-02 9.105772e+01
-2.276369e-02 2.414790e-02 9.994492e-01 3.601677e+01 1.659354e-02 9.995797e-01 -2.377312e-02 -2.269457e+00 -9.996032e-01 1.604323e-02 -2.315482e-02 9.104282e+01
-3.284269e-02 2.538267e-02 9.991382e-01 3.678468e+01 1.661751e-02 9.995531e-01 -2.484698e-02 -2.298021e+00 -9.993224e-01 1.578715e-02 -3.324981e-02 9.099797e+01
-4.311977e-02 2.603566e-02 9.987306e-01 3.754508e+01 1.757109e-02 9.995255e-01 -2.529776e-02 -2.330280e+00 -9.989154e-01 1.645795e-02 -4.355679e-02 9.096240e+01
-5.339225e-02 2.699925e-02 9.982085e-01 3.829948e+01 1.861845e-02 9.994876e-01 -2.603798e-02 -2.352481e+00 -9.984000e-01 1.719487e-02 -5.386758e-02 9.094396e+01
-6.241396e-02 2.777275e-02 9.976639e-01 3.904383e+01 1.888920e-02 9.994666e-01 -2.664123e-02 -2.386268e+00 -9.978716e-01 1.718229e-02 -6.290528e-02 9.088461e+01
-7.223585e-02 2.839950e-02 9.969832e-01 3.978266e+01 1.969410e-02 9.994403e-01 -2.704257e-02 -2.410264e+00 -9.971931e-01 1.768124e-02 -7.275472e-02 9.084043e+01
-8.160980e-02 2.844909e-02 9.962582e-01 4.051416e+01 2.136090e-02 9.994128e-01 -2.678937e-02 -2.429196e+00 -9.964354e-01 1.909469e-02 -8.216958e-02 9.079883e+01
-8.816622e-02 2.706057e-02 9.957381e-01 4.122948e+01 2.269792e-02 9.994260e-01 -2.515104e-02 -2.464421e+00 -9.958471e-01 2.038371e-02 -8.872983e-02 9.069235e+01
-9.400689e-02 2.541782e-02 9.952470e-01 4.194479e+01 2.574500e-02 9.994018e-01 -2.309216e-02 -2.495278e+00 -9.952386e-01 2.345181e-02 -9.460503e-02 9.063559e+01
-9.811982e-02 2.424394e-02 9.948793e-01 4.264792e+01 2.919160e-02 9.993431e-01 -2.147371e-02 -2.512312e+00 -9.947464e-01 2.693512e-02 -9.876309e-02 9.057170e+01
-1.012781e-01 2.364865e-02 9.945770e-01 4.333571e+01 3.163192e-02 9.992885e-01 -2.053959e-02 -2.530545e+00 -9.943551e-01 2.938017e-02 -1.019541e-01 9.050719e+01
-1.028738e-01 2.245637e-02 9.944409e-01 4.400725e+01 3.103706e-02 9.993308e-01 -1.935605e-02 -2.562300e+00 -9.942101e-01 2.887329e-02 -1.035019e-01 9.042103e+01
-1.040066e-01 2.278271e-02 9.943156e-01 4.466466e+01 3.217608e-02 9.992914e-01 -1.953106e-02 -2.583408e+00 -9.940560e-01 2.996182e-02 -1.046659e-01 9.036852e+01
-1.029813e-01 2.462664e-02 9.943784e-01 4.530466e+01 3.441449e-02 9.991832e-01 -2.118155e-02 -2.586624e+00 -9.940878e-01 3.203972e-02 -1.037447e-01 9.030258e+01
-9.957357e-02 2.630204e-02 9.946825e-01 4.592320e+01 3.591164e-02 9.990943e-01 -2.282373e-02 -2.603261e+00 -9.943819e-01 3.344804e-02 -1.004279e-01 9.021928e+01
-9.380712e-02 2.699902e-02 9.952242e-01 4.652194e+01 3.621226e-02 9.990633e-01 -2.368990e-02 -2.622801e+00 -9.949316e-01 3.381703e-02 -9.469694e-02 9.013481e+01
-8.685036e-02 2.870611e-02 9.958077e-01 4.710657e+01 3.673293e-02 9.989973e-01 -2.559436e-02 -2.635694e+00 -9.955439e-01 3.435606e-02 -8.781773e-02 9.011657e+01
-7.543471e-02 2.877126e-02 9.967356e-01 4.766932e+01 3.637594e-02 9.989977e-01 -2.608356e-02 -2.662734e+00 -9.964870e-01 3.428959e-02 -7.640568e-02 9.008251e+01
-6.286169e-02 2.846564e-02 9.976162e-01 4.821195e+01 3.394724e-02 9.990757e-01 -2.636820e-02 -2.697777e+00 -9.974447e-01 3.220876e-02 -6.376992e-02 9.007700e+01
-4.667192e-02 2.967542e-02 9.984694e-01 4.874709e+01 3.261379e-02 9.990710e-01 -2.816882e-02 -2.722594e+00 -9.983777e-01 3.124918e-02 -4.759639e-02 9.008550e+01
-2.461459e-02 3.157808e-02 9.991982e-01 4.927421e+01 3.134923e-02 9.990338e-01 -3.080062e-02 -2.755164e+00 -9.992054e-01 3.056595e-02 -2.558076e-02 9.008149e+01
1.432914e-04 3.450171e-02 9.994046e-01 4.979738e+01 2.937105e-02 9.989733e-01 -3.449103e-02 -2.782638e+00 -9.995686e-01 2.935850e-02 -8.702071e-04 9.008763e+01
2.856629e-02 3.637573e-02 9.989298e-01 5.032150e+01 2.752712e-02 9.989300e-01 -3.716292e-02 -2.805095e+00 -9.992128e-01 2.855926e-02 2.753441e-02 9.011241e+01
6.182033e-02 3.626384e-02 9.974283e-01 5.084053e+01 2.575841e-02 9.989489e-01 -3.791562e-02 -2.829108e+00 -9.977549e-01 2.803613e-02 6.082125e-02 9.016352e+01
9.952064e-02 3.482266e-02 9.944260e-01 5.134835e+01 2.557228e-02 9.989678e-01 -3.754094e-02 -2.839886e+00 -9.947068e-01 2.916584e-02 9.852743e-02 9.024274e+01
1.399577e-01 3.217806e-02 9.896345e-01 5.184875e+01 2.374530e-02 9.990753e-01 -3.584318e-02 -2.848780e+00 -9.898727e-01 2.851569e-02 1.390642e-01 9.036049e+01
1.832200e-01 2.698730e-02 9.827014e-01 5.234482e+01 1.974537e-02 9.993204e-01 -3.112513e-02 -2.884712e+00 -9.828736e-01 2.510655e-02 1.825626e-01 9.049975e+01
2.325474e-01 2.382982e-02 9.722931e-01 5.282483e+01 1.484694e-02 9.994963e-01 -2.804755e-02 -2.906797e+00 -9.724717e-01 2.095796e-02 2.320765e-01 9.062809e+01
2.837463e-01 2.333961e-02 9.586153e-01 5.329182e+01 1.059575e-02 9.995664e-01 -2.747295e-02 -2.916950e+00 -9.588408e-01 1.795260e-02 2.833760e-01 9.080427e+01
3.391913e-01 2.268335e-02 9.404439e-01 5.374966e+01 8.207315e-03 9.995998e-01 -2.707033e-02 -2.947397e+00 -9.406816e-01 1.690054e-02 3.388694e-01 9.098743e+01
3.965957e-01 2.336364e-02 9.176960e-01 5.416373e+01 9.357173e-03 9.995213e-01 -2.949067e-02 -2.968859e+00 -9.179457e-01 2.028291e-02 3.961872e-01 9.119980e+01
4.569174e-01 2.749502e-02 8.890841e-01 5.457859e+01 9.094039e-03 9.993255e-01 -3.557785e-02 -2.984960e+00 -8.894626e-01 2.434151e-02 4.563592e-01 9.144091e+01
5.148803e-01 3.069457e-02 8.567124e-01 5.494109e+01 9.163734e-03 9.991046e-01 -4.130361e-02 -3.005259e+00 -8.572131e-01 2.911710e-02 5.141380e-01 9.171650e+01
5.721960e-01 3.420986e-02 8.194031e-01 5.530476e+01 4.815711e-03 9.989722e-01 -4.506968e-02 -3.029721e+00 -8.201028e-01 2.973470e-02 5.714432e-01 9.202494e+01
6.256879e-01 3.705620e-02 7.791928e-01 5.562635e+01 -1.947653e-04 9.988785e-01 -4.734743e-02 -3.048137e+00 -7.800735e-01 2.947296e-02 6.249934e-01 9.237564e+01
6.779716e-01 3.828203e-02 7.340906e-01 5.592766e+01 -2.960886e-03 9.987771e-01 -4.935060e-02 -3.070392e+00 -7.350822e-01 3.128475e-02 6.772558e-01 9.271236e+01
7.264074e-01 3.681738e-02 6.862774e-01 5.622580e+01 -4.427368e-03 9.987940e-01 -4.889700e-02 -3.089187e+00 -6.872500e-01 3.248074e-02 7.256944e-01 9.308483e+01
7.709970e-01 3.318034e-02 6.359738e-01 5.649214e+01 -7.291136e-03 9.990362e-01 -4.328310e-02 -3.121747e+00 -6.367970e-01 2.873417e-02 7.704959e-01 9.348038e+01
8.119574e-01 2.807001e-02 5.830414e-01 5.672304e+01 -8.602613e-03 9.993100e-01 -3.613069e-02 -3.144225e+00 -5.836533e-01 2.432091e-02 8.116387e-01 9.387425e+01
8.488057e-01 2.512456e-02 5.281077e-01 5.695794e+01 -1.090648e-02 9.994898e-01 -3.002088e-02 -3.147747e+00 -5.285925e-01 1.972210e-02 8.486466e-01 9.429424e+01
8.796752e-01 2.276739e-02 4.750296e-01 5.714654e+01 -1.346196e-02 9.996452e-01 -2.298206e-02 -3.160177e+00 -4.753843e-01 1.382192e-02 8.796697e-01 9.473793e+01
9.050918e-01 2.333400e-02 4.245755e-01 5.731383e+01 -1.766470e-02 9.996946e-01 -1.728478e-02 -3.173538e+00 -4.248491e-01 8.144308e-03 9.052275e-01 9.517701e+01
9.250497e-01 2.634795e-02 3.789311e-01 5.746300e+01 -2.284640e-02 9.996446e-01 -1.373477e-02 -3.188861e+00 -3.791584e-01 4.048136e-03 9.253229e-01 9.564440e+01
9.400021e-01 3.147711e-02 3.397136e-01 5.758909e+01 -2.958387e-02 9.995045e-01 -1.075202e-02 -3.203475e+00 -3.398837e-01 5.687705e-05 9.404675e-01 9.610663e+01
9.517812e-01 3.525943e-02 3.047445e-01 5.771279e+01 -3.339005e-02 9.993780e-01 -1.134548e-02 -3.208266e+00 -3.049550e-01 6.229754e-04 9.523666e-01 9.658243e+01
9.612153e-01 3.658675e-02 2.733615e-01 5.783944e+01 -3.503239e-02 9.993303e-01 -1.056687e-02 -3.221379e+00 -2.735650e-01 5.805336e-04 9.618533e-01 9.705813e+01
9.670571e-01 3.236547e-02 2.524935e-01 5.793350e+01 -3.088665e-02 9.994747e-01 -9.819301e-03 -3.237226e+00 -2.526787e-01 1.697146e-03 9.675488e-01 9.754495e+01
9.710463e-01 2.921352e-02 2.370983e-01 5.804577e+01 -2.796296e-02 9.995717e-01 -8.636403e-03 -3.252812e+00 -2.372491e-01 1.756377e-03 9.714473e-01 9.803945e+01
9.736790e-01 3.413618e-02 2.253527e-01 5.811471e+01 -3.292826e-02 9.994161e-01 -9.117665e-03 -3.257009e+00 -2.255323e-01 1.457208e-03 9.742346e-01 9.855305e+01
9.754174e-01 3.976159e-02 2.167483e-01 5.819442e+01 -3.893775e-02 9.992090e-01 -8.071914e-03 -3.274247e+00 -2.168978e-01 -5.662050e-04 9.761942e-01 9.907236e+01
9.763858e-01 4.781340e-02 2.106764e-01 5.829197e+01 -4.690344e-02 9.988560e-01 -9.316894e-03 -3.278455e+00 -2.108809e-01 -7.845664e-04 9.775114e-01 9.959945e+01
9.767405e-01 5.294901e-02 2.077845e-01 5.838808e+01 -5.130454e-02 9.985945e-01 -1.329923e-02 -3.279420e+00 -2.081966e-01 2.329606e-03 9.780842e-01 1.001368e+02
9.768662e-01 5.446132e-02 2.068005e-01 5.851101e+01 -5.235097e-02 9.985058e-01 -1.566753e-02 -3.298278e+00 -2.073448e-01 4.478879e-03 9.782577e-01 1.006792e+02
9.764577e-01 5.311745e-02 2.090667e-01 5.862333e+01 -5.013455e-02 9.985512e-01 -1.954508e-02 -3.308753e+00 -2.098020e-01 8.603482e-03 9.777061e-01 1.012324e+02
9.757203e-01 5.193421e-02 2.127740e-01 5.876056e+01 -4.747978e-02 9.985339e-01 -2.599510e-02 -3.321875e+00 -2.138121e-01 1.526148e-02 9.767556e-01 1.017923e+02
9.748101e-01 5.188985e-02 2.169165e-01 5.888958e+01 -4.619308e-02 9.984435e-01 -3.125441e-02 -3.324778e+00 -2.182006e-01 2.044708e-02 9.756897e-01 1.023759e+02
9.735442e-01 5.698109e-02 2.212801e-01 5.900360e+01 -5.130650e-02 9.981919e-01 -3.131288e-02 -3.339945e+00 -2.226642e-01 1.913136e-02 9.747075e-01 1.029738e+02
9.720814e-01 5.988579e-02 2.268732e-01 5.914287e+01 -5.507580e-02 9.981040e-01 -2.747828e-02 -3.362526e+00 -2.280886e-01 1.421590e-02 9.735366e-01 1.035810e+02
9.711542e-01 5.724623e-02 2.314787e-01 5.930860e+01 -5.339491e-02 9.983115e-01 -2.287411e-02 -3.389934e+00 -2.323973e-01 9.854498e-03 9.725710e-01 1.041919e+02
9.703004e-01 5.298766e-02 2.360285e-01 5.945226e+01 -5.029492e-02 9.985825e-01 -1.741893e-02 -3.403085e+00 -2.366169e-01 5.030562e-03 9.715900e-01 1.048223e+02
9.695181e-01 5.023051e-02 2.398155e-01 5.960562e+01 -4.853931e-02 9.987372e-01 -1.295722e-02 -3.420130e+00 -2.401635e-01 9.217829e-04 9.707320e-01 1.054566e+02
9.690165e-01 4.564717e-02 2.427415e-01 5.977323e+01 -4.401644e-02 9.989570e-01 -1.214012e-02 -3.438769e+00 -2.430425e-01 1.079360e-03 9.700150e-01 1.060966e+02
9.689222e-01 4.360496e-02 2.434920e-01 5.993345e+01 -4.102094e-02 9.990353e-01 -1.567522e-02 -3.443355e+00 -2.439407e-01 5.199795e-03 9.697762e-01 1.067431e+02
9.693535e-01 4.319995e-02 2.418419e-01 6.011703e+01 -3.892863e-02 9.989906e-01 -2.241437e-02 -3.464382e+00 -2.425661e-01 1.231287e-02 9.700567e-01 1.073962e+02
9.696064e-01 4.526366e-02 2.404469e-01 6.028669e+01 -3.947727e-02 9.988045e-01 -2.883024e-02 -3.487174e+00 -2.414644e-01 1.846179e-02 9.702341e-01 1.080677e+02
9.699881e-01 4.795254e-02 2.383769e-01 6.042783e+01 -4.133056e-02 9.986102e-01 -3.270344e-02 -3.508598e+00 -2.396138e-01 2.186969e-02 9.706219e-01 1.087669e+02
9.706120e-01 4.610782e-02 2.361916e-01 6.058335e+01 -4.058063e-02 9.987779e-01 -2.821195e-02 -3.533332e+00 -2.372037e-01 1.779806e-02 9.712969e-01 1.094795e+02
9.712943e-01 4.108409e-02 2.343065e-01 6.078500e+01 -3.728777e-02 9.990920e-01 -2.061140e-02 -3.552960e+00 -2.349406e-01 1.128297e-02 9.719443e-01 1.101908e+02
9.718611e-01 4.122355e-02 2.319192e-01 6.094954e+01 -3.885083e-02 9.991355e-01 -1.479094e-02 -3.579602e+00 -2.323285e-01 5.364481e-03 9.726226e-01 1.109152e+02
9.720743e-01 4.444495e-02 2.304261e-01 6.110117e+01 -4.198244e-02 9.989968e-01 -1.558123e-02 -3.601881e+00 -2.308875e-01 5.472257e-03 9.729651e-01 1.116484e+02
9.721472e-01 5.036948e-02 2.288945e-01 6.125096e+01 -4.698284e-02 9.986909e-01 -2.022462e-02 -3.625162e+00 -2.296136e-01 8.907194e-03 9.732411e-01 1.123944e+02
9.729859e-01 5.185883e-02 2.249647e-01 6.142412e+01 -4.729761e-02 9.985522e-01 -2.562111e-02 -3.642804e+00 -2.259677e-01 1.428869e-02 9.740300e-01 1.131483e+02
9.740384e-01 5.027059e-02 2.207305e-01 6.159144e+01 -4.513946e-02 9.985817e-01 -2.823226e-02 -3.661663e+00 -2.218367e-01 1.753565e-02 9.749261e-01 1.139196e+02
9.749762e-01 4.851857e-02 2.169502e-01 6.177182e+01 -4.374945e-02 9.986848e-01 -2.673464e-02 -3.681031e+00 -2.179620e-01 1.657419e-02 9.758165e-01 1.146967e+02
9.758623e-01 4.467929e-02 2.137676e-01 6.194062e+01 -4.043175e-02 9.988891e-01 -2.420309e-02 -3.719278e+00 -2.146115e-01 1.497589e-02 9.765847e-01 1.154899e+02
9.761825e-01 4.393785e-02 2.124550e-01 6.210325e+01 -4.020748e-02 9.989524e-01 -2.184926e-02 -3.739619e+00 -2.131925e-01 1.278658e-02 9.769265e-01 1.163042e+02
9.766974e-01 4.041081e-02 2.107824e-01 6.230041e+01 -3.712635e-02 9.991200e-01 -1.951796e-02 -3.763476e+00 -2.113857e-01 1.123756e-02 9.773381e-01 1.171113e+02
