1.000000e+00 0.000000e+00 0.000000e+00 0.000000e+00 0.000000e+00 1.000000e+00 0.000000e+00 0.000000e+00 0.000000e+00 0.000000e+00 1.000000e+00 0.000000e+00
9.999884e-01 -3.200603e-03 -3.612574e-03 -2.521591e-03 3.194031e-03 9.999932e-01 -1.823343e-03 -3.724122e-03 3.618385e-03 1.811783e-03 9.999918e-01 8.593155e-01
9.999723e-01 -2.306724e-03 -7.072592e-03 -1.852403e-02 2.279509e-03 9.999900e-01 -3.853671e-03 9.439077e-04 7.081410e-03 3.837442e-03 9.999676e-01 1.719592e+00
9.999291e-01 -3.001146e-03 -1.152356e-02 -1.886652e-02 2.947143e-03 9.999846e-01 -4.700447e-03 -7.416860e-03 1.153749e-02 4.666152e-03 9.999226e-01 2.578981e+00
9.998835e-01 -1.010665e-03 -1.523299e-02 -6.703045e-02 9.229503e-04 9.999830e-01 -5.764106e-03 -1.602946e-02 1.523856e-02 5.749375e-03 9.998674e-01 3.438024e+00
9.998253e-01 -2.111445e-03 -1.857385e-02 -9.284754e-02 2.003956e-03 9.999811e-01 -5.803873e-03 -3.180488e-02 1.858576e-02 5.765638e-03 9.998106e-01 4.296890e+00
9.997328e-01 -1.022286e-03 -2.309157e-02 -1.117290e-01 8.634329e-04 9.999759e-01 -6.888212e-03 -3.788781e-02 2.309805e-02 6.866434e-03 9.997096e-01 5.157199e+00
9.996254e-01 6.728377e-04 -2.736018e-02 -1.475960e-01 -8.658459e-04 9.999748e-01 -7.043110e-03 -5.011395e-02 2.735475e-02 7.064161e-03 9.996008e-01 6.015809e+00
9.994853e-01 5.328293e-04 -3.207489e-02 -1.621984e-01 -7.048971e-04 9.999854e-01 -5.353496e-03 -5.705827e-02 3.207157e-02 5.373350e-03 9.994711e-01 6.875964e+00
9.993350e-01 -1.825661e-04 -3.646157e-02 -1.980748e-01 4.436987e-05 9.999928e-01 -3.790963e-03 -4.869528e-02 3.646200e-02 3.786824e-03 9.993279e-01 7.735773e+00
9.992218e-01 -5.106615e-04 -3.943912e-02 -2.424943e-01 4.490977e-04 9.999987e-01 -1.569827e-03 -4.920476e-02 3.943987e-02 1.550893e-03 9.992207e-01 8.593757e+00
9.990873e-01 6.192989e-04 -4.271158e-02 -2.738294e-01 -7.476387e-04 9.999953e-01 -2.988894e-03 -4.896415e-02 4.270953e-02 3.018099e-03 9.990830e-01 9.453619e+00
9.989802e-01 5.228990e-04 -4.514839e-02 -3.031304e-01 -6.839048e-04 9.999935e-01 -3.550775e-03 -5.062825e-02 4.514624e-02 3.578031e-03 9.989740e-01 1.031348e+01
9.988803e-01 -2.737587e-03 -4.722991e-02 -3.464681e-01 2.541668e-03 9.999879e-01 -4.207769e-03 -5.579639e-02 4.724086e-02 4.083015e-03 9.988752e-01 1.117196e+01
9.987317e-01 -3.686130e-03 -5.021265e-02 -3.830270e-01 3.488303e-03 9.999858e-01 -4.026853e-03 -5.428735e-02 5.022678e-02 3.846589e-03 9.987304e-01 1.202705e+01
9.986257e-01 -5.166007e-03 -5.215337e-02 -4.236340e-01 4.944587e-03 9.999782e-01 -4.373690e-03 -6.269783e-02 5.217483e-02 4.109803e-03 9.986295e-01 1.288972e+01
9.985409e-01 -3.510362e-03 -5.388650e-02 -4.783251e-01 3.163356e-03 9.999737e-01 -6.523515e-03 -8.168631e-02 5.390799e-02 6.343534e-03 9.985258e-01 1.375852e+01
9.984385e-01 -3.054592e-03 -5.577851e-02 -5.113811e-01 2.536438e-03 9.999530e-01 -9.357933e-03 -8.655021e-02 5.580448e-02 9.201842e-03 9.983993e-01 1.463950e+01
9.983895e-01 1.355078e-03 -5.671532e-02 -5.946466e-01 -1.970676e-03 9.999397e-01 -1.079965e-02 -1.068676e-01 5.669726e-02 1.089403e-02 9.983320e-01 1.552729e+01
9.983847e-01 2.137550e-03 -5.677461e-02 -6.773300e-01 -2.739903e-03 9.999408e-01 -1.053383e-02 -1.153104e-01 5.674873e-02 1.067237e-02 9.983314e-01 1.642517e+01
9.982469e-01 1.339036e-03 -5.917187e-02 -7.041179e-01 -1.857627e-03 9.999603e-01 -8.710005e-03 -1.427992e-01 5.915786e-02 8.804655e-03 9.982098e-01 1.733053e+01
9.981852e-01 1.958239e-03 -6.018723e-02 -7.769113e-01 -2.407707e-03 9.999697e-01 -7.396212e-03 -1.562122e-01 6.017093e-02 7.527702e-03 9.981597e-01 1.824057e+01
9.981174e-01 1.499756e-03 -6.131426e-02 -8.270355e-01 -1.942383e-03 9.999725e-01 -7.160017e-03 -1.820082e-01 6.130184e-02 7.265634e-03 9.980928e-01 1.915393e+01
9.980182e-01 1.152087e-03 -6.291475e-02 -8.892563e-01 -1.645297e-03 9.999683e-01 -7.788085e-03 -2.009964e-01 6.290378e-02 7.876165e-03 9.979885e-01 2.007013e+01
9.979240e-01 -1.224787e-03 -6.439161e-02 -9.402636e-01 7.159113e-04 9.999683e-01 -7.925313e-03 -2.165844e-01 6.439927e-02 7.862761e-03 9.978932e-01 2.099729e+01
9.978226e-01 -6.830192e-04 -6.595076e-02 -9.784609e-01 2.809919e-04 9.999813e-01 -6.104953e-03 -2.341870e-01 6.595370e-02 6.073129e-03 9.978042e-01 2.193249e+01
9.978652e-01 6.517390e-04 -6.530372e-02 -1.041769e+00 -8.630948e-04 9.999945e-01 -3.208344e-03 -2.447306e-01 6.530127e-02 3.257858e-03 9.978603e-01 2.286763e+01
9.979290e-01 2.219972e-03 -6.428632e-02 -1.105774e+00 -2.169342e-03 9.999973e-01 8.573707e-04 -2.724666e-01 6.428805e-02 -7.161361e-04 9.979311e-01 2.380906e+01
9.980735e-01 1.331746e-03 -6.202823e-02 -1.186873e+00 -1.109964e-03 9.999929e-01 3.609816e-03 -2.764425e-01 6.203260e-02 -3.534013e-03 9.980679e-01 2.475245e+01
9.981912e-01 2.407337e-03 -6.007037e-02 -1.242743e+00 -2.143736e-03 9.999878e-01 4.452266e-03 -2.907739e-01 6.008035e-02 -4.315438e-03 9.981842e-01 2.570012e+01
9.982575e-01 2.842616e-03 -5.894036e-02 -1.302702e+00 -2.737583e-03 9.999945e-01 1.862687e-03 -2.992441e-01 5.894533e-02 -1.698087e-03 9.982598e-01 2.665150e+01
9.982867e-01 6.192596e-03 -5.818313e-02 -1.344685e+00 -6.390351e-03 9.999744e-01 -3.213378e-03 -3.219616e-01 5.816175e-02 3.579683e-03 9.983008e-01 2.761035e+01
9.983660e-01 5.403364e-03 -5.688778e-02 -1.409593e+00 -5.766617e-03 9.999640e-01 -6.223202e-03 -3.250705e-01 5.685211e-02 6.541083e-03 9.983612e-01 2.857804e+01
9.984333e-01 3.400092e-03 -5.585187e-02 -1.472957e+00 -3.702450e-03 9.999790e-01 -5.310989e-03 -3.293513e-01 5.583264e-02 5.509457e-03 9.984249e-01 2.955300e+01
9.983998e-01 2.267601e-03 -5.650463e-02 -1.522030e+00 -2.314383e-03 9.999970e-01 -7.624972e-04 -3.417796e-01 5.650273e-02 8.920504e-04 9.984020e-01 3.053253e+01
9.983501e-01 -2.050879e-03 -5.738359e-02 -1.562581e+00 2.234486e-03 9.999926e-01 3.135655e-03 -3.617514e-01 5.737673e-02 -3.258705e-03 9.983473e-01 3.151210e+01
9.982467e-01 -8.791925e-03 -5.853315e-02 -1.612750e+00 8.929992e-03 9.999579e-01 2.097621e-03 -3.710832e-01 5.851224e-02 -2.616644e-03 9.982833e-01 3.249134e+01
9.981548e-01 -1.077306e-02 -5.975721e-02 -1.676422e+00 1.063840e-02 9.999401e-01 -2.571167e-03 -3.751888e-01 5.978133e-02 1.930702e-03 9.982096e-01 3.347511e+01
9.980395e-01 -1.318838e-02 -6.118138e-02 -1.756178e+00 1.281823e-02 9.998971e-01 -6.438672e-03 -3.653336e-01 6.126000e-02 5.641812e-03 9.981059e-01 3.448527e+01
9.979087e-01 -1.168485e-02 -6.357491e-02 -1.822967e+00 1.121146e-02 9.999067e-01 -7.797859e-03 -3.723610e-01 6.366010e-02 7.068784e-03 9.979466e-01 3.554359e+01
9.978672e-01 -1.103650e-02 -6.433735e-02 -1.892235e+00 1.069041e-02 9.999265e-01 -5.720955e-03 -4.061866e-01 6.439576e-02 5.020961e-03 9.979118e-01 3.658537e+01
9.977978e-01 -8.139325e-03 -6.582779e-02 -1.949502e+00 7.972071e-03 9.999643e-01 -2.803056e-03 -4.283223e-01 6.584826e-02 2.272099e-03 9.978271e-01 3.763011e+01
9.977289e-01 -8.558600e-03 -6.681176e-02 -2.036642e+00 8.500235e-03 9.999632e-01 -1.157804e-03 -4.453971e-01 6.681921e-02 5.872593e-04 9.977649e-01 3.866136e+01
9.976576e-01 -7.288195e-03 -6.801600e-02 -2.109803e+00 7.384153e-03 9.999721e-01 1.159495e-03 -4.519132e-01 6.800565e-02 -1.659020e-03 9.976836e-01 3.969664e+01
9.977080e-01 -7.464917e-03 -6.725366e-02 -2.201174e+00 7.795816e-03 9.999588e-01 4.659066e-03 -4.657063e-01 6.721610e-02 -5.172684e-03 9.977250e-01 4.071824e+01
9.976276e-01 -2.060464e-03 -6.881149e-02 -2.270732e+00 2.520992e-03 9.999750e-01 6.606434e-03 -4.721385e-01 6.879616e-02 -6.764234e-03 9.976078e-01 4.174072e+01
9.976363e-01 -1.584415e-03 -6.869715e-02 -2.350382e+00 1.993914e-03 9.999806e-01 5.892769e-03 -4.722210e-01 6.868648e-02 -6.015816e-03 9.976202e-01 4.275010e+01
9.976783e-01 -1.676963e-03 -6.808287e-02 -2.424095e+00 1.984380e-03 9.999881e-01 4.447960e-03 -4.724669e-01 6.807461e-02 -4.572736e-03 9.976698e-01 4.375532e+01
9.976540e-01 4.460787e-04 -6.845598e-02 -2.494129e+00 -3.032883e-04 9.999978e-01 2.096251e-03 -4.821056e-01 6.845676e-02 -2.070571e-03 9.976519e-01 4.475648e+01
9.975568e-01 -2.317602e-04 -6.985969e-02 -2.553988e+00 3.559480e-04 9.999984e-01 1.765232e-03 -4.851692e-01 6.985917e-02 -1.785786e-03 9.975553e-01 4.575638e+01
9.974836e-01 -2.946257e-03 -7.083661e-02 -2.635828e+00 3.172244e-03 9.999902e-01 3.077961e-03 -4.977227e-01 7.082685e-02 -3.294927e-03 9.974832e-01 4.675057e+01
9.974625e-01 -1.572343e-03 -7.117654e-02 -2.712249e+00 1.875853e-03 9.999894e-01 4.197542e-03 -5.128164e-01 7.116919e-02 -4.320408e-03 9.974549e-01 4.773653e+01
9.973866e-01 1.239370e-03 -7.223912e-02 -2.769953e+00 -1.177316e-03 9.999989e-01 9.015780e-04 -5.353290e-01 7.224016e-02 -8.141735e-04 9.973869e-01 4.871511e+01
9.972719e-01 1.745674e-03 -7.379501e-02 -2.835932e+00 -1.986575e-03 9.999929e-01 -3.191193e-03 -5.441396e-01 7.378891e-02 3.329087e-03 9.972683e-01 4.969735e+01
9.972167e-01 3.068717e-03 -7.449411e-02 -2.899462e+00 -3.417820e-03 9.999838e-01 -4.559286e-03 -5.618839e-01 7.447891e-02 4.801204e-03 9.972110e-01 5.067870e+01
9.972635e-01 1.540063e-03 -7.391275e-02 -2.999238e+00 -1.631599e-03 9.999980e-01 -1.178072e-03 -5.738944e-01 7.391078e-02 1.295444e-03 9.972640e-01 5.165267e+01
9.972715e-01 -9.800712e-04 -7.381523e-02 -3.089009e+00 1.122033e-03 9.999976e-01 1.881761e-03 -5.813994e-01 7.381321e-02 -1.959450e-03 9.972702e-01 5.262109e+01
9.972848e-01 -2.378054e-03 -7.360333e-02 -3.173546e+00 2.547576e-03 9.999943e-01 2.209376e-03 -5.943346e-01 7.359765e-02 -2.390888e-03 9.972851e-01 5.358272e+01
9.973577e-01 -6.058059e-03 -7.239410e-02 -3.255048e+00 6.146097e-03 9.999806e-01 9.933887e-04 -6.017183e-01 7.238668e-02 -1.435705e-03 9.973756e-01 5.454510e+01
9.972391e-01 -1.071267e-02 -7.348029e-02 -3.319127e+00 1.069584e-02 9.999426e-01 -6.224775e-04 -5.956148e-01 7.348274e-02 -1.651748e-04 9.972965e-01 5.550395e+01
9.971886e-01 -1.164421e-02 -7.402224e-02 -3.390379e+00 1.169884e-02 9.999315e-01 3.045275e-04 -6.070295e-01 7.401362e-02 -1.169646e-03 9.972565e-01 5.646558e+01
9.969234e-01 -1.501312e-02 -7.693031e-02 -3.437788e+00 1.538967e-02 9.998723e-01 4.304102e-03 -6.171164e-01 7.685587e-02 -5.474792e-03 9.970272e-01 5.742839e+01
9.968036e-01 -1.560824e-02 -7.835145e-02 -3.483861e+00 1.638795e-02 9.998223e-01 9.318347e-03 -6.284834e-01 7.819208e-02 -1.057258e-02 9.968822e-01 5.838155e+01
9.968572e-01 -1.319714e-02 -7.811272e-02 -3.572073e+00 1.412554e-02 9.998359e-01 1.134470e-02 -6.403518e-01 7.795018e-02 -1.241243e-02 9.968800e-01 5.932098e+01
9.967350e-01 -1.193293e-02 -7.985552e-02 -3.652804e+00 1.260236e-02 9.998895e-01 7.884312e-03 -6.578613e-01 7.975262e-02 -8.864938e-03 9.967753e-01 6.024462e+01
9.967118e-01 -9.164997e-03 -8.050832e-02 -3.724667e+00 9.178547e-03 9.999579e-01 -2.017844e-04 -6.737576e-01 8.050678e-02 -5.378285e-04 9.967539e-01 6.115923e+01
9.965730e-01 -8.268942e-03 -8.230400e-02 -3.775971e+00 7.861679e-03 9.999552e-01 -5.271117e-03 -6.820866e-01 8.234390e-02 4.606005e-03 9.965933e-01 6.207156e+01
9.965384e-01 -2.235498e-03 -8.310349e-02 -3.846637e+00 1.881953e-03 9.999888e-01 -4.332353e-03 -7.044689e-01 8.311225e-02 4.160959e-03 9.965315e-01 6.297012e+01
9.964092e-01 4.235913e-04 -8.466668e-02 -3.923040e+00 -6.396696e-04 9.999966e-01 -2.524993e-03 -7.163735e-01 8.466533e-02 2.570085e-03 9.964061e-01 6.385270e+01
9.962673e-01 1.572130e-03 -8.630716e-02 -3.991712e+00 -1.627503e-03 9.999985e-01 -5.712301e-04 -7.324578e-01 8.630613e-02 7.095630e-04 9.962684e-01 6.472164e+01
9.962203e-01 2.677744e-03 -8.682175e-02 -4.080703e+00 -2.776969e-03 9.999956e-01 -1.022104e-03 -7.427780e-01 8.681863e-02 1.259342e-03 9.962233e-01 6.557504e+01
9.960692e-01 4.070233e-03 -8.848516e-02 -4.163082e+00 -4.099745e-03 9.999916e-01 -1.517916e-04 -7.612630e-01 8.848380e-02 5.139615e-04 9.960775e-01 6.641697e+01
9.959472e-01 4.835471e-03 -8.980927e-02 -4.249494e+00 -4.832547e-03 9.999883e-01 2.499974e-04 -7.659245e-01 8.980943e-02 1.850233e-04 9.959590e-01 6.724423e+01
9.958746e-01 4.380299e-03 -9.063406e-02 -4.336213e+00 -4.354227e-03 9.999904e-01 4.853925e-04 -7.767825e-01 9.063532e-02 -8.874887e-05 9.958841e-01 6.805917e+01
9.957599e-01 4.821876e-03 -9.186403e-02 -4.407976e+00 -4.738805e-03 9.999881e-01 1.122385e-03 -7.886126e-01 9.186835e-02 -6.823005e-04 9.957709e-01 6.886344e+01
9.956166e-01 6.883837e-03 -9.327457e-02 -4.483511e+00 -6.597456e-03 9.999725e-01 3.378311e-03 -7.938958e-01 9.329527e-02 -2.748128e-03 9.956347e-01 6.965687e+01
9.955499e-01 8.312102e-03 -9.386878e-02 -4.590019e+00 -7.712610e-03 9.999475e-01 6.747477e-03 -7.890308e-01 9.391994e-02 -5.993477e-03 9.955617e-01 7.042895e+01
9.953761e-01 1.216003e-02 -9.528132e-02 -4.672643e+00 -1.140802e-02 9.998994e-01 8.433356e-03 -7.920238e-01 9.537428e-02 -7.307391e-03 9.954147e-01 7.118106e+01
9.952425e-01 1.478311e-02 -9.630088e-02 -4.765009e+00 -1.450701e-02 9.998884e-01 3.566521e-03 -7.845899e-01 9.634286e-02 -2.152515e-03 9.953459e-01 7.190918e+01
9.951220e-01 1.517231e-02 -9.747862e-02 -4.845049e+00 -1.561321e-02 9.998710e-01 -3.761878e-03 -7.996573e-01 9.740897e-02 5.265482e-03 9.952305e-01 7.262053e+01
9.949951e-01 1.360086e-02 -9.899367e-02 -4.924434e+00 -1.457426e-02 9.998522e-01 -9.116397e-03 -8.245701e-01 9.885505e-02 1.051353e-02 9.950463e-01 7.331385e+01
9.950228e-01 1.472374e-02 -9.855337e-02 -5.016746e+00 -1.583493e-02 9.998195e-01 -1.050231e-02 -8.309653e-01 9.838094e-02 1.201062e-02 9.950763e-01 7.398754e+01
9.949430e-01 1.709594e-02 -9.897542e-02 -5.084361e+00 -1.786118e-02 9.998170e-01 -6.850663e-03 -8.498881e-01 9.884019e-02 8.583838e-03 9.950663e-01 7.464363e+01
9.948871e-01 1.748391e-02 -9.946876e-02 -5.181951e+00 -1.807339e-02 9.998240e-01 -5.028201e-03 -8.580813e-01 9.936334e-02 6.800230e-03 9.950280e-01 7.526994e+01
9.949453e-01 1.474977e-02 -9.932948e-02 -5.270176e+00 -1.572439e-02 9.998355e-01 -9.036221e-03 -8.551326e-01 9.917986e-02 1.055244e-02 9.950136e-01 7.587777e+01
9.950918e-01 6.996564e-03 -9.870893e-02 -5.319314e+00 -8.397141e-03 9.998698e-01 -1.378064e-02 -8.829911e-01 9.859966e-02 1.454187e-02 9.950209e-01 7.647185e+01
9.952073e-01 2.807712e-03 -9.774706e-02 -5.363911e+00 -4.653830e-03 9.998150e-01 -1.866381e-02 -8.924442e-01 9.767657e-02 1.902926e-02 9.950363e-01 7.705449e+01
9.954844e-01 5.436872e-03 -9.476956e-02 -5.420419e+00 -7.250966e-03 9.997968e-01 -1.880833e-02 -9.102519e-01 9.464805e-02 1.941057e-02 9.953215e-01 7.762401e+01
9.958473e-01 1.075473e-02 -9.040128e-02 -5.492414e+00 -1.226943e-02 9.997932e-01 -1.621627e-02 -9.258179e-01 9.020819e-02 1.725811e-02 9.957734e-01 7.817614e+01
9.962088e-01 8.968865e-03 -8.653137e-02 -5.529634e+00 -1.014992e-02 9.998611e-01 -1.321861e-02 -9.386057e-01 8.640079e-02 1.404678e-02 9.961614e-01 7.871879e+01
9.967008e-01 5.087581e-03 -8.100341e-02 -5.563875e+00 -5.831892e-03 9.999429e-01 -8.954702e-03 -9.583224e-01 8.095323e-02 9.397562e-03 9.966736e-01 7.924930e+01
9.974646e-01 5.965989e-04 -7.116241e-02 -5.611739e+00 -1.062755e-03 9.999782e-01 -6.512918e-03 -9.638797e-01 7.115697e-02 6.572033e-03 9.974435e-01 7.975968e+01
9.981591e-01 4.441289e-03 -6.048672e-02 -5.635746e+00 -4.848740e-03 9.999665e-01 -6.591088e-03 -9.845150e-01 6.045542e-02 6.872239e-03 9.981472e-01 8.026070e+01
9.988914e-01 9.653251e-03 -4.607374e-02 -5.650530e+00 -1.002348e-02 9.999193e-01 -7.811408e-03 -9.817518e-01 4.599462e-02 8.264567e-03 9.989075e-01 8.074857e+01
9.995276e-01 1.446857e-02 -2.711608e-02 -5.673467e+00 -1.466620e-02 9.998672e-01 -7.103512e-03 -9.956620e-01 2.700970e-02 7.497846e-03 9.996071e-01 8.122244e+01
9.999064e-01 1.264292e-02 -5.221960e-03 -5.657389e+00 -1.267409e-02 9.999018e-01 -5.980076e-03 -1.010273e+00 5.145842e-03 6.045700e-03 9.999685e-01 8.168221e+01
9.996992e-01 9.405269e-03 2.264868e-02 -5.637665e+00 -9.289124e-03 9.999432e-01 -5.227887e-03 -1.015304e+00 -2.269657e-02 5.015928e-03 9.997298e-01 8.213679e+01
9.986196e-01 8.762787e-03 5.178963e-02 -5.588621e+00 -8.590503e-03 9.999568e-01 -3.548294e-03 -1.022992e+00 -5.181848e-02 3.098497e-03 9.986517e-01 8.258422e+01
9.963801e-01 9.122849e-03 8.451884e-02 -5.521197e+00 -8.949047e-03 9.999570e-01 -2.435003e-03 -1.025842e+00 -8.453742e-02 1.669825e-03 9.964189e-01 8.301670e+01
9.925621e-01 8.188188e-03 1.214641e-01 -5.435629e+00 -8.024585e-03 9.999661e-01 -1.836034e-03 -1.035288e+00 -1.214750e-01 8.476793e-04 9.925941e-01 8.344688e+01
9.866748e-01 7.889352e-03 1.625133e-01 -5.339989e+00 -7.714286e-03 9.999688e-01 -1.708254e-03 -1.044733e+00 -1.625217e-01 4.318169e-04 9.867049e-01 8.386793e+01
9.786309e-01 7.839433e-03 2.054753e-01 -5.201542e+00 -7.713232e-03 9.999693e-01 -1.415180e-03 -1.055982e+00 -2.054801e-01 -1.999397e-04 9.786613e-01 8.425703e+01
9.663075e-01 9.404152e-03 2.572184e-01 -5.099653e+00 -9.077201e-03 9.999558e-01 -2.458487e-03 -1.079334e+00 -2.572302e-01 4.083134e-05 9.663502e-01 8.466034e+01
9.505792e-01 1.138751e-02 3.102732e-01 -4.943577e+00 -1.013353e-02 9.999327e-01 -5.653175e-03 -1.082564e+00 -3.103167e-01 2.229629e-03 9.506306e-01 8.502530e+01
9.315527e-01 1.063267e-02 3.634509e-01 -4.737189e+00 -8.770303e-03 9.999386e-01 -6.773998e-03 -1.102074e+00 -3.635006e-01 3.122762e-03 9.315887e-01 8.537115e+01
9.077923e-01 1.005680e-02 4.192994e-01 -4.523957e+00 -7.668608e-03 9.999434e-01 -7.380700e-03 -1.125028e+00 -4.193499e-01 3.484700e-03 9.078180e-01 8.570508e+01
8.789760e-01 9.723973e-03 4.767669e-01 -4.312182e+00 -6.801264e-03 9.999460e-01 -7.855620e-03 -1.142422e+00 -4.768176e-01 3.662284e-03 8.789946e-01 8.601841e+01
8.463483e-01 8.567843e-03 5.325610e-01 -4.060232e+00 -3.776692e-03 9.999420e-01 -1.008514e-02 -1.145020e+00 -5.326165e-01 6.524219e-03 8.463316e-01 8.631253e+01
8.080244e-01 8.330008e-03 5.890901e-01 -3.834392e+00 -2.256333e-03 9.999365e-01 -1.104467e-02 -1.154190e+00 -5.891447e-01 7.595181e-03 8.079919e-01 8.660997e+01
7.685040e-01 8.413999e-03 6.397897e-01 -3.555370e+00 -1.863722e-03 9.999387e-01 -1.091172e-02 -1.151037e+00 -6.398423e-01 7.193310e-03 7.684726e-01 8.687981e+01
7.268096e-01 8.158691e-03 6.867905e-01 -3.256229e+00 -2.831738e-03 9.999565e-01 -8.882187e-03 -1.159002e+00 -6.868331e-01 4.510849e-03 7.268012e-01 8.711972e+01
6.801892e-01 7.690273e-03 7.329963e-01 -2.964163e+00 -1.448911e-03 9.999571e-01 -9.146580e-03 -1.157423e+00 -7.330352e-01 5.159358e-03 6.801712e-01 8.735657e+01
6.331952e-01 6.341044e-03 7.739662e-01 -2.646427e+00 2.341852e-03 9.999462e-01 -1.010839e-02 -1.165045e+00 -7.739886e-01 8.213099e-03 6.331462e-01 8.756549e+01
5.864962e-01 3.662415e-03 8.099437e-01 -2.320297e+00 8.964687e-03 9.998992e-01 -1.101287e-02 -1.170839e+00 -8.099023e-01 1.371990e-02 5.864043e-01 8.774225e+01
5.394697e-01 5.920242e-03 8.419842e-01 -1.984701e+00 8.155784e-03 9.998916e-01 -1.225605e-02 -1.173113e+00 -8.419655e-01 1.347881e-02 5.393629e-01 8.792107e+01
4.907448e-01 8.605978e-03 8.712609e-01 -1.646007e+00 3.879562e-03 9.999197e-01 -1.206201e-02 -1.192022e+00 -8.712947e-01 9.299481e-03 4.906720e-01 8.809483e+01
4.453358e-01 1.048940e-02 8.953022e-01 -1.298223e+00 1.274581e-03 9.999229e-01 -1.234914e-02 -1.217241e+00 -8.953627e-01 6.640647e-03 4.452881e-01 8.823677e+01
4.022285e-01 7.538105e-03 9.155083e-01 -9.300524e-01 8.408076e-03 9.998935e-01 -1.192700e-02 -1.230463e+00 -9.155007e-01 1.249504e-02 4.021223e-01 8.835982e+01
3.632674e-01 -1.822484e-04 9.316849e-01 -5.519715e-01 2.368501e-02 9.996786e-01 -9.039323e-03 -1.231495e+00 -9.313838e-01 2.535066e-02 3.631549e-01 8.843560e+01
3.262347e-01 -3.299685e-03 9.452831e-01 -1.838518e-01 2.796007e-02 9.995901e-01 -6.160283e-03 -1.231744e+00 -9.448752e-01 2.843988e-02 3.261932e-01 8.855070e+01
2.923113e-01 1.228316e-03 9.563224e-01 1.904544e-01 2.469307e-02 9.996561e-01 -8.831703e-03 -1.240137e+00 -9.560044e-01 2.619614e-02 2.921804e-01 8.865474e+01
2.618443e-01 8.566645e-03 9.650721e-01 5.724922e-01 1.314199e-02 9.998362e-01 -1.244093e-02 -1.264889e+00 -9.650206e-01 1.594056e-02 2.616888e-01 8.874641e+01
2.334824e-01 1.281850e-02 9.722765e-01 9.666703e-01 8.518898e-03 9.998478e-01 -1.522773e-02 -1.285837e+00 -9.723237e-01 1.183813e-02 2.333377e-01 8.883326e+01
2.074304e-01 1.430220e-02 9.781452e-01 1.371409e+00 1.014116e-02 9.998080e-01 -1.676954e-02 -1.301426e+00 -9.781972e-01 1.339804e-02 2.072456e-01 8.890508e+01
1.836375e-01 1.586812e-02 9.828660e-01 1.791140e+00 1.745664e-02 9.996594e-01 -1.940083e-02 -1.311477e+00 -9.828390e-01 2.072025e-02 1.832979e-01 8.896536e+01
1.638230e-01 2.210168e-02 9.862421e-01 2.218114e+00 2.489729e-02 9.993379e-01 -2.653081e-02 -1.309458e+00 -9.861755e-01 2.890111e-02 1.631642e-01 8.901256e+01
1.443372e-01 2.915705e-02 9.890989e-01 2.666248e+00 2.803879e-02 9.990439e-01 -3.354186e-02 -1.302727e+00 -9.891312e-01 3.257448e-02 1.433816e-01 8.905698e+01
1.263289e-01 3.067809e-02 9.915139e-01 3.130750e+00 2.516592e-02 9.991009e-01 -3.411922e-02 -1.315232e+00 -9.916691e-01 2.926260e-02 1.254432e-01 8.911610e+01
1.109791e-01 2.641196e-02 9.934717e-01 3.603733e+00 2.320595e-02 9.993054e-01 -2.915935e-02 -1.335766e+00 -9.935518e-01 2.629054e-02 1.102891e-01 8.916039e+01
9.650924e-02 2.319269e-02 9.950618e-01 4.089022e+00 2.331433e-02 9.994015e-01 -2.555505e-02 -1.352801e+00 -9.950590e-01 2.566550e-02 9.591076e-02 8.920732e+01
8.363750e-02 2.018505e-02 9.962918e-01 4.586195e+00 2.590842e-02 9.994128e-01 -2.242326e-02 -1.372187e+00 -9.961594e-01 2.768777e-02 8.306543e-02 8.923352e+01
7.188731e-02 1.907831e-02 9.972303e-01 5.099937e+00 3.013675e-02 9.993190e-01 -2.129074e-02 -1.387191e+00 -9.969574e-01 3.158381e-02 7.126340e-02 8.926794e+01
6.213114e-02 1.987711e-02 9.978700e-01 5.630170e+00 3.410995e-02 9.991753e-01 -2.202693e-02 -1.395481e+00 -9.974850e-01 3.540586e-02 6.140189e-02 8.928694e+01
5.470355e-02 2.046018e-02 9.982930e-01 6.175835e+00 3.564480e-02 9.991128e-01 -2.243021e-02 -1.416785e+00 -9.978662e-01 3.681097e-02 5.392572e-02 8.930139e+01
4.955163e-02 2.162944e-02 9.985373e-01 6.739881e+00 3.748664e-02 9.990208e-01 -2.350016e-02 -1.419565e+00 -9.980678e-01 3.859628e-02 4.869230e-02 8.931274e+01
4.312385e-02 2.296957e-02 9.988057e-01 7.322625e+00 3.730803e-02 9.990013e-01 -2.458486e-02 -1.436667e+00 -9.983729e-01 3.832367e-02 4.222383e-02 8.935130e+01
3.582233e-02 2.371670e-02 9.990767e-01 7.923794e+00 3.764427e-02 9.989768e-01 -2.506408e-02 -1.455092e+00 -9.986489e-01 3.850737e-02 3.489288e-02 8.939912e+01
3.188545e-02 2.373852e-02 9.992096e-01 8.542857e+00 3.941807e-02 9.989103e-01 -2.498927e-02 -1.479760e+00 -9.987139e-01 4.018371e-02 3.091498e-02 8.940131e+01
2.852807e-02 2.344415e-02 9.993180e-01 9.181590e+00 4.065713e-02 9.988704e-01 -2.459431e-02 -1.503214e+00 -9.987658e-01 4.133103e-02 2.754267e-02 8.943124e+01
2.471187e-02 2.327882e-02 9.994235e-01 9.835908e+00 4.052041e-02 9.988840e-01 -2.426816e-02 -1.519775e+00 -9.988731e-01 4.109677e-02 2.374102e-02 8.945705e+01
2.235761e-02 2.265420e-02 9.994933e-01 1.050940e+01 4.260869e-02 9.988133e-01 -2.359190e-02 -1.535313e+00 -9.988416e-01 4.311456e-02 2.136581e-02 8.947865e+01
2.088900e-02 2.233509e-02 9.995323e-01 1.119546e+01 4.629907e-02 9.986562e-01 -2.328311e-02 -1.553087e+00 -9.987092e-01 4.676378e-02 1.982684e-02 8.949359e+01
2.157795e-02 2.192164e-02 9.995268e-01 1.190260e+01 5.012268e-02 9.984786e-01 -2.298071e-02 -1.574104e+00 -9.985099e-01 5.059484e-02 2.044635e-02 8.950522e+01
2.459740e-02 2.194594e-02 9.994565e-01 1.262584e+01 5.340964e-02 9.983023e-01 -2.323505e-02 -1.585604e+00 -9.982697e-01 5.395214e-02 2.338352e-02 8.951912e+01
2.917361e-02 2.202281e-02 9.993317e-01 1.336490e+01 5.595251e-02 9.981538e-01 -2.363028e-02 -1.606380e+00 -9.980071e-01 5.660450e-02 2.788752e-02 8.952259e+01
3.308518e-02 2.154417e-02 9.992203e-01 1.412283e+01 5.643650e-02 9.981322e-01 -2.338938e-02 -1.630495e+00 -9.978579e-01 5.716634e-02 3.180751e-02 8.956408e+01
3.729618e-02 2.053405e-02 9.990933e-01 1.489463e+01 5.736700e-02 9.980961e-01 -2.265507e-02 -1.636911e+00 -9.976563e-01 5.815993e-02 3.604720e-02 8.958320e+01
4.096145e-02 1.900468e-02 9.989800e-01 1.568185e+01 5.632150e-02 9.981855e-01 -2.129893e-02 -1.671506e+00 -9.975721e-01 5.713648e-02 3.981675e-02 8.960057e+01
4.509400e-02 1.762508e-02 9.988273e-01 1.647591e+01 5.338934e-02 9.983729e-01 -2.002743e-02 -1.680478e+00 -9.975551e-01 5.422985e-02 4.407963e-02 8.964844e+01
4.878711e-02 1.673943e-02 9.986689e-01 1.727721e+01 5.210890e-02 9.984553e-01 -1.928148e-02 -1.697834e+00 -9.974490e-01 5.298023e-02 4.783948e-02 8.970580e+01
5.277259e-02 1.800686e-02 9.984442e-01 1.808089e+01 4.947529e-02 9.985624e-01 -2.062399e-02 -1.719436e+00 -9.973802e-01 5.048669e-02 5.180583e-02 8.975616e+01
5.587511e-02 2.149743e-02 9.982063e-01 1.888955e+01 4.707049e-02 9.985998e-01 -2.414070e-02 -1.758209e+00 -9.973276e-01 4.833492e-02 5.478498e-02 8.979825e+01
5.647764e-02 2.772508e-02 9.980188e-01 1.970131e+01 4.294715e-02 9.986216e-01 -3.017219e-02 -1.756870e+00 -9.974797e-01 4.456611e-02 5.520908e-02 8.987951e+01
5.605940e-02 3.065554e-02 9.979567e-01 2.051802e+01 4.016817e-02 9.986500e-01 -3.293325e-02 -1.787495e+00 -9.976191e-01 4.193231e-02 5.475235e-02 8.994579e+01
5.461243e-02 3.078949e-02 9.980328e-01 2.133265e+01 3.642300e-02 9.987978e-01 -3.280616e-02 -1.821533e+00 -9.978431e-01 3.814297e-02 5.342533e-02 9.003733e+01
5.572324e-02 2.838223e-02 9.980428e-01 2.215115e+01 3.556283e-02 9.989052e-01 -3.039231e-02 -1.853524e+00 -9.978127e-01 3.718678e-02 5.465288e-02 9.004368e+01
5.483686e-02 2.682297e-02 9.981350e-01 2.296829e+01 3.608964e-02 9.989327e-01 -2.882715e-02 -1.891642e+00 -9.978429e-01 3.760312e-02 5.381030e-02 9.009164e+01
5.494171e-02 2.569503e-02 9.981589e-01 2.378220e+01 3.316544e-02 9.990703e-01 -2.754401e-02 -1.934761e+00 -9.979386e-01 3.461769e-02 5.403844e-02 9.015386e+01
5.504873e-02 2.559033e-02 9.981557e-01 2.459322e+01 3.125524e-02 9.991375e-01 -2.733924e-02 -1.982533e+00 -9.979944e-01 3.270259e-02 5.420141e-02 9.020664e+01
5.453023e-02 2.621103e-02 9.981680e-01 2.540266e+01 2.677417e-02 9.992576e-01 -2.770232e-02 -2.024127e+00 -9.981531e-01 2.823574e-02 5.378797e-02 9.026635e+01
5.189589e-02 2.855738e-02 9.982441e-01 2.621259e+01 2.391962e-02 9.992687e-01 -2.983020e-02 -2.043915e+00 -9.983660e-01 2.542569e-02 5.117486e-02 9.034050e+01
4.760343e-02 2.862227e-02 9.984561e-01 2.702087e+01 2.034866e-02 9.993541e-01 -2.961817e-02 -2.076548e+00 -9.986590e-01 2.172718e-02 4.699026e-02 9.040907e+01
4.391640e-02 2.697110e-02 9.986711e-01 2.783285e+01 1.753030e-02 9.994608e-01 -2.776332e-02 -2.113305e+00 -9.988814e-01 1.872627e-02 4.341991e-02 9.044847e+01
3.845097e-02 2.490868e-02 9.989500e-01 2.864386e+01 1.419146e-02 9.995748e-01 -2.547051e-02 -2.149824e+00 -9.991597e-01 1.515592e-02 3.808113e-02 9.049431e+01
3.192937e-02 2.276768e-02 9.992308e-01 2.945003e+01 1.150569e-02 9.996659e-01 -2.314524e-02 -2.181182e+00 -9.994239e-01 1.223585e-02 3.165674e-02 9.053834e+01
2.477537e-02 2.263042e-02 9.994369e-01 3.025163e+01 1.034393e-02 9.996844e-01 -2.289245e-02 -2.215994e+00 -9.996395e-01 1.090527e-02 2.453346e-02 9.055736e+01
1.629076e-02 2.352730e-02 9.995905e-01 3.105301e+01 1.088117e-02 9.996597e-01 -2.370626e-02 -2.244317e+00 -9.998081e-01 1.126291e-02 1.602922e-02 9.056405e+01
6.345152e-03 2.439691e-02 9.996822e-01 3.185080e+01 1.110696e-02 9.996390e-01 -2.446635e-02 -2.270043e+00 -9.999182e-01 1.125867e-02 6.071886e-03 9.056331e+01
-3.966393e-03 2.294191e-02 9.997289e-01 3.264290e+01 1.124138e-02 9.996746e-01 -2.289606e-02 -2.302987e+00 -9.999289e-01 1.114752e-02 -4.223001e-03 9.056752e+01
-1.522201e-02 2.264370e-02 9.996277e-01 3.343516e+01 1.124719e-02 9.996842e-01 -2.247371e-02 -2.321733e+00 -9.998209e-01 1.090090e-02 -1.547188e-02 9.057215e+01
-2.646381e-02 2.193492e-02 9.994091e-01 3.422163e+01 1.353972e-02 9.996754e-01 -2.158224e-02 -2.350585e+00 -9.995581e-01 1.296057e-02 -2.675222e-02 9.054739e+01
-3.770476e-02 2.258862e-02 9.990336e-01 3.500154e+01 1.398256e-02 9.996585e-01 -2.207503e-02 -2.373430e+00 -9.991911e-01 1.313672e-02 -3.800773e-02 9.053401e+01
-4.800847e-02 2.290800e-02 9.985842e-01 3.577511e+01 1.466352e-02 9.996454e-01 -2.222737e-02 -2.405955e+00 -9.987393e-01 1.357565e-02 -4.832735e-02 9.047515e+01
-5.828481e-02 2.371097e-02 9.980184e-01 3.654182e+01 1.361846e-02 9.996438e-01 -2.295426e-02 -2.431916e+00 -9.982071e-01 1.225358e-02 -5.858695e-02 9.041194e+01
-6.879648e-02 2.462323e-02 9.973268e-01 3.730212e+01 1.478603e-02 9.996107e-01 -2.365966e-02 -2.460165e+00 -9.975211e-01 1.311880e-02 -6.913378e-02 9.037109e+01
-7.839132e-02 2.558985e-02 9.965942e-01 3.805390e+01 1.620908e-02 9.995711e-01 -2.439129e-02 -2.487627e+00 -9.967909e-01 1.424180e-02 -7.877249e-02 9.030770e+01
-8.870112e-02 2.661560e-02 9.957026e-01 3.879976e+01 1.727487e-02 9.995337e-01 -2.517909e-02 -2.509627e+00 -9.959085e-01 1.496722e-02 -8.911954e-02 9.026370e+01
-9.822747e-02 2.699176e-02 9.947979e-01 3.953587e+01 1.674401e-02 9.995354e-01 -2.546698e-02 -2.549180e+00 -9.950231e-01 1.415535e-02 -9.863379e-02 9.019322e+01
-1.057881e-01 2.719362e-02 9.940168e-01 4.026332e+01 1.891269e-02 9.995002e-01 -2.533085e-02 -2.565363e+00 -9.942088e-01 1.611983e-02 -1.062496e-01 9.010525e+01
-1.131097e-01 2.555903e-02 9.932537e-01 4.097949e+01 1.966456e-02 9.995309e-01 -2.348120e-02 -2.607899e+00 -9.933879e-01 1.687595e-02 -1.135592e-01 9.000755e+01
-1.192223e-01 2.521445e-02 9.925474e-01 4.169571e+01 2.292692e-02 9.994808e-01 -2.263666e-02 -2.617129e+00 -9.926028e-01 2.005726e-02 -1.197385e-01 8.995473e+01
-1.224681e-01 2.430449e-02 9.921748e-01 4.239476e+01 2.611867e-02 9.994328e-01 -2.125835e-02 -2.639113e+00 -9.921287e-01 2.331082e-02 -1.230335e-01 8.985674e+01
-1.243977e-01 2.349481e-02 9.919542e-01 4.307911e+01 2.874424e-02 9.993854e-01 -2.006610e-02 -2.655808e+00 -9.918160e-01 2.601679e-02 -1.249966e-01 8.976217e+01
-1.262546e-01 2.419043e-02 9.917029e-01 4.375379e+01 3.046918e-02 9.993255e-01 -2.049730e-02 -2.651763e+00 -9.915298e-01 2.762849e-02 -1.269065e-01 8.969741e+01
-1.268120e-01 2.456199e-02 9.916226e-01 4.440643e+01 3.166351e-02 9.992842e-01 -2.070253e-02 -2.669974e+00 -9.914213e-01 2.877292e-02 -1.274989e-01 8.960192e+01
-1.251749e-01 2.665181e-02 9.917766e-01 4.504266e+01 3.452480e-02 9.991507e-01 -2.249249e-02 -2.673609e+00 -9.915338e-01 3.142540e-02 -1.259888e-01 8.950627e+01
-1.233805e-01 2.849449e-02 9.919503e-01 4.566381e+01 3.567851e-02 9.990688e-01 -2.426122e-02 -2.696245e+00 -9.917179e-01 3.239795e-02 -1.242822e-01 8.944724e+01
-1.188372e-01 2.909982e-02 9.924872e-01 4.626593e+01 3.557584e-02 9.990534e-01 -2.503261e-02 -2.721206e+00 -9.922762e-01 3.233376e-02 -1.197600e-01 8.939411e+01
-1.129666e-01 3.063241e-02 9.931265e-01 4.684998e+01 3.431842e-02 9.990486e-01 -2.691141e-02 -2.743129e+00 -9.930059e-01 3.104244e-02 -1.139104e-01 8.936775e+01
-1.022520e-01 3.117175e-02 9.942700e-01 4.741295e+01 3.386104e-02 9.990387e-01 -2.783895e-02 -2.762712e+00 -9.941821e-01 3.082043e-02 -1.032092e-01 8.933211e+01
-8.951759e-02 3.176570e-02 9.954785e-01 4.795612e+01 3.281049e-02 9.990428e-01 -2.892897e-02 -2.780630e+00 -9.954447e-01 3.007249e-02 -9.047415e-02 8.931353e+01
-7.331883e-02 3.366844e-02 9.967401e-01 4.849136e+01 3.208084e-02 9.989924e-01 -3.138469e-02 -2.802573e+00 -9.967924e-01 2.967517e-02 -7.432507e-02 8.930382e+01
-5.177261e-02 3.611389e-02 9.980057e-01 4.901818e+01 2.992227e-02 9.989533e-01 -3.459593e-02 -2.829843e+00 -9.982105e-01 2.807147e-02 -5.279903e-02 8.927834e+01
-2.637614e-02 3.911683e-02 9.988865e-01 4.954146e+01 2.805367e-02 9.988695e-01 -3.837539e-02 -2.855008e+00 -9.992584e-01 2.701024e-02 -2.744369e-02 8.927124e+01
3.206429e-03 4.050907e-02 9.991740e-01 5.006505e+01 2.486723e-02 9.988669e-01 -4.057642e-02 -2.895705e+00 -9.996856e-01 2.497680e-02 2.195447e-03 8.927574e+01
3.776423e-02 4.020997e-02 9.984774e-01 5.058621e+01 2.281683e-02 9.988949e-01 -4.108976e-02 -2.913737e+00 -9.990262e-01 2.433381e-02 3.680503e-02 8.930107e+01
7.768243e-02 3.765506e-02 9.962668e-01 5.109858e+01 2.186612e-02 9.989818e-01 -3.946265e-02 -2.936685e+00 -9.967383e-01 2.485004e-02 7.677996e-02 8.933619e+01
1.173686e-01 3.405883e-02 9.925042e-01 5.159856e+01 1.844913e-02 9.991645e-01 -3.646909e-02 -2.965566e+00 -9.929170e-01 2.259117e-02 1.166422e-01 8.945249e+01
1.595227e-01 2.991041e-02 9.867410e-01 5.209399e+01 1.510447e-02 9.993499e-01 -3.273450e-02 -2.990949e+00 -9.870787e-01 2.012610e-02 1.589672e-01 8.959627e+01
2.052463e-01 2.651603e-02 9.783511e-01 5.256156e+01 9.753953e-03 9.995279e-01 -2.913624e-02 -3.019651e+00 -9.786617e-01 1.552290e-02 2.048908e-01 8.976335e+01
2.594823e-01 2.550562e-02 9.654110e-01 5.304252e+01 5.940636e-03 9.995901e-01 -2.800533e-02 -3.031957e+00 -9.657296e-01 1.300204e-02 2.592244e-01 8.989659e+01
3.136867e-01 2.494498e-02 9.491988e-01 5.349561e+01 3.716404e-03 9.996149e-01 -2.749810e-02 -3.057856e+00 -9.495193e-01 1.215339e-02 3.134732e-01 9.009187e+01
3.691531e-01 2.535700e-02 9.290226e-01 5.389861e+01 5.013054e-03 9.995588e-01 -2.927420e-02 -3.082386e+00 -9.293551e-01 1.546390e-02 3.688631e-01 9.032424e+01
4.303318e-01 2.841385e-02 9.022235e-01 5.432149e+01 4.872409e-03 9.994168e-01 -3.379876e-02 -3.111590e+00 -9.026577e-01 1.894068e-02 4.299423e-01 9.054970e+01
4.918611e-01 3.201665e-02 8.700848e-01 5.471217e+01 5.294203e-03 9.991952e-01 -3.976038e-02 -3.131557e+00 -8.706576e-01 2.416299e-02 4.912958e-01 9.078366e+01
5.516341e-01 3.582372e-02 8.333166e-01 5.508960e+01 7.667573e-04 9.990550e-01 -4.345628e-02 -3.155025e+00 -8.340859e-01 2.461092e-02 5.510854e-01 9.107518e+01
6.085395e-01 3.817027e-02 7.926050e-01 5.544785e+01 -3.619526e-03 9.989655e-01 -4.532921e-02 -3.181493e+00 -7.935154e-01 2.471576e-02 6.080481e-01 9.138777e+01
6.626353e-01 3.918273e-02 7.479166e-01 5.577117e+01 -5.844677e-03 9.988706e-01 -4.715177e-02 -3.198286e+00 -7.489194e-01 2.687310e-02 6.621159e-01 9.170375e+01
7.128072e-01 3.660375e-02 7.004042e-01 5.608372e+01 -6.611975e-03 9.989435e-01 -4.547661e-02 -3.225922e+00 -7.013289e-01 2.778500e-02 7.122961e-01 9.206365e+01
7.575974e-01 3.304691e-02 6.518850e-01 5.634411e+01 -9.256170e-03 9.991610e-01 -3.989467e-02 -3.249627e+00 -6.526565e-01 2.419014e-02 7.572677e-01 9.246375e+01
7.990245e-01 2.780353e-02 6.006554e-01 5.656894e+01 -1.065660e-02 9.994283e-01 -3.208620e-02 -3.274906e+00 -6.012041e-01 1.923671e-02 7.988639e-01 9.286095e+01
8.366755e-01 2.518009e-02 5.471198e-01 5.679349e+01 -1.366211e-02 9.995913e-01 -2.511159e-02 -3.298550e+00 -5.475285e-01 1.353544e-02 8.366776e-01 9.328593e+01
8.691873e-01 2.198886e-02 4.939938e-01 5.699739e+01 -1.506518e-02 9.997246e-01 -1.799281e-02 -3.307619e+00 -4.942534e-01 8.197014e-03 8.692792e-01 9.372288e+01
8.954856e-01 2.288796e-02 4.445015e-01 5.716012e+01 -1.987532e-02 9.997370e-01 -1.143724e-02 -3.332831e+00 -4.446464e-01 1.407273e-03 8.957051e-01 9.416314e+01
9.164518e-01 2.515987e-02 3.993533e-01 5.732080e+01 -2.411674e-02 9.996800e-01 -7.637320e-03 -3.351293e+00 -3.994176e-01 -2.631862e-03 9.167653e-01 9.462659e+01
9.323563e-01 3.138640e-02 3.601759e-01 5.743929e+01 -3.197628e-02 9.994793e-01 -4.322273e-03 -3.369337e+00 -3.601240e-01 -7.487187e-03 9.328744e-01 9.509071e+01
9.445276e-01 3.673221e-02 3.263716e-01 5.755391e+01 -3.725790e-02 9.992949e-01 -4.642534e-03 -3.380954e+00 -3.263120e-01 -7.774920e-03 9.452301e-01 9.556866e+01
9.542014e-01 3.893879e-02 2.966200e-01 5.766923e+01 -3.937234e-02 9.992144e-01 -4.514366e-03 -3.382348e+00 -2.965627e-01 -7.371009e-03 9.549849e-01 9.604741e+01
9.610040e-01 3.327186e-02 2.745255e-01 5.779963e+01 -3.342531e-02 9.994327e-01 -4.120285e-03 -3.394844e+00 -2.745068e-01 -5.216488e-03 9.615710e-01 9.652588e+01
9.651870e-01 3.072173e-02 2.597503e-01 5.791384e+01 -3.099335e-02 9.995149e-01 -3.050800e-03 -3.408033e+00 -2.597180e-01 -5.105939e-03 9.656710e-01 9.702000e+01
9.684281e-01 3.475265e-02 2.468587e-01 5.803051e+01 -3.509540e-02 9.993794e-01 -3.012699e-03 -3.418259e+00 -2.468102e-01 -5.746022e-03 9.690468e-01 9.752482e+01
9.704822e-01 4.044051e-02 2.377582e-01 5.812580e+01 -4.099668e-02 9.991559e-01 -2.606945e-03 -3.420626e+00 -2.376629e-01 -7.217302e-03 9.713209e-01 9.804178e+01
9.714733e-01 4.810668e-02 2.322184e-01 5.822448e+01 -4.846698e-02 9.988161e-01 -4.157083e-03 -3.418742e+00 -2.321435e-01 -7.216432e-03 9.726548e-01 9.856867e+01
9.718091e-01 5.422140e-02 2.294496e-01 5.833294e+01 -5.400183e-02 9.985146e-01 -7.240756e-03 -3.434938e+00 -2.295013e-01 -5.354062e-03 9.732936e-01 9.910339e+01
9.719740e-01 5.549894e-02 2.284436e-01 5.846484e+01 -5.466205e-02 9.984549e-01 -9.994142e-03 -3.446722e+00 -2.286453e-01 -2.773150e-03 9.735059e-01 9.964393e+01
9.717757e-01 5.304596e-02 2.298653e-01 5.861112e+01 -5.128513e-02 9.985910e-01 -1.363222e-02 -3.458414e+00 -2.302645e-01 1.458786e-03 9.731270e-01 1.001891e+02
9.708067e-01 5.206897e-02 2.341434e-01 5.875249e+01 -4.865522e-02 9.986086e-01 -2.033671e-02 -3.468765e+00 -2.348766e-01 8.350717e-03 9.719893e-01 1.007480e+02
9.695681e-01 5.215886e-02 2.392011e-01 5.886311e+01 -4.722514e-02 9.985376e-01 -2.631508e-02 -3.459838e+00 -2.402238e-01 1.421796e-02 9.706134e-01 1.013353e+02
9.682635e-01 5.685010e-02 2.433800e-01 5.900566e+01 -5.199284e-02 9.983000e-01 -2.634022e-02 -3.467257e+00 -2.444637e-01 1.285026e-02 9.695733e-01 1.019272e+02
9.666622e-01 5.995346e-02 2.489371e-01 5.914224e+01 -5.628224e-02 9.981759e-01 -2.184560e-02 -3.485233e+00 -2.497927e-01 7.106580e-03 9.682732e-01 1.025352e+02
9.653575e-01 5.777515e-02 2.544541e-01 5.929144e+01 -5.512706e-02 9.983254e-01 -1.753196e-02 -3.498116e+00 -2.550409e-01 2.897308e-03 9.669259e-01 1.031508e+02
9.644954e-01 5.390662e-02 2.585394e-01 5.945092e+01 -5.262864e-02 9.985436e-01 -1.186678e-02 -3.518432e+00 -2.588026e-01 -2.161118e-03 9.659278e-01 1.037772e+02
9.638366e-01 4.920359e-02 2.619123e-01 5.963736e+01 -4.896908e-02 9.987727e-01 -7.426209e-03 -3.539822e+00 -2.619562e-01 -5.667951e-03 9.650631e-01 1.044024e+02
9.633934e-01 4.417511e-02 2.644270e-01 5.982758e+01 -4.392763e-02 9.990112e-01 -6.851944e-03 -3.546020e+00 -2.644683e-01 -5.014534e-03 9.643814e-01 1.050363e+02
9.632624e-01 4.112974e-02 2.653940e-01 6.001166e+01 -3.977076e-02 9.991537e-01 -1.049480e-02 -3.551934e+00 -2.656010e-01 -4.456762e-04 9.640829e-01 1.056764e+02
9.633822e-01 4.025980e-02 2.650924e-01 6.018146e+01 -3.707076e-02 9.991676e-01 -1.702420e-02 -3.575179e+00 -2.655571e-01 6.573632e-03 9.640727e-01 1.063332e+02
9.634067e-01 4.235400e-02 2.646766e-01 6.034558e+01 -3.754366e-02 9.990254e-01 -2.320912e-02 -3.597110e+00 -2.654017e-01 1.242289e-02 9.640579e-01 1.070061e+02
9.639170e-01 4.478900e-02 2.624079e-01 6.052656e+01 -3.908498e-02 9.988732e-01 -2.691937e-02 -3.614075e+00 -2.633179e-01 1.569183e-02 9.645815e-01 1.076961e+02
9.645324e-01 4.393560e-02 2.602822e-01 6.070654e+01 -3.936825e-02 9.989660e-01 -2.273769e-02 -3.634266e+00 -2.610121e-01 1.168438e-02 9.652648e-01 1.084031e+02
9.650010e-01 4.014154e-02 2.591557e-01 6.089566e+01 -3.766310e-02 9.991849e-01 -1.452368e-02 -3.660651e+00 -2.595274e-01 4.254756e-03 9.657264e-01 1.091176e+02
9.656302e-01 3.993740e-02 2.568331e-01 6.107678e+01 -3.885260e-02 9.992017e-01 -9.298908e-03 -3.671275e+00 -2.569995e-01 -9.993291e-04 9.664110e-01 1.098384e+02
9.660444e-01 4.383494e-02 2.546304e-01 6.126798e+01 -4.260820e-02 9.990384e-01 -1.033406e-02 -3.681789e+00 -2.548385e-01 -8.661786e-04 9.669832e-01 1.105626e+02
9.664521e-01 4.987835e-02 2.519573e-01 6.145971e+01 -4.758470e-02 9.987517e-01 -1.519206e-02 -3.697276e+00 -2.524005e-01 2.693082e-03 9.676191e-01 1.112992e+02
9.672411e-01 5.132961e-02 2.486159e-01 6.162164e+01 -4.778189e-02 9.986517e-01 -2.028753e-02 -3.713350e+00 -2.493221e-01 7.743592e-03 9.683897e-01 1.120556e+02
9.684573e-01 4.997470e-02 2.441167e-01 6.180314e+01 -4.584060e-02 9.986933e-01 -2.259056e-02 -3.739075e+00 -2.449267e-01 1.068753e-02 9.694827e-01 1.128235e+02
9.695317e-01 4.789931e-02 2.402372e-01 6.200692e+01 -4.414943e-02 9.988048e-01 -2.097007e-02 -3.766648e+00 -2.409546e-01 9.724808e-03 9.704877e-01 1.135946e+02
9.704174e-01 4.438738e-02 2.373180e-01 6.218806e+01 -4.131990e-02 9.989859e-01 -1.788660e-02 -3.805924e+00 -2.378713e-01 7.551509e-03 9.712673e-01 1.143850e+02
9.709831e-01 4.294078e-02 2.352612e-01 6.240268e+01 -4.055716e-02 9.990652e-01 -1.496344e-02 -3.833469e+00 -2.356838e-01 4.987723e-03 9.718170e-01 1.151869e+02
9.714969e-01 3.921141e-02 2.337866e-01 6.261890e+01 -3.726990e-02 9.992243e-01 -1.271846e-02 -3.854384e+00 -2.341040e-01 3.642741e-03 9.722047e-01 1.159892e+02
