1.000000e+00 0.000000e+00 0.000000e+00 0.000000e+00 0.000000e+00 1.000000e+00 0.000000e+00 0.000000e+00 0.000000e+00 0.000000e+00 1.000000e+00 0.000000e+00
9.999918e-01 -2.704571e-03 -3.004441e-03 -1.653587e-02 2.697057e-03 9.999932e-01 -2.502472e-03 9.224896e-04 3.011189e-03 2.494348e-03 9.999924e-01 8.591677e-01
9.999776e-01 -2.003341e-03 -6.393437e-03 -3.103940e-02 1.980575e-03 9.999917e-01 -3.565223e-03 -7.874687e-03 6.400526e-03 3.552480e-03 9.999732e-01 1.719438e+00
9.999449e-01 -2.194419e-03 -1.026967e-02 -4.842603e-02 2.148856e-03 9.999878e-01 -4.445570e-03 -2.356306e-02 1.027930e-02 4.423257e-03 9.999374e-01 2.578549e+00
9.998978e-01 -2.713990e-05 -1.429796e-02 -8.426696e-02 -4.779019e-05 9.999863e-01 -5.240246e-03 -2.817246e-02 1.429791e-02 5.240394e-03 9.998840e-01 3.438225e+00
9.998267e-01 -1.074114e-03 -1.858330e-02 -1.012040e-01 9.887678e-04 9.999889e-01 -4.601209e-03 -5.218482e-02 1.858804e-02 4.582037e-03 9.998167e-01 4.297121e+00
9.997039e-01 -4.782620e-04 -2.432837e-02 -1.122134e-01 3.273269e-04 9.999807e-01 -6.207682e-03 -4.618406e-02 2.433087e-02 6.197881e-03 9.996847e-01 5.157568e+00
9.996063e-01 2.341466e-03 -2.796149e-02 -1.546300e-01 -2.555446e-03 9.999677e-01 -7.619417e-03 -4.589410e-02 2.794275e-02 7.687871e-03 9.995800e-01 6.015966e+00
9.994360e-01 2.524247e-03 -3.348480e-02 -1.704301e-01 -2.718192e-03 9.999798e-01 -5.747761e-03 -5.925924e-02 3.346962e-02 5.835537e-03 9.994227e-01 6.876024e+00
9.992901e-01 1.648096e-03 -3.763872e-02 -2.115944e-01 -1.793795e-03 9.999910e-01 -3.837542e-03 -5.730124e-02 3.763206e-02 3.902334e-03 9.992840e-01 7.735634e+00
9.990860e-01 1.507645e-03 -4.271873e-02 -2.290628e-01 -1.571615e-03 9.999977e-01 -1.463905e-03 -6.603367e-02 4.271643e-02 1.529704e-03 9.990861e-01 8.594546e+00
9.989590e-01 3.325494e-03 -4.549674e-02 -2.622191e-01 -3.431775e-03 9.999916e-01 -2.258112e-03 -7.205598e-02 4.548885e-02 2.411896e-03 9.989619e-01 9.454318e+00
9.988470e-01 3.596423e-03 -4.787110e-02 -2.966077e-01 -3.739484e-03 9.999888e-01 -2.899233e-03 -7.540722e-02 4.786013e-02 3.074903e-03 9.988493e-01 1.031398e+01
9.987990e-01 2.825392e-04 -4.899456e-02 -3.431423e-01 -4.481982e-04 9.999942e-01 -3.370217e-03 -8.595272e-02 4.899332e-02 3.388129e-03 9.987934e-01 1.117225e+01
9.986967e-01 -8.102720e-05 -5.103719e-02 -3.936907e-01 -3.631837e-05 9.999974e-01 -2.298285e-03 -9.481384e-02 5.103724e-02 2.297144e-03 9.986941e-01 1.202658e+01
9.986099e-01 -5.963274e-04 -5.270579e-02 -4.244503e-01 4.537519e-04 9.999962e-01 -2.717045e-03 -1.071270e-01 5.270721e-02 2.689353e-03 9.986064e-01 1.288961e+01
9.984999e-01 8.331172e-04 -5.474734e-02 -4.851755e-01 -1.090367e-03 9.999885e-01 -4.669154e-03 -1.239192e-01 5.474282e-02 4.721845e-03 9.984893e-01 1.375805e+01
9.984391e-01 8.432489e-04 -5.584532e-02 -5.497471e-01 -1.245351e-03 9.999735e-01 -7.165872e-03 -1.392627e-01 5.583780e-02 7.224234e-03 9.984137e-01 1.463717e+01
9.983339e-01 4.550280e-03 -5.752214e-02 -6.041906e-01 -5.091123e-03 9.999442e-01 -9.259298e-03 -1.416223e-01 5.747679e-02 9.536723e-03 9.983013e-01 1.552742e+01
9.982583e-01 4.808612e-03 -5.879775e-02 -6.583064e-01 -5.339469e-03 9.999464e-01 -8.874766e-03 -1.444083e-01 5.875192e-02 9.173257e-03 9.982305e-01 1.642751e+01
9.981999e-01 3.551565e-03 -5.986979e-02 -7.259809e-01 -4.005949e-03 9.999641e-01 -7.471222e-03 -1.571746e-01 5.984111e-02 7.697608e-03 9.981782e-01 1.733106e+01
9.981047e-01 4.462015e-03 -6.137671e-02 -7.812018e-01 -4.848404e-03 9.999693e-01 -6.147884e-03 -1.718859e-01 6.134739e-02 6.433811e-03 9.980957e-01 1.824231e+01
9.979897e-01 3.471980e-03 -6.328157e-02 -8.327995e-01 -3.859985e-03 9.999745e-01 -6.010177e-03 -1.836942e-01 6.325909e-02 6.242361e-03 9.979776e-01 1.915588e+01
9.978706e-01 2.853865e-03 -6.516223e-02 -8.900125e-01 -3.307822e-03 9.999710e-01 -6.859728e-03 -1.951988e-01 6.514076e-02 7.060666e-03 9.978511e-01 2.007253e+01
9.977286e-01 1.178069e-03 -6.735165e-02 -9.243326e-01 -1.697416e-03 9.999693e-01 -7.654269e-03 -2.099415e-01 6.734057e-02 7.751206e-03 9.976999e-01 2.100048e+01
9.976505e-01 9.007158e-04 -6.850253e-02 -9.920314e-01 -1.323748e-03 9.999803e-01 -6.130284e-03 -2.156135e-01 6.849567e-02 6.206562e-03 9.976321e-01 2.193416e+01
9.977267e-01 2.781463e-03 -6.733237e-02 -1.077831e+00 -2.974459e-03 9.999918e-01 -2.766232e-03 -2.330846e-01 6.732413e-02 2.960221e-03 9.977268e-01 2.286739e+01
9.977557e-01 4.535707e-03 -6.680597e-02 -1.141395e+00 -4.457680e-03 9.999892e-01 1.316989e-03 -2.589927e-01 6.681122e-02 -1.016233e-03 9.977651e-01 2.380890e+01
9.978789e-01 1.756995e-03 -6.507437e-02 -1.221178e+00 -1.555787e-03 9.999939e-01 3.142517e-03 -2.465686e-01 6.507949e-02 -3.034609e-03 9.978755e-01 2.475233e+01
9.979610e-01 1.519763e-03 -6.380863e-02 -1.282638e+00 -1.278494e-03 9.999919e-01 3.821795e-03 -2.471699e-01 6.381392e-02 -3.732424e-03 9.979548e-01 2.569977e+01
9.980626e-01 1.561815e-03 -6.219757e-02 -1.353612e+00 -1.547566e-03 9.999988e-01 2.772637e-04 -2.439118e-01 6.219793e-02 -1.804717e-04 9.980638e-01 2.665042e+01
9.981063e-01 1.395569e-03 -6.149641e-02 -1.414891e+00 -1.671928e-03 9.999887e-01 -4.442672e-03 -2.589964e-01 6.148952e-02 4.537077e-03 9.980974e-01 2.760838e+01
9.981067e-01 5.120421e-04 -6.150369e-02 -1.452375e+00 -9.827981e-04 9.999705e-01 -7.624101e-03 -2.647674e-01 6.149797e-02 7.670113e-03 9.980777e-01 2.857751e+01
9.981991e-01 -2.253264e-03 -5.994493e-02 -1.527012e+00 1.849783e-03 9.999753e-01 -6.785499e-03 -2.789435e-01 5.995874e-02 6.662394e-03 9.981786e-01 2.955158e+01
9.982284e-01 -2.750357e-03 -5.943560e-02 -1.594570e+00 2.638065e-03 9.999946e-01 -1.967690e-03 -2.977166e-01 5.944069e-02 1.807409e-03 9.982302e-01 3.052990e+01
9.981678e-01 -6.176501e-03 -6.019028e-02 -1.643360e+00 6.276794e-03 9.999792e-01 1.477340e-03 -3.125289e-01 6.017990e-02 -1.852436e-03 9.981858e-01 3.150919e+01
9.979720e-01 -1.370240e-02 -6.216279e-02 -1.674263e+00 1.380655e-02 9.999039e-01 1.246209e-03 -3.308541e-01 6.213974e-02 -2.101935e-03 9.980652e-01 3.248910e+01
9.978073e-01 -1.704786e-02 -6.395271e-02 -1.727619e+00 1.693519e-02 9.998539e-01 -2.303446e-03 -3.404444e-01 6.398264e-02 1.215344e-03 9.979503e-01 3.347344e+01
9.978424e-01 -1.572886e-02 -6.374293e-02 -1.817328e+00 1.538839e-02 9.998646e-01 -5.828758e-03 -3.666721e-01 6.382598e-02 4.835281e-03 9.979493e-01 3.448248e+01
9.977393e-01 -1.487928e-02 -6.553485e-02 -1.895430e+00 1.446962e-02 9.998727e-01 -6.721276e-03 -3.709106e-01 6.562651e-02 5.757817e-03 9.978276e-01 3.554004e+01
9.977155e-01 -1.522614e-02 -6.581717e-02 -1.985082e+00 1.493589e-02 9.998764e-01 -4.899801e-03 -3.863804e-01 6.588364e-02 3.905569e-03 9.978197e-01 3.658070e+01
9.976835e-01 -1.157228e-02 -6.703499e-02 -2.064125e+00 1.145054e-02 9.999320e-01 -2.200025e-03 -4.074029e-01 6.705589e-02 1.427342e-03 9.977482e-01 3.762404e+01
9.975543e-01 -1.141412e-02 -6.895806e-02 -2.116891e+00 1.136984e-02 9.999348e-01 -1.034596e-03 -4.241694e-01 6.896537e-02 2.480233e-04 9.976190e-01 3.865762e+01
9.975092e-01 -1.012275e-02 -6.980674e-02 -2.178232e+00 1.024834e-02 9.999464e-01 1.441329e-03 -4.316982e-01 6.978841e-02 -2.153143e-03 9.975595e-01 3.969366e+01
9.975213e-01 -1.073219e-02 -6.954149e-02 -2.253281e+00 1.108957e-02 9.999272e-01 4.755068e-03 -4.441454e-01 6.948540e-02 -5.514467e-03 9.975677e-01 4.071661e+01
9.974939e-01 -5.323928e-03 -7.055133e-02 -2.315704e+00 5.822206e-03 9.999595e-01 6.858871e-03 -4.408890e-01 7.051195e-02 -7.252447e-03 9.974846e-01 4.173956e+01
9.974310e-01 -5.966702e-03 -7.138477e-02 -2.373966e+00 6.455017e-03 9.999573e-01 6.611872e-03 -4.531819e-01 7.134227e-02 -7.055676e-03 9.974269e-01 4.275033e+01
9.974074e-01 -5.584086e-03 -7.174423e-02 -2.441644e+00 5.958335e-03 9.999697e-01 5.003488e-03 -4.669435e-01 7.171411e-02 -5.417993e-03 9.974105e-01 4.375588e+01
9.974877e-01 -2.066049e-03 -7.080976e-02 -2.535859e+00 2.228480e-03 9.999951e-01 2.214997e-03 -4.730598e-01 7.080484e-02 -2.367230e-03 9.974874e-01 4.475508e+01
9.974097e-01 -2.851664e-03 -7.187292e-02 -2.619390e+00 3.056901e-03 9.999916e-01 2.745716e-03 -4.803097e-01 7.186448e-02 -2.958312e-03 9.974100e-01 4.575326e+01
9.972997e-01 -5.140088e-03 -7.325970e-02 -2.692718e+00 5.439971e-03 9.999776e-01 3.894471e-03 -4.878585e-01 7.323804e-02 -4.282485e-03 9.973053e-01 4.674816e+01
9.972573e-01 -6.006445e-03 -7.376793e-02 -2.791118e+00 6.405466e-03 9.999661e-01 5.173743e-03 -4.899259e-01 7.373436e-02 -5.632071e-03 9.972620e-01 4.773229e+01
9.973015e-01 -2.895063e-03 -7.335725e-02 -2.894005e+00 3.025998e-03 9.999940e-01 1.673815e-03 -5.000461e-01 7.335197e-02 -1.891277e-03 9.973043e-01 4.870737e+01
9.971841e-01 -2.329734e-03 -7.495583e-02 -2.954547e+00 2.208541e-03 9.999961e-01 -1.699697e-03 -5.255405e-01 7.495950e-02 1.529367e-03 9.971854e-01 4.968966e+01
9.971918e-01 -7.339730e-04 -7.488630e-02 -3.036813e+00 5.141586e-04 9.999955e-01 -2.954545e-03 -5.382154e-01 7.488814e-02 2.907744e-03 9.971877e-01 5.066969e+01
9.971342e-01 -1.540803e-03 -7.563737e-02 -3.094580e+00 1.566987e-03 9.999987e-01 2.868357e-04 -5.412015e-01 7.563684e-02 -4.045365e-04 9.971353e-01 5.164713e+01
9.971430e-01 -3.369357e-03 -7.546148e-02 -3.177034e+00 3.648884e-03 9.999870e-01 3.566676e-03 -5.552311e-01 7.544848e-02 -3.831836e-03 9.971423e-01 5.261613e+01
9.969809e-01 -5.973846e-03 -7.741705e-02 -3.235654e+00 6.346191e-03 9.999694e-01 4.564466e-03 -5.675712e-01 7.738742e-02 -5.041989e-03 9.969883e-01 5.357969e+01
9.968244e-01 -1.002469e-02 -7.899707e-02 -3.286623e+00 1.031956e-02 9.999412e-01 3.325216e-03 -5.699081e-01 7.895910e-02 -4.129871e-03 9.968693e-01 5.454419e+01
9.967577e-01 -1.144681e-02 -7.964346e-02 -3.359013e+00 1.164621e-02 9.999301e-01 2.039525e-03 -5.910268e-01 7.961455e-02 -2.960456e-03 9.968213e-01 5.550224e+01
9.966829e-01 -1.261580e-02 -8.039885e-02 -3.429835e+00 1.291372e-02 9.999115e-01 3.186553e-03 -6.021279e-01 8.035153e-02 -4.214231e-03 9.967577e-01 5.646391e+01
9.964729e-01 -1.654221e-02 -8.226844e-02 -3.497070e+00 1.720076e-02 9.998254e-01 7.302495e-03 -6.002632e-01 8.213328e-02 -8.691818e-03 9.965835e-01 5.742559e+01
9.965259e-01 -1.655966e-02 -8.162064e-02 -3.595379e+00 1.757209e-02 9.997771e-01 1.170149e-02 -6.023162e-01 8.140867e-02 -1.309508e-02 9.965948e-01 5.837485e+01
9.964990e-01 -1.510948e-02 -8.222840e-02 -3.678245e+00 1.627887e-02 9.997754e-01 1.356945e-02 -5.963545e-01 8.200491e-02 -1.486053e-02 9.965211e-01 5.931482e+01
9.963522e-01 -1.445295e-02 -8.410406e-02 -3.741346e+00 1.533515e-02 9.998339e-01 9.852776e-03 -6.059531e-01 8.394768e-02 -1.110658e-02 9.964083e-01 6.023995e+01
9.963344e-01 -1.313373e-02 -8.452999e-02 -3.837869e+00 1.335639e-02 9.999087e-01 2.069009e-03 -6.132435e-01 8.449510e-02 -3.190440e-03 9.964188e-01 6.115239e+01
9.962585e-01 -1.117310e-02 -8.569834e-02 -3.924428e+00 1.095428e-02 9.999354e-01 -3.023218e-03 -6.147125e-01 8.572659e-02 2.073143e-03 9.963165e-01 6.206209e+01
9.962892e-01 -4.986102e-03 -8.592455e-02 -4.020095e+00 4.852626e-03 9.999867e-01 -1.762205e-03 -6.371211e-01 8.593219e-02 1.338706e-03 9.963001e-01 6.295833e+01
9.962230e-01 -1.648442e-03 -8.681633e-02 -4.106551e+00 1.682469e-03 9.999985e-01 3.187721e-04 -6.485322e-01 8.681568e-02 -4.636339e-04 9.962243e-01 6.383999e+01
9.961656e-01 1.411690e-03 -8.747614e-02 -4.199621e+00 -1.244979e-03 9.999973e-01 1.960312e-03 -6.594964e-01 8.747867e-02 -1.843889e-03 9.961647e-01 6.470674e+01
9.960673e-01 2.704337e-03 -8.855889e-02 -4.275646e+00 -2.579720e-03 9.999955e-01 1.521586e-03 -6.664603e-01 8.856260e-02 -1.287145e-03 9.960698e-01 6.556142e+01
9.959349e-01 3.739035e-03 -8.999798e-02 -4.365353e+00 -3.524301e-03 9.999906e-01 2.544779e-03 -6.785957e-01 9.000665e-02 -2.217254e-03 9.959387e-01 6.640272e+01
9.957413e-01 3.879888e-03 -9.211018e-02 -4.416501e+00 -3.566431e-03 9.999873e-01 3.567419e-03 -7.037015e-01 9.212285e-02 -3.223721e-03 9.957424e-01 6.723254e+01
9.956068e-01 3.260941e-03 -9.357552e-02 -4.491547e+00 -2.885577e-03 9.999872e-01 4.146377e-03 -7.196840e-01 9.358784e-02 -3.858142e-03 9.956036e-01 6.804856e+01
9.954837e-01 3.328589e-03 -9.487456e-02 -4.577885e+00 -2.848152e-03 9.999824e-01 5.198878e-03 -7.340476e-01 9.489020e-02 -4.905181e-03 9.954757e-01 6.885135e+01
9.954005e-01 6.066303e-03 -9.560872e-02 -4.670165e+00 -5.285159e-03 9.999506e-01 8.421335e-03 -7.514262e-01 9.565508e-02 -7.877294e-03 9.953834e-01 6.964283e+01
9.953129e-01 7.368569e-03 -9.642532e-02 -4.759242e+00 -6.152953e-03 9.998979e-01 1.289810e-02 -7.625842e-01 9.651051e-02 -1.224434e-02 9.952566e-01 7.041706e+01
9.952019e-01 1.001788e-02 -9.732802e-02 -4.864251e+00 -8.638046e-03 9.998563e-01 1.458821e-02 -7.613245e-01 9.746017e-02 -1.367750e-02 9.951454e-01 7.116637e+01
9.950068e-01 1.346339e-02 -9.889457e-02 -4.927184e+00 -1.246371e-02 9.998649e-01 1.071941e-02 -7.805353e-01 9.902552e-02 -9.433294e-03 9.950402e-01 7.189741e+01
9.948769e-01 1.349291e-02 -1.001892e-01 -5.002615e+00 -1.321435e-02 9.999068e-01 3.443500e-03 -7.870896e-01 1.002263e-01 -2.101924e-03 9.949624e-01 7.260940e+01
9.947579e-01 1.224948e-02 -1.015221e-01 -5.075117e+00 -1.253012e-02 9.999192e-01 -2.127118e-03 -8.054058e-01 1.014878e-01 3.388051e-03 9.948310e-01 7.330367e+01
9.945483e-01 1.289135e-02 -1.034769e-01 -5.129265e+00 -1.332262e-02 9.999052e-01 -3.477755e-03 -8.092915e-01 1.034222e-01 4.837379e-03 9.946258e-01 7.398151e+01
9.943486e-01 1.602446e-02 -1.049482e-01 -5.199850e+00 -1.607473e-02 9.998707e-01 3.668944e-04 -8.293586e-01 1.049405e-01 1.322192e-03 9.944776e-01 7.463726e+01
9.943376e-01 1.608969e-02 -1.050425e-01 -5.275793e+00 -1.590585e-02 9.998701e-01 2.587645e-03 -8.466304e-01 1.050705e-01 -9.022021e-04 9.944644e-01 7.526638e+01
9.944652e-01 1.315319e-02 -1.042395e-01 -5.360717e+00 -1.338531e-02 9.999092e-01 -1.527538e-03 -8.467114e-01 1.042099e-01 2.914361e-03 9.945511e-01 7.587469e+01
9.947930e-01 5.200021e-03 -1.017836e-01 -5.458112e+00 -5.933627e-03 9.999585e-01 -6.906075e-03 -8.538230e-01 1.017435e-01 7.474061e-03 9.947826e-01 7.646340e+01
9.949582e-01 2.201990e-03 -1.002663e-01 -5.525711e+00 -3.410883e-03 9.999235e-01 -1.188699e-02 -8.670318e-01 1.002324e-01 1.216905e-02 9.948896e-01 7.704375e+01
9.952855e-01 4.711642e-03 -9.687419e-02 -5.590418e+00 -5.882942e-03 9.999130e-01 -1.180887e-02 -8.860003e-01 9.681012e-02 1.232310e-02 9.952266e-01 7.761236e+01
9.955525e-01 1.024058e-02 -9.364970e-02 -5.640703e+00 -1.103283e-02 9.999076e-01 -7.945884e-03 -9.111417e-01 9.355967e-02 8.943766e-03 9.955735e-01 7.816653e+01
9.960328e-01 9.145752e-03 -8.851537e-02 -5.696069e+00 -9.689900e-03 9.999367e-01 -5.719743e-03 -9.042693e-01 8.845745e-02 6.554757e-03 9.960584e-01 7.870774e+01
9.966566e-01 5.865284e-03 -8.149377e-02 -5.744170e+00 -6.017424e-03 9.999806e-01 -1.621411e-03 -9.082156e-01 8.148268e-02 2.106372e-03 9.966725e-01 7.923753e+01
9.973391e-01 1.399048e-03 -7.288907e-02 -5.783054e+00 -1.269331e-03 9.999975e-01 1.825938e-03 -9.211583e-01 7.289145e-02 -1.728559e-03 9.973384e-01 7.974853e+01
9.980624e-01 5.301265e-03 -6.199511e-02 -5.814925e+00 -5.219942e-03 9.999853e-01 1.473657e-03 -9.247511e-01 6.200201e-02 -1.147190e-03 9.980754e-01 8.024953e+01
9.988013e-01 1.054191e-02 -4.780053e-02 -5.827188e+00 -1.051915e-02 9.999444e-01 7.276172e-04 -9.307013e-01 4.780555e-02 -2.239240e-04 9.988566e-01 8.073744e+01
9.994296e-01 1.567897e-02 -2.991056e-02 -5.839830e+00 -1.565041e-02 9.998768e-01 1.188641e-03 -9.310404e-01 2.992551e-02 -7.198509e-04 9.995519e-01 8.121190e+01
9.998610e-01 1.415251e-02 -8.816277e-03 -5.810873e+00 -1.413066e-02 9.998969e-01 2.536510e-03 -9.465046e-01 8.851266e-03 -2.411577e-03 9.999579e-01 8.167101e+01
9.997946e-01 1.054227e-02 1.730770e-02 -5.773842e+00 -1.060575e-02 9.999373e-01 3.579810e-03 -9.584627e-01 -1.726888e-02 -3.762636e-03 9.998438e-01 8.212438e+01
9.988609e-01 9.664753e-03 4.672851e-02 -5.735773e+00 -9.938911e-03 9.999347e-01 5.638255e-03 -9.702905e-01 -4.667097e-02 -6.096263e-03 9.988917e-01 8.257278e+01
9.967428e-01 9.227456e-03 8.011668e-02 -5.685279e+00 -9.786741e-03 9.999304e-01 6.591018e-03 -9.678804e-01 -8.005029e-02 -7.353631e-03 9.967637e-01 8.300758e+01
9.930297e-01 9.124021e-03 1.175110e-01 -5.609920e+00 -1.009873e-02 9.999193e-01 7.701894e-03 -9.790779e-01 -1.174312e-01 -8.834922e-03 9.930417e-01 8.343962e+01
9.872509e-01 1.003305e-02 1.588555e-01 -5.517135e+00 -1.120483e-02 9.999162e-01 6.482423e-03 -9.654996e-01 -1.587771e-01 -8.179726e-03 9.872806e-01 8.386119e+01
9.789917e-01 9.666878e-03 2.036707e-01 -5.407288e+00 -1.123583e-02 9.999154e-01 6.548453e-03 -9.714032e-01 -2.035901e-01 -8.699291e-03 9.790176e-01 8.425942e+01
9.674873e-01 1.205346e-02 2.526321e-01 -5.278556e+00 -1.363613e-02 9.998968e-01 4.514736e-03 -9.808761e-01 -2.525516e-01 -7.812873e-03 9.675519e-01 8.465557e+01
9.519699e-01 1.275021e-02 3.059259e-01 -5.130257e+00 -1.407948e-02 9.998986e-01 2.138860e-03 -9.974912e-01 -3.058676e-01 -6.343409e-03 9.520529e-01 8.502339e+01
9.319704e-01 1.306792e-02 3.622988e-01 -4.960286e+00 -1.403294e-02 9.999015e-01 3.214034e-05 -1.005098e+00 -3.622627e-01 -5.114069e-03 9.320620e-01 8.538896e+01
9.067413e-01 1.339658e-02 4.214745e-01 -4.784335e+00 -1.414063e-02 9.998991e-01 -1.360305e-03 -1.019622e+00 -4.214502e-01 -4.726469e-03 9.068392e-01 8.574439e+01
8.780748e-01 1.334503e-02 4.783373e-01 -4.563360e+00 -1.338205e-02 9.999049e-01 -3.330950e-03 -1.026922e+00 -4.783362e-01 -3.476310e-03 8.781699e-01 8.605171e+01
8.442280e-01 1.177959e-02 5.358548e-01 -4.324413e+00 -1.102763e-02 9.999286e-01 -4.607438e-03 -1.040976e+00 -5.358708e-01 -2.019481e-03 8.442976e-01 8.635617e+01
8.069255e-01 1.135005e-02 5.905442e-01 -4.079971e+00 -1.073161e-02 9.999320e-01 -4.554551e-03 -1.063273e+00 -5.905557e-01 -2.662307e-03 8.069925e-01 8.663780e+01
7.669589e-01 9.605607e-03 6.416244e-01 -3.800006e+00 -1.003426e-02 9.999452e-01 -2.975596e-03 -1.079443e+00 -6.416178e-01 -4.156068e-03 7.670132e-01 8.690619e+01
7.243061e-01 9.948137e-03 6.894068e-01 -3.504153e+00 -1.285803e-02 9.999169e-01 -9.198637e-04 -1.083531e+00 -6.893587e-01 -8.198151e-03 7.243738e-01 8.715024e+01
6.774354e-01 9.563324e-03 7.355201e-01 -3.213945e+00 -1.221378e-02 9.999239e-01 -1.751889e-03 -1.079511e+00 -7.354809e-01 -7.796690e-03 6.775006e-01 8.738934e+01
6.293363e-01 8.352695e-03 7.770882e-01 -2.905838e+00 -9.632049e-03 9.999493e-01 -2.947507e-03 -1.091756e+00 -7.770734e-01 -5.629978e-03 6.293848e-01 8.761200e+01
5.814204e-01 6.552992e-03 8.135769e-01 -2.585469e+00 -5.033629e-03 9.999774e-01 -4.457095e-03 -1.095806e+00 -8.135877e-01 -1.503798e-03 5.814402e-01 8.779904e+01
5.346205e-01 8.514477e-03 8.450494e-01 -2.243544e+00 -5.293546e-03 9.999634e-01 -6.726384e-03 -1.092913e+00 -8.450757e-01 -8.772447e-04 5.346460e-01 8.796544e+01
4.869050e-01 1.124136e-02 8.733826e-01 -1.899570e+00 -8.916483e-03 9.999290e-01 -7.899261e-03 -1.102367e+00 -8.734094e-01 -3.941311e-03 4.869707e-01 8.812932e+01
4.415328e-01 1.244938e-02 8.971587e-01 -1.547521e+00 -8.947552e-03 9.999151e-01 -9.471780e-03 -1.116784e+00 -8.972005e-01 -3.845273e-03 4.416067e-01 8.826195e+01
3.998157e-01 1.056004e-02 9.165347e-01 -1.173839e+00 -2.378495e-03 9.999422e-01 -1.048348e-02 -1.121935e+00 -9.165924e-01 2.011488e-03 3.998178e-01 8.836778e+01
3.601637e-01 2.791377e-03 9.328849e-01 -7.988772e-01 1.241657e-02 9.998926e-01 -7.785605e-03 -1.128064e+00 -9.328065e-01 1.438732e-02 3.600904e-01 8.845753e+01
3.232836e-01 -1.407925e-04 9.463021e-01 -4.290946e-01 1.683182e-02 9.998426e-01 -5.601469e-03 -1.122686e+00 -9.461524e-01 1.773885e-02 3.232351e-01 8.856703e+01
2.908203e-01 3.554140e-03 9.567711e-01 -5.129259e-02 1.413825e-02 9.998680e-01 -8.011699e-03 -1.133517e+00 -9.566732e-01 1.585704e-02 2.907316e-01 8.865731e+01
2.601650e-01 1.118543e-02 9.654994e-01 3.299349e-01 3.059241e-03 9.999183e-01 -1.240853e-02 -1.153246e+00 -9.655593e-01 6.181960e-03 2.601095e-01 8.875346e+01
2.316832e-01 1.539395e-02 9.726695e-01 7.250013e-01 -2.123507e-03 9.998804e-01 -1.531880e-02 -1.175749e+00 -9.727890e-01 1.483638e-03 2.316882e-01 8.883576e+01
2.059493e-01 1.646198e-02 9.784242e-01 1.130348e+00 -1.455150e-03 9.998625e-01 -1.651639e-02 -1.200381e+00 -9.785616e-01 1.977786e-03 2.059450e-01 8.890135e+01
1.824295e-01 1.773081e-02 9.830590e-01 1.551349e+00 5.087900e-03 9.998070e-01 -1.897706e-02 -1.215570e+00 -9.832058e-01 8.463683e-03 1.823041e-01 8.895071e+01
1.622038e-01 2.407264e-02 9.864636e-01 1.978315e+00 1.211288e-02 9.995785e-01 -2.638440e-02 -1.214746e+00 -9.866829e-01 1.622857e-02 1.618438e-01 8.899802e+01
1.424534e-01 3.070864e-02 9.893250e-01 2.426715e+00 1.366066e-02 9.993624e-01 -3.298721e-02 -1.216004e+00 -9.897072e-01 1.821397e-02 1.419431e-01 8.904020e+01
1.236913e-01 3.173307e-02 9.918132e-01 2.891189e+00 1.136262e-02 9.993777e-01 -3.339216e-02 -1.228250e+00 -9.922557e-01 1.539992e-02 1.232538e-01 8.909958e+01
1.081573e-01 2.724203e-02 9.937605e-01 3.363979e+00 8.920341e-03 9.995576e-01 -2.837181e-02 -1.251525e+00 -9.940938e-01 1.193330e-02 1.078665e-01 8.914457e+01
9.358847e-02 2.415727e-02 9.953179e-01 3.849644e+00 9.284153e-03 9.996409e-01 -2.513517e-02 -1.271451e+00 -9.955677e-01 1.159304e-02 9.333058e-02 8.918618e+01
8.080114e-02 2.148344e-02 9.964987e-01 4.347181e+00 1.183395e-02 9.996765e-01 -2.251151e-02 -1.289014e+00 -9.966600e-01 1.361147e-02 8.052077e-02 8.920599e+01
7.002565e-02 2.097092e-02 9.973247e-01 4.861679e+00 1.598831e-02 9.996270e-01 -2.214193e-02 -1.297398e+00 -9.974171e-01 1.749604e-02 6.966424e-02 8.922967e+01
6.002871e-02 2.157991e-02 9.979634e-01 5.391851e+00 1.924060e-02 9.995555e-01 -2.277168e-02 -1.310333e+00 -9.980112e-01 2.056837e-02 5.958681e-02 8.924777e+01
5.245964e-02 2.178690e-02 9.983854e-01 5.937614e+00 2.103256e-02 9.995161e-01 -2.291672e-02 -1.331253e+00 -9.984015e-01 2.220080e-02 5.197602e-02 8.925866e+01
4.665065e-02 2.206072e-02 9.986676e-01 6.501155e+00 2.194322e-02 9.994922e-01 -2.310396e-02 -1.349140e+00 -9.986702e-01 2.299180e-02 4.614288e-02 8.927830e+01
4.120320e-02 2.292399e-02 9.988878e-01 7.084666e+00 2.374431e-02 9.994320e-01 -2.391591e-02 -1.367951e+00 -9.988686e-01 2.470331e-02 4.063548e-02 8.930133e+01
3.535416e-02 2.363437e-02 9.990953e-01 7.687590e+00 2.493009e-02 9.993884e-01 -2.452349e-02 -1.379682e+00 -9.990638e-01 2.577455e-02 3.474333e-02 8.932072e+01
2.975566e-02 2.369184e-02 9.992764e-01 8.305922e+00 2.747828e-02 9.993218e-01 -2.451115e-02 -1.397973e+00 -9.991794e-01 2.818774e-02 2.908447e-02 8.935511e+01
2.707398e-02 2.371778e-02 9.993520e-01 8.945280e+00 2.993594e-02 9.992509e-01 -2.452639e-02 -1.414214e+00 -9.991851e-01 3.058057e-02 2.634369e-02 8.937470e+01
2.396344e-02 2.317508e-02 9.994442e-01 9.599918e+00 3.042146e-02 9.992514e-01 -2.390002e-02 -1.435087e+00 -9.992499e-01 3.097728e-02 2.324048e-02 8.938397e+01
2.135138e-02 2.252776e-02 9.995182e-01 1.027351e+01 3.305704e-02 9.991836e-01 -2.322638e-02 -1.457713e+00 -9.992254e-01 3.353703e-02 2.058925e-02 8.939228e+01
2.098984e-02 2.167154e-02 9.995448e-01 1.095927e+01 3.770226e-02 9.990368e-01 -2.245225e-02 -1.487414e+00 -9.990685e-01 3.815637e-02 2.015256e-02 8.939977e+01
2.188387e-02 2.127800e-02 9.995341e-01 1.166634e+01 4.105428e-02 9.989111e-01 -2.216358e-02 -1.509095e+00 -9.989172e-01 4.152018e-02 2.098648e-02 8.941429e+01
2.416866e-02 2.108731e-02 9.994855e-01 1.238914e+01 4.247828e-02 9.988529e-01 -2.210113e-02 -1.534966e+00 -9.988050e-01 4.299058e-02 2.324518e-02 8.943136e+01
2.806513e-02 2.129026e-02 9.993793e-01 1.312794e+01 4.427552e-02 9.987655e-01 -2.252055e-02 -1.555319e+00 -9.986251e-01 4.488008e-02 2.708785e-02 8.945148e+01
3.239315e-02 2.085234e-02 9.992577e-01 1.388681e+01 4.473490e-02 9.987501e-01 -2.229193e-02 -1.570549e+00 -9.984736e-01 4.542380e-02 3.141984e-02 8.947685e+01
3.630850e-02 1.966481e-02 9.991471e-01 1.465782e+01 4.574516e-02 9.987256e-01 -2.131887e-02 -1.588129e+00 -9.982931e-01 4.648021e-02 3.536266e-02 8.951322e+01
4.054071e-02 1.780184e-02 9.990193e-01 1.544420e+01 4.475398e-02 9.988055e-01 -1.961417e-02 -1.620699e+00 -9.981751e-01 4.550526e-02 3.969558e-02 8.955524e+01
4.430845e-02 1.556677e-02 9.988966e-01 1.623758e+01 4.174400e-02 9.989765e-01 -1.741967e-02 -1.642936e+00 -9.981454e-01 4.246978e-02 4.361328e-02 8.960965e+01
4.867247e-02 1.444270e-02 9.987104e-01 1.703980e+01 4.191387e-02 9.989851e-01 -1.648936e-02 -1.655798e+00 -9.979350e-01 4.266240e-02 4.801772e-02 8.965377e+01
5.244904e-02 1.493240e-02 9.985120e-01 1.784245e+01 3.957114e-02 9.990718e-01 -1.701933e-02 -1.685746e+00 -9.978393e-01 4.040490e-02 5.180946e-02 8.971504e+01
5.633207e-02 1.857002e-02 9.982394e-01 1.865200e+01 3.931487e-02 9.990103e-01 -2.080296e-02 -1.708826e+00 -9.976377e-01 4.041752e-02 5.554624e-02 8.975121e+01
5.753598e-02 2.333532e-02 9.980707e-01 1.946480e+01 3.226307e-02 9.991612e-01 -2.522069e-02 -1.754392e+00 -9.978220e-01 3.365192e-02 5.673484e-02 8.980444e+01
5.769475e-02 2.668464e-02 9.979776e-01 2.028379e+01 2.877906e-02 9.991828e-01 -2.838063e-02 -1.785107e+00 -9.979194e-01 3.035827e-02 5.687965e-02 8.982998e+01
5.761032e-02 2.650218e-02 9.979873e-01 2.110223e+01 2.634466e-02 9.992591e-01 -2.805674e-02 -1.813035e+00 -9.979915e-01 2.790800e-02 5.686945e-02 8.988052e+01
5.793389e-02 2.467677e-02 9.980154e-01 2.191940e+01 2.440984e-02 9.993606e-01 -2.612700e-02 -1.838188e+00 -9.980220e-01 2.587504e-02 5.729449e-02 8.993157e+01
5.716359e-02 2.450290e-02 9.980641e-01 2.273578e+01 2.620725e-02 9.993175e-01 -2.603468e-02 -1.849688e+00 -9.980208e-01 2.764475e-02 5.648242e-02 9.000120e+01
5.869347e-02 2.388370e-02 9.979903e-01 2.355206e+01 2.417768e-02 9.993865e-01 -2.533904e-02 -1.880813e+00 -9.979832e-01 2.561633e-02 5.808001e-02 9.003130e+01
5.887692e-02 2.425807e-02 9.979705e-01 2.436426e+01 2.306691e-02 9.994047e-01 -2.565380e-02 -1.913866e+00 -9.979987e-01 2.453051e-02 5.828232e-02 9.007666e+01
5.845209e-02 2.557450e-02 9.979626e-01 2.517393e+01 2.051051e-02 9.994300e-01 -2.681344e-02 -1.932438e+00 -9.980795e-01 2.203603e-02 5.789423e-02 9.014430e+01
5.773137e-02 2.627928e-02 9.979862e-01 2.598562e+01 1.679711e-02 9.994864e-01 -2.729046e-02 -1.975339e+00 -9.981908e-01 1.833880e-02 5.726030e-02 9.017901e+01
5.508252e-02 2.639464e-02 9.981329e-01 2.679587e+01 1.423411e-02 9.995282e-01 -2.721706e-02 -2.000804e+00 -9.983803e-01 1.570672e-02 5.468083e-02 9.022284e+01
5.002342e-02 2.497979e-02 9.984356e-01 2.760544e+01 1.088040e-02 9.996142e-01 -2.555441e-02 -2.039838e+00 -9.986888e-01 1.214170e-02 4.973233e-02 9.029555e+01
4.487092e-02 2.239891e-02 9.987417e-01 2.841628e+01 7.700547e-03 9.997111e-01 -2.276662e-02 -2.078160e+00 -9.989631e-01 8.712416e-03 4.468547e-02 9.034289e+01
3.896020e-02 2.047273e-02 9.990310e-01 2.922324e+01 6.756255e-03 9.997618e-01 -2.075119e-02 -2.102516e+00 -9.992179e-01 7.558179e-03 3.881260e-02 9.037558e+01
3.169042e-02 1.979329e-02 9.993017e-01 3.002427e+01 6.673263e-03 9.997774e-01 -2.001433e-02 -2.140396e+00 -9.994755e-01 7.302866e-03 3.155128e-02 9.040790e+01
2.349807e-02 2.096489e-02 9.995040e-01 3.082573e+01 7.661794e-03 9.997470e-01 -2.115011e-02 -2.163782e+00 -9.996945e-01 8.154981e-03 2.333150e-02 9.042086e+01
1.383388e-02 2.120649e-02 9.996794e-01 3.162323e+01 8.114171e-03 9.997398e-01 -2.132005e-02 -2.195808e+00 -9.998714e-01 8.406509e-03 1.365821e-02 9.043125e+01
3.358489e-03 2.021168e-02 9.997901e-01 3.241562e+01 8.625665e-03 9.997579e-01 -2.024001e-02 -2.221024e+00 -9.999572e-01 8.691831e-03 3.183337e-03 9.043466e+01
-7.803612e-03 1.951053e-02 9.997792e-01 3.320765e+01 8.049899e-03 9.997785e-01 -1.944768e-02 -2.247977e+00 -9.999371e-01 7.896360e-03 -7.958941e-03 9.043382e+01
-1.869011e-02 1.872721e-02 9.996499e-01 3.399425e+01 8.819210e-03 9.997888e-01 -1.856492e-02 -2.273452e+00 -9.997864e-01 8.469142e-03 -1.885133e-02 9.040940e+01
-2.987620e-02 1.897828e-02 9.993734e-01 3.477392e+01 8.747713e-03 9.997864e-01 -1.872462e-02 -2.299595e+00 -9.995153e-01 8.182812e-03 -3.003583e-02 9.038972e+01
-4.085847e-02 1.943871e-02 9.989758e-01 3.554918e+01 9.164274e-03 9.997760e-01 -1.907946e-02 -2.331177e+00 -9.991229e-01 8.375331e-03 -4.102746e-02 9.035964e+01
-5.181486e-02 2.031323e-02 9.984501e-01 3.631763e+01 9.489012e-03 9.997580e-01 -1.984741e-02 -2.359423e+00 -9.986116e-01 8.445914e-03 -5.199507e-02 9.032496e+01
-6.131157e-02 2.099267e-02 9.978979e-01 3.707599e+01 1.034064e-02 9.997385e-01 -2.039606e-02 -2.388855e+00 -9.980651e-01 9.068386e-03 -6.151261e-02 9.025746e+01
-7.055010e-02 2.161429e-02 9.972740e-01 3.782739e+01 1.130465e-02 9.997183e-01 -2.086754e-02 -2.416465e+00 -9.974442e-01 9.801628e-03 -7.077457e-02 9.018981e+01
-8.014166e-02 2.268834e-02 9.965252e-01 3.857303e+01 1.212837e-02 9.996891e-01 -2.178500e-02 -2.432083e+00 -9.967097e-01 1.034034e-02 -8.039192e-02 9.013982e+01
-8.874512e-02 2.227367e-02 9.958053e-01 3.930901e+01 1.226256e-02 9.996986e-01 -2.126793e-02 -2.469201e+00 -9.959789e-01 1.032369e-02 -8.899151e-02 9.006674e+01
-9.734052e-02 2.201425e-02 9.950076e-01 4.003869e+01 1.382734e-02 9.996888e-01 -2.076510e-02 -2.489611e+00 -9.951551e-01 1.173702e-02 -9.761462e-02 9.000077e+01
-1.040004e-01 2.088392e-02 9.943580e-01 4.075810e+01 1.586213e-02 9.996872e-01 -1.933682e-02 -2.513548e+00 -9.944508e-01 1.376159e-02 -1.042991e-01 8.992253e+01
-1.098741e-01 1.941848e-02 9.937558e-01 4.147369e+01 1.802607e-02 9.996836e-01 -1.754127e-02 -2.535094e+00 -9.937820e-01 1.598618e-02 -1.101894e-01 8.986493e+01
-1.137401e-01 1.839814e-02 9.933402e-01 4.217525e+01 2.099003e-02 9.996499e-01 -1.611160e-02 -2.554044e+00 -9.932888e-01 1.901770e-02 -1.140864e-01 8.978609e+01
-1.164238e-01 1.706869e-02 9.930529e-01 4.286105e+01 2.252191e-02 9.996406e-01 -1.454149e-02 -2.579785e+00 -9.929442e-01 2.067248e-02 -1.167664e-01 8.970508e+01
-1.181654e-01 1.620115e-02 9.928618e-01 4.353498e+01 2.326812e-02 9.996375e-01 -1.354246e-02 -2.594854e+00 -9.927213e-01 2.150178e-02 -1.184996e-01 8.963440e+01
-1.189971e-01 1.649974e-02 9.927575e-01 4.418886e+01 2.387058e-02 9.996205e-01 -1.375255e-02 -2.619632e+00 -9.926076e-01 2.206118e-02 -1.193458e-01 8.954948e+01
-1.176017e-01 1.781192e-02 9.929011e-01 4.482628e+01 2.565377e-02 9.995599e-01 -1.489287e-02 -2.644772e+00 -9.927294e-01 2.372022e-02 -1.180069e-01 8.946565e+01
-1.146976e-01 1.997132e-02 9.931997e-01 4.544683e+01 2.752718e-02 9.994779e-01 -1.691864e-02 -2.658549e+00 -9.930190e-01 2.539946e-02 -1.151875e-01 8.939834e+01
-1.105527e-01 2.054324e-02 9.936579e-01 4.604931e+01 2.709244e-02 9.994771e-01 -1.764929e-02 -2.679086e+00 -9.935009e-01 2.496944e-02 -1.110515e-01 8.934736e+01
-1.035773e-01 2.180777e-02 9.943823e-01 4.663285e+01 2.624937e-02 9.994713e-01 -1.918518e-02 -2.692616e+00 -9.942750e-01 2.411476e-02 -1.040950e-01 8.930743e+01
-9.223120e-02 2.165359e-02 9.955021e-01 4.719389e+01 2.535700e-02 9.994904e-01 -1.939106e-02 -2.722663e+00 -9.954147e-01 2.345449e-02 -9.273327e-02 8.925347e+01
-7.936073e-02 2.212212e-02 9.966005e-01 4.773698e+01 2.389173e-02 9.995087e-01 -2.028414e-02 -2.744538e+00 -9.965596e-01 2.220074e-02 -7.985028e-02 8.923686e+01
-6.215321e-02 2.429425e-02 9.977709e-01 4.827226e+01 2.388855e-02 9.994535e-01 -2.284715e-02 -2.754313e+00 -9.977807e-01 2.241528e-02 -6.269959e-02 8.921591e+01
-4.182028e-02 2.636707e-02 9.987772e-01 4.879984e+01 2.166466e-02 9.994406e-01 -2.547745e-02 -2.778261e+00 -9.988902e-01 2.057269e-02 -4.236812e-02 8.922100e+01
-1.770099e-02 2.948736e-02 9.994084e-01 4.932300e+01 1.976943e-02 9.993799e-01 -2.913637e-02 -2.802487e+00 -9.996479e-01 1.924200e-02 -1.827296e-02 8.923551e+01
1.099000e-02 3.136628e-02 9.994475e-01 4.984742e+01 1.823246e-02 9.993354e-01 -3.156325e-02 -2.822444e+00 -9.997734e-01 1.856927e-02 1.041082e-02 8.925579e+01
4.303219e-02 3.153847e-02 9.985758e-01 5.036619e+01 1.614225e-02 9.993492e-01 -3.225852e-02 -2.839737e+00 -9.989433e-01 1.750741e-02 4.249508e-02 8.931196e+01
7.958988e-02 2.889347e-02 9.964089e-01 5.087378e+01 1.424258e-02 9.994448e-01 -3.011916e-02 -2.861581e+00 -9.967259e-01 1.658861e-02 7.913418e-02 8.939045e+01
1.199188e-01 2.581283e-02 9.924481e-01 5.137610e+01 1.250533e-02 9.995433e-01 -2.750841e-02 -2.875733e+00 -9.927049e-01 1.570967e-02 1.195412e-01 8.949913e+01
1.635224e-01 2.141316e-02 9.863072e-01 5.187697e+01 1.012173e-02 9.996754e-01 -2.338149e-02 -2.897865e+00 -9.864877e-01 1.380654e-02 1.632525e-01 8.962325e+01
2.110603e-01 1.797064e-02 9.773078e-01 5.235287e+01 5.456010e-03 9.997938e-01 -1.956239e-02 -2.919360e+00 -9.774578e-01 9.461046e-03 2.109187e-01 8.976616e+01
2.625227e-01 1.575818e-02 9.647971e-01 5.282348e+01 1.558633e-03 9.998584e-01 -1.675495e-02 -2.948778e+00 -9.649246e-01 5.902319e-03 2.624609e-01 8.993012e+01
3.158885e-01 1.560884e-02 9.486679e-01 5.327516e+01 6.078698e-04 9.998611e-01 -1.665356e-02 -2.963772e+00 -9.487961e-01 5.837334e-03 3.158352e-01 9.012977e+01
3.746152e-01 1.685390e-02 9.270272e-01 5.369803e+01 2.723843e-03 9.998105e-01 -1.927786e-02 -2.971418e+00 -9.271764e-01 9.746855e-03 3.744983e-01 9.032504e+01
4.322742e-01 1.906985e-02 9.015405e-01 5.410072e+01 2.114072e-03 9.997522e-01 -2.216094e-02 -2.998518e+00 -9.017397e-01 1.148552e-02 4.321268e-01 9.058506e+01
4.902686e-01 2.098959e-02 8.713186e-01 5.446332e+01 4.620268e-03 9.996333e-01 -2.668033e-02 -3.027657e+00 -8.715591e-01 1.710625e-02 4.899919e-01 9.085973e+01
5.487536e-01 2.571442e-02 8.355886e-01 5.483513e+01 9.347239e-04 9.995073e-01 -3.137272e-02 -3.034710e+00 -8.359837e-01 1.799694e-02 5.484592e-01 9.115921e+01
6.045481e-01 2.985908e-02 7.960088e-01 5.517848e+01 -3.413687e-03 9.993851e-01 -3.489532e-02 -3.032548e+00 -7.965613e-01 1.837857e-02 6.042783e-01 9.148915e+01
6.580063e-01 3.136700e-02 7.523588e-01 5.549205e+01 -5.426744e-03 9.993036e-01 -3.691632e-02 -3.044903e+00 -7.529929e-01 2.020832e-02 6.577183e-01 9.181501e+01
7.079217e-01 3.035640e-02 7.056383e-01 5.579510e+01 -6.557229e-03 9.993154e-01 -3.641188e-02 -3.058361e+00 -7.062605e-01 2.114973e-02 7.076361e-01 9.218374e+01
7.543271e-01 2.569081e-02 6.559959e-01 5.607794e+01 -7.855712e-03 9.995157e-01 -3.011085e-02 -3.088258e+00 -6.564517e-01 1.756012e-02 7.541636e-01 9.256788e+01
7.973644e-01 2.018644e-02 6.031604e-01 5.633094e+01 -8.092295e-03 9.997082e-01 -2.276019e-02 -3.107328e+00 -6.034438e-01 1.326721e-02 7.972951e-01 9.294811e+01
8.354600e-01 1.716388e-02 5.492832e-01 5.655982e+01 -9.992939e-03 9.998214e-01 -1.604293e-02 -3.123097e+00 -5.494605e-01 7.914272e-03 8.354822e-01 9.337114e+01
8.671297e-01 1.528876e-02 4.978478e-01 5.675155e+01 -1.214231e-02 9.998806e-01 -9.557102e-03 -3.123556e+00 -4.979344e-01 2.242226e-03 8.672118e-01 9.381366e+01
8.937634e-01 1.601654e-02 4.482527e-01 5.692282e+01 -1.583022e-02 9.998660e-01 -4.162658e-03 -3.132984e+00 -4.482593e-01 -3.375507e-03 8.938972e-01 9.425130e+01
9.146917e-01 1.760071e-02 4.037688e-01 5.708008e+01 -1.915271e-02 9.998166e-01 -1.948041e-04 -3.148523e+00 -4.036981e-01 -7.555079e-03 9.148610e-01 9.471603e+01
9.310710e-01 2.277997e-02 3.641263e-01 5.721579e+01 -2.542505e-02 9.996737e-01 2.471653e-03 -3.150236e+00 -3.639512e-01 -1.155922e-02 9.313463e-01 9.517575e+01
9.437120e-01 2.785837e-02 3.295929e-01 5.733819e+01 -2.994677e-02 9.995507e-01 1.259966e-03 -3.147555e+00 -3.294097e-01 -1.105929e-02 9.441223e-01 9.565191e+01
9.536898e-01 2.958742e-02 2.993332e-01 5.746860e+01 -3.156922e-02 9.995000e-01 1.786017e-03 -3.150691e+00 -2.991306e-01 -1.115302e-02 9.541470e-01 9.612676e+01
9.603437e-01 2.418420e-02 2.777681e-01 5.759877e+01 -2.559893e-02 9.996712e-01 1.467131e-03 -3.149618e+00 -2.776413e-01 -8.519515e-03 9.606470e-01 9.660545e+01
9.647861e-01 2.084307e-02 2.622086e-01 5.772699e+01 -2.220186e-02 9.997510e-01 2.220259e-03 -3.156279e+00 -2.620971e-01 -7.963595e-03 9.650087e-01 9.709626e+01
9.678900e-01 2.546915e-02 2.500804e-01 5.783497e+01 -2.680039e-02 9.996390e-01 1.918917e-03 -3.158198e+00 -2.499413e-01 -8.559554e-03 9.682232e-01 9.760310e+01
9.701221e-01 2.956669e-02 2.408089e-01 5.794472e+01 -3.108754e-02 9.995135e-01 2.518201e-03 -3.160190e+00 -2.406173e-01 -9.929117e-03 9.705693e-01 9.811719e+01
9.711259e-01 3.741478e-02 2.356153e-01 5.804030e+01 -3.899513e-02 9.992373e-01 2.049672e-03 -3.172897e+00 -2.353589e-01 -1.117834e-02 9.718443e-01 9.864450e+01
9.715501e-01 4.263728e-02 2.329644e-01 5.814929e+01 -4.349514e-02 9.990526e-01 -1.455913e-03 -3.179376e+00 -2.328058e-01 -8.718327e-03 9.724842e-01 9.917932e+01
9.715153e-01 4.355138e-02 2.329404e-01 5.826481e+01 -4.376125e-02 9.990329e-01 -4.269480e-03 -3.186699e+00 -2.329011e-01 -6.045901e-03 9.724816e-01 9.972367e+01
9.707765e-01 4.305359e-02 2.360920e-01 5.839274e+01 -4.243442e-02 9.990695e-01 -7.705434e-03 -3.198832e+00 -2.362041e-01 -2.538176e-03 9.717001e-01 1.002735e+02
9.697543e-01 4.155265e-02 2.405202e-01 5.851388e+01 -3.919821e-02 9.991253e-01 -1.456706e-02 -3.201089e+00 -2.409151e-01 4.698504e-03 9.705348e-01 1.008372e+02
9.687801e-01 4.246709e-02 2.442573e-01 5.865955e+01 -3.889887e-02 9.990545e-01 -1.941594e-02 -3.204573e+00 -2.448509e-01 9.308447e-03 9.695161e-01 1.014168e+02
9.674349e-01 4.687444e-02 2.487417e-01 5.878434e+01 -4.360639e-02 9.988750e-01 -1.863524e-02 -3.214980e+00 -2.493353e-01 7.181655e-03 9.683906e-01 1.020127e+02
9.657957e-01 4.961941e-02 2.545124e-01 5.894001e+01 -4.734976e-02 9.987651e-01 -1.504028e-02 -3.225508e+00 -2.549444e-01 2.474735e-03 9.669525e-01 1.026162e+02
9.647357e-01 4.631456e-02 2.591139e-01 5.912224e+01 -4.533661e-02 9.989242e-01 -9.752044e-03 -3.247611e+00 -2.592868e-01 -2.339201e-03 9.657975e-01 1.032226e+02
9.641199e-01 4.137107e-02 2.622236e-01 5.930448e+01 -4.175666e-02 9.991194e-01 -4.104180e-03 -3.261134e+00 -2.621624e-01 -6.992658e-03 9.649984e-01 1.038429e+02
9.632614e-01 3.838255e-02 2.658087e-01 5.948034e+01 -3.997954e-02 9.992003e-01 5.977999e-04 -3.271723e+00 -2.655732e-01 -1.120275e-02 9.640256e-01 1.044715e+02
9.626131e-01 3.358503e-02 2.687902e-01 5.965491e+01 -3.515797e-02 9.993812e-01 1.038963e-03 -3.277029e+00 -2.685889e-01 -1.045023e-02 9.631982e-01 1.051099e+02
9.626530e-01 3.130197e-02 2.689226e-01 5.985452e+01 -3.183744e-02 9.994902e-01 -2.370946e-03 -3.271736e+00 -2.688597e-01 -6.279409e-03 9.631589e-01 1.057454e+02
9.627520e-01 3.089731e-02 2.686148e-01 6.003036e+01 -2.942159e-02 9.995218e-01 -9.518602e-03 -3.279748e+00 -2.687804e-01 1.260981e-03 9.632007e-01 1.064009e+02
9.627258e-01 3.399925e-02 2.683339e-01 6.019162e+01 -3.072752e-02 9.993935e-01 -1.638426e-02 -3.287892e+00 -2.687282e-01 7.528315e-03 9.631866e-01 1.070748e+02
9.631947e-01 3.725340e-02 2.662106e-01 6.037214e+01 -3.301101e-02 9.992469e-01 -2.039482e-02 -3.296295e+00 -2.667699e-01 1.085631e-02 9.636991e-01 1.077651e+02
9.640382e-01 3.452552e-02 2.635115e-01 6.056145e+01 -3.143105e-02 9.993786e-01 -1.595123e-02 -3.313261e+00 -2.638985e-01 7.095155e-03 9.645244e-01 1.084698e+02
9.644792e-01 3.016595e-02 2.624306e-01 6.074575e+01 -2.896879e-02 9.995448e-01 -8.430492e-03 -3.323604e+00 -2.625654e-01 5.287378e-04 9.649140e-01 1.091859e+02
9.651991e-01 3.003447e-02 2.597858e-01 6.094126e+01 -3.049715e-02 9.995323e-01 -2.250333e-03 -3.347941e+00 -2.597319e-01 -5.750708e-03 9.656636e-01 1.099026e+02
9.655302e-01 3.379551e-02 2.580879e-01 6.111645e+01 -3.428364e-02 9.994087e-01 -2.610088e-03 -3.362418e+00 -2.580235e-01 -6.328073e-03 9.661179e-01 1.106308e+02
9.660712e-01 3.850998e-02 2.553886e-01 6.131023e+01 -3.792935e-02 9.992545e-01 -7.200073e-03 -3.376786e+00 -2.554755e-01 -2.730942e-03 9.668117e-01 1.113668e+02
9.670246e-01 3.990972e-02 2.515365e-01 6.149173e+01 -3.803210e-02 9.992005e-01 -1.232359e-02 -3.388615e+00 -2.518273e-01 2.350755e-03 9.677693e-01 1.121189e+02
9.680439e-01 3.949882e-02 2.476506e-01 6.169314e+01 -3.680200e-02 9.992022e-01 -1.551117e-02 -3.390686e+00 -2.480657e-01 5.901452e-03 9.687252e-01 1.128822e+02
9.691599e-01 3.674689e-02 2.436776e-01 6.189511e+01 -3.439918e-02 9.993117e-01 -1.388430e-02 -3.410617e+00 -2.440200e-01 5.073794e-03 9.697569e-01 1.136540e+02
9.700266e-01 3.285948e-02 2.407666e-01 6.207792e+01 -3.097417e-02 9.994527e-01 -1.161176e-02 -3.433649e+00 -2.410164e-01 3.806172e-03 9.705136e-01 1.144446e+02
9.704710e-01 3.177036e-02 2.391163e-01 6.226968e+01 -3.055864e-02 9.994945e-01 -8.774096e-03 -3.456588e+00 -2.392741e-01 1.207939e-03 9.709513e-01 1.152525e+02
9.708766e-01 2.797692e-02 2.379412e-01 6.246649e+01 -2.712573e-02 9.996085e-01 -6.851425e-03 -3.464882e+00 -2.380397e-01 1.975601e-04 9.712554e-01 1.160600e+02
