1.000000e+00 0.000000e+00 0.000000e+00 0.000000e+00 0.000000e+00 1.000000e+00 0.000000e+00 0.000000e+00 0.000000e+00 0.000000e+00 1.000000e+00 0.000000e+00
9.999936e-01 -2.536279e-03 -2.516882e-03 -1.881229e-02 2.530407e-03 9.999941e-01 -2.333767e-03 5.592632e-04 2.522786e-03 2.327384e-03 9.999941e-01 8.591212e-01
9.999701e-01 -9.354420e-04 -7.673071e-03 -2.360720e-02 9.071908e-04 9.999928e-01 -3.684522e-03 -1.006124e-02 7.676462e-03 3.677451e-03 9.999638e-01 1.719480e+00
9.999292e-01 -1.055958e-03 -1.184850e-02 -3.303255e-02 9.981598e-04 9.999876e-01 -4.882981e-03 -1.963783e-02 1.185350e-02 4.870809e-03 9.999179e-01 2.578805e+00
9.998656e-01 2.195573e-04 -1.639091e-02 -6.124509e-02 -3.033946e-04 9.999869e-01 -5.112555e-03 -3.172362e-02 1.638957e-02 5.116841e-03 9.998526e-01 3.438693e+00
9.997973e-01 -1.002611e-03 -2.010999e-02 -9.457825e-02 8.941863e-04 9.999850e-01 -5.399870e-03 -3.938673e-02 2.011511e-02 5.380793e-03 9.997832e-01 4.297410e+00
9.997227e-01 1.404440e-03 -2.350528e-02 -1.414101e-01 -1.568529e-03 9.999745e-01 -6.963938e-03 -4.209726e-02 2.349490e-02 6.998876e-03 9.996995e-01 5.156669e+00
9.995593e-01 3.639638e-03 -2.946047e-02 -1.467790e-01 -3.830197e-03 9.999721e-01 -6.414457e-03 -7.069713e-02 2.943630e-02 6.524469e-03 9.995454e-01 6.015622e+00
9.994154e-01 3.873006e-03 -3.396920e-02 -1.738032e-01 -4.039293e-03 9.999802e-01 -4.827959e-03 -7.890074e-02 3.394983e-02 4.962348e-03 9.994112e-01 6.875465e+00
9.992540e-01 3.198816e-03 -3.848730e-02 -2.054493e-01 -3.275676e-03 9.999928e-01 -1.934126e-03 -8.990138e-02 3.848083e-02 2.058755e-03 9.992572e-01 7.735410e+00
9.991230e-01 2.814267e-03 -4.177710e-02 -2.436035e-01 -2.792970e-03 9.999959e-01 5.681226e-04 -9.702791e-02 4.177853e-02 -4.509421e-04 9.991268e-01 8.593667e+00
9.990350e-01 4.859980e-03 -4.365142e-02 -3.021608e-01 -4.869016e-03 9.999881e-01 -1.006995e-04 -1.073596e-01 4.365041e-02 3.131418e-04 9.990468e-01 9.452042e+00
9.990178e-01 4.861028e-03 -4.404323e-02 -3.593102e-01 -4.873737e-03 9.999881e-01 -1.811688e-04 -1.107106e-01 4.404182e-02 3.956459e-04 9.990296e-01 1.031049e+01
9.989190e-01 2.308601e-03 -4.642674e-02 -3.892272e-01 -2.349886e-03 9.999969e-01 -8.346950e-04 -1.180189e-01 4.642466e-02 9.428902e-04 9.989213e-01 1.116953e+01
9.988831e-01 2.485312e-03 -4.718404e-02 -4.596279e-01 -2.482187e-03 9.999969e-01 1.248207e-04 -1.293435e-01 4.718420e-02 -7.561653e-06 9.988862e-01 1.202243e+01
9.988388e-01 1.317009e-03 -4.815961e-02 -5.115549e-01 -1.314350e-03 9.999991e-01 8.687730e-05 -1.369833e-01 4.815968e-02 -2.347785e-05 9.988396e-01 1.288450e+01
9.987032e-01 3.092480e-03 -5.081748e-02 -5.520891e-01 -3.197855e-03 9.999929e-01 -1.992432e-03 -1.450799e-01 5.081095e-02 2.152355e-03 9.987060e-01 1.375424e+01
9.986250e-01 3.824736e-03 -5.228310e-02 -6.022934e-01 -4.081128e-03 9.999802e-01 -4.798036e-03 -1.516494e-01 5.226371e-02 5.004812e-03 9.986208e-01 1.463440e+01
9.985055e-01 7.395895e-03 -5.414890e-02 -6.575507e-01 -7.754457e-03 9.999494e-01 -6.414668e-03 -1.620252e-01 5.409871e-02 6.824976e-03 9.985123e-01 1.552455e+01
9.984485e-01 8.577011e-03 -5.501767e-02 -7.124116e-01 -8.917516e-03 9.999426e-01 -5.946503e-03 -1.823895e-01 5.496350e-02 6.427898e-03 9.984677e-01 1.642437e+01
9.983468e-01 6.841413e-03 -5.706929e-02 -7.545790e-01 -7.115615e-03 9.999641e-01 -4.602893e-03 -1.919080e-01 5.703575e-02 5.001366e-03 9.983596e-01 1.732950e+01
9.982389e-01 7.511940e-03 -5.884387e-02 -8.083834e-01 -7.679562e-03 9.999671e-01 -2.622957e-03 -2.058971e-01 5.882223e-02 3.070232e-03 9.982638e-01 1.824086e+01
9.981760e-01 8.009961e-03 -5.983766e-02 -8.679780e-01 -8.183117e-03 9.999630e-01 -2.649262e-03 -2.158584e-01 5.981423e-02 3.134088e-03 9.982046e-01 1.915396e+01
9.980787e-01 8.697387e-03 -6.134511e-02 -9.273179e-01 -8.882809e-03 9.999568e-01 -2.750533e-03 -2.396483e-01 6.131853e-02 3.290165e-03 9.981128e-01 2.007024e+01
9.981183e-01 8.320893e-03 -6.075082e-02 -1.008795e+00 -8.533385e-03 9.999583e-01 -3.239148e-03 -2.538730e-01 6.072133e-02 3.751463e-03 9.981477e-01 2.099524e+01
9.981280e-01 9.242647e-03 -6.045730e-02 -1.080277e+00 -9.353843e-03 9.999550e-01 -1.556493e-03 -2.649462e-01 6.044019e-02 2.119087e-03 9.981696e-01 2.192859e+01
9.981139e-01 1.086781e-02 -6.041980e-02 -1.124554e+00 -1.076634e-02 9.999400e-01 2.004586e-03 -2.821511e-01 6.043797e-02 -1.350305e-03 9.981710e-01 2.286472e+01
9.981783e-01 1.289288e-02 -5.894010e-02 -1.189815e+00 -1.256822e-02 9.999038e-01 5.875716e-03 -2.947535e-01 5.901018e-02 -5.124240e-03 9.982442e-01 2.380639e+01
9.983442e-01 1.098885e-02 -5.646366e-02 -1.253794e+00 -1.053825e-02 9.999103e-01 8.271809e-03 -2.954996e-01 5.654949e-02 -7.663084e-03 9.983704e-01 2.475110e+01
9.984355e-01 1.043043e-02 -5.493355e-02 -1.317222e+00 -9.947775e-03 9.999095e-01 9.052266e-03 -2.920567e-01 5.502300e-02 -8.491637e-03 9.984490e-01 2.569840e+01
9.984836e-01 1.157604e-02 -5.381851e-02 -1.369494e+00 -1.127321e-02 9.999189e-01 5.927182e-03 -2.949377e-01 5.388276e-02 -5.311487e-03 9.985331e-01 2.665027e+01
9.985104e-01 1.245713e-02 -5.311990e-02 -1.424971e+00 -1.241951e-02 9.999223e-01 1.038264e-03 -2.971195e-01 5.312870e-02 -3.769946e-04 9.985876e-01 2.760870e+01
9.985736e-01 1.149530e-02 -5.213976e-02 -1.476933e+00 -1.162526e-02 9.999300e-01 -2.189896e-03 -2.967832e-01 5.211094e-02 2.792911e-03 9.986374e-01 2.857717e+01
9.986275e-01 8.212723e-03 -5.172613e-02 -1.526157e+00 -8.292226e-03 9.999647e-01 -1.322579e-03 -3.018162e-01 5.171344e-02 1.749689e-03 9.986604e-01 2.955295e+01
9.986486e-01 6.989925e-03 -5.149888e-02 -1.584560e+00 -6.804354e-03 9.999697e-01 3.777836e-03 -3.207487e-01 5.152372e-02 -3.422314e-03 9.986659e-01 3.053186e+01
9.986626e-01 3.744430e-03 -5.156571e-02 -1.646214e+00 -3.386895e-03 9.999696e-01 7.019207e-03 -3.267389e-01 5.159043e-02 -6.835172e-03 9.986449e-01 3.151052e+01
9.986107e-01 -3.171168e-03 -5.259859e-02 -1.690838e+00 3.495938e-03 9.999754e-01 6.083639e-03 -3.333756e-01 5.257801e-02 -6.259068e-03 9.985972e-01 3.249005e+01
9.984924e-01 -5.952200e-03 -5.456666e-02 -1.742170e+00 6.087828e-03 9.999788e-01 2.319663e-03 -3.398646e-01 5.455169e-02 -2.648359e-03 9.985074e-01 3.347452e+01
9.983899e-01 -5.659543e-03 -5.644139e-02 -1.797129e+00 5.572458e-03 9.999830e-01 -1.700192e-03 -3.447612e-01 5.645005e-02 1.382938e-03 9.984045e-01 3.448637e+01
9.981901e-01 -5.870507e-03 -5.985039e-02 -1.848133e+00 5.729625e-03 9.999804e-01 -2.525255e-03 -3.373373e-01 5.986404e-02 2.177765e-03 9.982042e-01 3.554557e+01
9.981496e-01 -6.476514e-03 -6.045968e-02 -1.915242e+00 6.434204e-03 9.999789e-01 -8.944660e-04 -3.504336e-01 6.046420e-02 5.038010e-04 9.981702e-01 3.658796e+01
9.981363e-01 -3.695056e-03 -6.091180e-02 -2.003133e+00 3.832279e-03 9.999904e-01 2.136149e-03 -3.619267e-01 6.090332e-02 -2.365599e-03 9.981409e-01 3.763074e+01
9.980546e-01 -4.028553e-03 -6.221624e-02 -2.068966e+00 4.251910e-03 9.999850e-01 3.458028e-03 -3.732848e-01 6.220138e-02 -3.715838e-03 9.980567e-01 3.866364e+01
9.979332e-01 -3.751240e-03 -6.415037e-02 -2.115801e+00 4.190793e-03 9.999686e-01 6.718730e-03 -3.907409e-01 6.412315e-02 -6.973685e-03 9.979176e-01 3.970032e+01
9.978691e-01 -1.390892e-03 -6.523240e-02 -2.131733e+00 2.039091e-03 9.999492e-01 9.871239e-03 -4.208863e-01 6.521536e-02 -9.983219e-03 9.978213e-01 4.072553e+01
9.978221e-01 4.005276e-03 -6.584071e-02 -2.195573e+00 -3.195142e-03 9.999179e-01 1.240514e-02 -4.267561e-01 6.588500e-02 -1.216775e-02 9.977530e-01 4.174838e+01
9.977835e-01 4.350857e-03 -6.640159e-02 -2.257613e+00 -3.567122e-03 9.999226e-01 1.191696e-02 -4.326171e-01 6.644831e-02 -1.165368e-02 9.977218e-01 4.275898e+01
9.978192e-01 4.491791e-03 -6.585283e-02 -2.320003e+00 -3.798496e-03 9.999361e-01 1.064938e-02 -4.450741e-01 6.589646e-02 -1.037601e-02 9.977725e-01 4.376489e+01
9.978044e-01 5.754458e-03 -6.597973e-02 -2.404222e+00 -5.210667e-03 9.999511e-01 8.410909e-03 -4.368484e-01 6.602490e-02 -8.048643e-03 9.977855e-01 4.476497e+01
9.977267e-01 4.947725e-03 -6.720769e-02 -2.470878e+00 -4.430897e-03 9.999595e-01 7.836898e-03 -4.261967e-01 6.724374e-02 -7.521293e-03 9.977082e-01 4.576439e+01
9.976098e-01 4.562922e-03 -6.894848e-02 -2.519863e+00 -3.950134e-03 9.999515e-01 9.021356e-03 -4.425554e-01 6.898630e-02 -8.727437e-03 9.975794e-01 4.676068e+01
9.975389e-01 4.816592e-03 -6.994918e-02 -2.591909e+00 -4.137080e-03 9.999429e-01 9.855994e-03 -4.428978e-01 6.999266e-02 -9.542352e-03 9.975019e-01 4.774709e+01
9.974853e-01 5.796518e-03 -7.063654e-02 -2.659300e+00 -5.362611e-03 9.999656e-01 6.330903e-03 -4.497199e-01 7.067080e-02 -5.936186e-03 9.974820e-01 4.872529e+01
9.974900e-01 6.523848e-03 -7.050578e-02 -2.747706e+00 -6.413276e-03 9.999778e-01 1.794533e-03 -4.530422e-01 7.051592e-02 -1.337855e-03 9.975098e-01 4.970579e+01
9.973761e-01 6.383454e-03 -7.211197e-02 -2.802643e+00 -6.393569e-03 9.999796e-01 9.055257e-05 -4.521526e-01 7.211107e-02 3.707379e-04 9.973965e-01 5.068782e+01
9.972925e-01 4.993794e-03 -7.336759e-02 -2.855688e+00 -4.684290e-03 9.999794e-01 4.390003e-03 -4.727457e-01 7.338800e-02 -4.034442e-03 9.972953e-01 5.166531e+01
9.972442e-01 3.195496e-03 -7.412043e-02 -2.921700e+00 -2.667888e-03 9.999704e-01 7.216176e-03 -4.814116e-01 7.414130e-02 -6.998544e-03 9.972232e-01 5.263563e+01
9.972584e-01 1.094928e-03 -7.398941e-02 -2.997775e+00 -5.022963e-04 9.999677e-01 8.027812e-03 -4.934238e-01 7.399581e-02 -7.968639e-03 9.972267e-01 5.359798e+01
9.972359e-01 -1.959256e-03 -7.427430e-02 -3.069483e+00 2.469339e-03 9.999740e-01 6.776352e-03 -5.005203e-01 7.425909e-02 -6.941030e-03 9.972148e-01 5.456113e+01
9.971746e-01 -4.526692e-03 -7.498180e-02 -3.135629e+00 4.958909e-03 9.999721e-01 5.579119e-03 -5.105676e-01 7.495446e-02 -5.935184e-03 9.971693e-01 5.551981e+01
9.970349e-01 -5.777702e-03 -7.673385e-02 -3.197664e+00 6.311228e-03 9.999576e-01 6.712266e-03 -5.160363e-01 7.669181e-02 -7.176649e-03 9.970290e-01 5.648213e+01
9.969245e-01 -8.400385e-03 -7.791594e-02 -3.267154e+00 9.290189e-03 9.998956e-01 1.106460e-02 -5.274321e-01 7.781486e-02 -1.175442e-02 9.968985e-01 5.744359e+01
9.969385e-01 -9.240381e-03 -7.764161e-02 -3.345781e+00 1.057212e-02 9.998037e-01 1.675891e-02 -5.397179e-01 7.747151e-02 -1.752844e-02 9.968405e-01 5.839461e+01
9.969138e-01 -7.017953e-03 -7.818909e-02 -3.430788e+00 8.525107e-03 9.997839e-01 1.895866e-02 -5.381409e-01 7.803914e-02 -1.956672e-02 9.967583e-01 5.933440e+01
9.967780e-01 -4.908803e-03 -8.005928e-02 -3.503511e+00 6.147202e-03 9.998651e-01 1.522940e-02 -5.489284e-01 7.997372e-02 -1.567247e-02 9.966738e-01 6.025882e+01
9.966439e-01 -4.509121e-03 -8.173533e-02 -3.586994e+00 5.130310e-03 9.999595e-01 7.391581e-03 -5.410063e-01 8.169869e-02 -7.786102e-03 9.966267e-01 6.117253e+01
9.966601e-01 -2.170730e-03 -8.163316e-02 -3.687553e+00 2.385683e-03 9.999939e-01 2.535719e-03 -5.440564e-01 8.162716e-02 -2.722001e-03 9.966592e-01 6.208079e+01
9.966587e-01 2.990565e-03 -8.162466e-02 -3.781115e+00 -2.735910e-03 9.999910e-01 3.231496e-03 -5.566682e-01 8.163359e-02 -2.997381e-03 9.966579e-01 6.297745e+01
9.965992e-01 6.234496e-03 -8.216539e-02 -3.865354e+00 -5.801214e-03 9.999680e-01 5.510968e-03 -5.677143e-01 8.219712e-02 -5.015567e-03 9.966035e-01 6.385932e+01
9.965232e-01 1.046106e-02 -8.265582e-02 -3.949892e+00 -9.895620e-03 9.999248e-01 7.247564e-03 -5.918766e-01 8.272542e-02 -6.404436e-03 9.965518e-01 6.472668e+01
9.964124e-01 1.118621e-02 -8.388819e-02 -4.026112e+00 -1.061455e-02 9.999173e-01 7.257519e-03 -6.023782e-01 8.396244e-02 -6.341047e-03 9.964487e-01 6.558131e+01
9.963197e-01 1.253121e-02 -8.479388e-02 -4.121561e+00 -1.187907e-02 9.998959e-01 8.191115e-03 -6.027181e-01 8.488770e-02 -7.153697e-03 9.963648e-01 6.642206e+01
9.961982e-01 1.362587e-02 -8.604327e-02 -4.198518e+00 -1.292245e-02 9.998784e-01 8.726935e-03 -6.110222e-01 8.615172e-02 -7.581867e-03 9.962532e-01 6.725023e+01
9.960024e-01 1.372001e-02 -8.826678e-02 -4.263149e+00 -1.295623e-02 9.998736e-01 9.220227e-03 -6.199429e-01 8.838212e-02 -8.039763e-03 9.960542e-01 6.806724e+01
9.959656e-01 1.389983e-02 -8.865328e-02 -4.350427e+00 -1.304371e-02 9.998626e-01 1.022907e-02 -6.228121e-01 8.878328e-02 -9.031430e-03 9.960100e-01 6.887006e+01
9.957125e-01 1.563727e-02 -9.117023e-02 -4.403265e+00 -1.451805e-02 9.998110e-01 1.292646e-02 -6.243906e-01 9.135514e-02 -1.154743e-02 9.957514e-01 6.966533e+01
9.956254e-01 1.698872e-02 -9.187783e-02 -4.495331e+00 -1.556418e-02 9.997476e-01 1.619917e-02 -6.073732e-01 9.212985e-02 -1.469831e-02 9.956385e-01 7.043910e+01
9.954288e-01 2.017728e-02 -9.335136e-02 -4.577082e+00 -1.858369e-02 9.996669e-01 1.790893e-02 -6.074676e-01 9.368162e-02 -1.609226e-02 9.954721e-01 7.119131e+01
9.952349e-01 2.240119e-02 -9.489797e-02 -4.656004e+00 -2.118076e-02 9.996797e-01 1.384839e-02 -6.093457e-01 9.517780e-02 -1.177239e-02 9.953907e-01 7.192105e+01
9.951523e-01 2.302780e-02 -9.561147e-02 -4.738345e+00 -2.248539e-02 9.997244e-01 6.746712e-03 -6.188729e-01 9.574048e-02 -4.564145e-03 9.953959e-01 7.263223e+01
9.950062e-01 2.206508e-02 -9.734329e-02 -4.802783e+00 -2.208451e-02 9.997557e-01 8.779542e-04 -6.240235e-01 9.733888e-02 1.276209e-03 9.952505e-01 7.332753e+01
9.949309e-01 2.296031e-02 -9.790505e-02 -4.875306e+00 -2.311135e-02 9.997328e-01 -4.087836e-04 -6.272763e-01 9.786950e-02 2.669429e-03 9.951957e-01 7.400365e+01
9.947971e-01 2.592838e-02 -9.852122e-02 -4.947576e+00 -2.573763e-02 9.996636e-01 3.206703e-03 -6.383677e-01 9.857122e-02 -6.543153e-04 9.951298e-01 7.465943e+01
9.946544e-01 2.593028e-02 -9.995078e-02 -5.009221e+00 -2.551138e-02 9.996596e-01 5.467193e-03 -6.507359e-01 1.000585e-01 -2.888086e-03 9.949774e-01 7.529022e+01
9.947300e-01 2.252471e-02 -1.000240e-01 -5.103319e+00 -2.244673e-02 9.997462e-01 1.905114e-03 -6.464570e-01 1.000415e-01 3.501370e-04 9.949832e-01 7.589717e+01
9.948840e-01 1.386051e-02 -1.000684e-01 -5.165043e+00 -1.429325e-02 9.998913e-01 -3.608750e-03 -6.479205e-01 1.000075e-01 5.020590e-03 9.949740e-01 7.649072e+01
9.951769e-01 9.172093e-03 -9.766646e-02 -5.273486e+00 -1.007821e-02 9.999106e-01 -8.788404e-03 -6.477779e-01 9.757712e-02 9.730320e-03 9.951804e-01 7.706499e+01
9.953837e-01 1.152668e-02 -9.528052e-02 -5.315302e+00 -1.238669e-02 9.998877e-01 -8.439597e-03 -6.694298e-01 9.517253e-02 9.580848e-03 9.954147e-01 7.763564e+01
9.956529e-01 1.686318e-02 -9.160182e-02 -5.374245e+00 -1.742073e-02 9.998343e-01 -5.290447e-03 -6.807228e-01 9.149743e-02 6.863220e-03 9.957817e-01 7.818942e+01
9.961173e-01 1.496964e-02 -8.675358e-02 -5.430917e+00 -1.536363e-02 9.998745e-01 -3.875544e-03 -6.654116e-01 8.668467e-02 5.193347e-03 9.962223e-01 7.873033e+01
9.967095e-01 1.148682e-02 -8.023875e-02 -5.469377e+00 -1.149549e-02 9.999339e-01 3.538161e-04 -6.811769e-01 8.023751e-02 5.697324e-04 9.967756e-01 7.926068e+01
9.973469e-01 6.874414e-03 -7.246964e-02 -5.487885e+00 -6.591060e-03 9.999697e-01 4.148388e-03 -7.018516e-01 7.249596e-02 -3.659730e-03 9.973620e-01 7.977257e+01
9.980494e-01 1.001734e-02 -6.161984e-02 -5.525604e+00 -9.796919e-03 9.999445e-01 3.878153e-03 -7.033572e-01 6.165527e-02 -3.266904e-03 9.980922e-01 8.027317e+01
9.988047e-01 1.556517e-02 -4.633463e-02 -5.549048e+00 -1.543422e-02 9.998758e-01 3.182623e-03 -7.088605e-01 4.637841e-02 -2.463680e-03 9.989209e-01 8.076067e+01
9.993871e-01 2.019770e-02 -2.859006e-02 -5.544019e+00 -2.010383e-02 9.997915e-01 3.567013e-03 -7.108048e-01 2.865614e-02 -2.990057e-03 9.995849e-01 8.123528e+01
9.998101e-01 1.852915e-02 -6.033981e-03 -5.547415e+00 -1.850775e-02 9.998223e-01 3.582596e-03 -7.038163e-01 6.099291e-03 -3.470240e-03 9.999754e-01 8.169549e+01
9.997112e-01 1.471087e-02 1.900204e-02 -5.499713e+00 -1.480827e-02 9.998779e-01 4.995386e-03 -7.225010e-01 -1.892623e-02 -5.275331e-03 9.998070e-01 8.214763e+01
9.988783e-01 1.321239e-02 4.547066e-02 -5.432000e+00 -1.354771e-02 9.998832e-01 7.074036e-03 -7.380016e-01 -4.537188e-02 -7.682124e-03 9.989406e-01 8.259241e+01
9.969607e-01 1.280847e-02 7.684562e-02 -5.361336e+00 -1.347898e-02 9.998754e-01 8.213113e-03 -7.392623e-01 -7.673085e-02 -9.223951e-03 9.970092e-01 8.302439e+01
9.934356e-01 1.257018e-02 1.136997e-01 -5.281650e+00 -1.368091e-02 9.998660e-01 8.993896e-03 -7.492076e-01 -1.135714e-01 -1.049037e-02 9.934745e-01 8.345569e+01
9.878125e-01 1.310337e-02 1.550957e-01 -5.192358e+00 -1.463637e-02 9.998546e-01 8.746349e-03 -7.522855e-01 -1.549586e-01 -1.090979e-02 9.878607e-01 8.387822e+01
9.794763e-01 1.300675e-02 2.011392e-01 -5.092177e+00 -1.505129e-02 9.998494e-01 8.638735e-03 -7.584142e-01 -2.009966e-01 -1.148884e-02 9.795246e-01 8.427899e+01
9.675059e-01 1.525939e-02 2.523875e-01 -4.989490e+00 -1.740557e-02 9.998288e-01 6.272953e-03 -7.654236e-01 -2.522486e-01 -1.046207e-02 9.676059e-01 8.468272e+01
9.523422e-01 1.558797e-02 3.046332e-01 -4.833099e+00 -1.737362e-02 9.998441e-01 3.151613e-03 -7.704621e-01 -3.045366e-01 -8.293995e-03 9.524645e-01 8.504753e+01
9.326429e-01 1.612630e-02 3.604403e-01 -4.659481e+00 -1.748494e-02 9.998470e-01 5.087452e-04 -7.738594e-01 -3.603770e-01 -6.776754e-03 9.327821e-01 8.541144e+01
9.075471e-01 1.753047e-02 4.195841e-01 -4.484004e+00 -1.834851e-02 9.998295e-01 -2.086209e-03 -7.719821e-01 -4.195492e-01 -5.805411e-03 9.077140e-01 8.576740e+01
8.791329e-01 1.838170e-02 4.762221e-01 -4.265593e+00 -1.829082e-02 9.998211e-01 -4.826221e-03 -7.742083e-01 -4.762256e-01 -4.467601e-03 8.793118e-01 8.607662e+01
8.467936e-01 1.632445e-02 5.316711e-01 -4.015527e+00 -1.489148e-02 9.998647e-01 -6.982193e-03 -7.844833e-01 -5.317131e-01 -2.004895e-03 8.469221e-01 8.637218e+01
8.107088e-01 1.593317e-02 5.852328e-01 -3.756047e+00 -1.427369e-02 9.998704e-01 -7.448833e-03 -8.076265e-01 -5.852756e-01 -2.314594e-03 8.108311e-01 8.663993e+01
7.714880e-01 1.435379e-02 6.360819e-01 -3.471630e+00 -1.288735e-02 9.998929e-01 -6.932788e-03 -8.144650e-01 -6.361133e-01 -2.848846e-03 7.715904e-01 8.690401e+01
7.289687e-01 1.380685e-02 6.844077e-01 -3.181216e+00 -1.361805e-02 9.998912e-01 -5.666521e-03 -8.172475e-01 -6.844115e-01 -5.189585e-03 7.290775e-01 8.715453e+01
6.838662e-01 1.319497e-02 7.294881e-01 -2.881188e+00 -1.258364e-02 9.999010e-01 -6.289524e-03 -8.167808e-01 -7.294989e-01 -4.878424e-03 6.839645e-01 8.738122e+01
6.379944e-01 1.225259e-02 7.699435e-01 -2.559884e+00 -9.653072e-03 9.999221e-01 -7.913600e-03 -8.265302e-01 -7.699805e-01 -2.383488e-03 6.380630e-01 8.758451e+01
5.900076e-01 9.981920e-03 8.073360e-01 -2.248431e+00 -4.464153e-03 9.999486e-01 -9.100949e-03 -8.354369e-01 -8.073854e-01 1.765558e-03 5.900218e-01 8.778589e+01
5.430878e-01 1.209607e-02 8.395888e-01 -1.915890e+00 -6.446233e-03 9.999268e-01 -1.023633e-02 -8.467626e-01 -8.396512e-01 1.470432e-04 5.431261e-01 8.797000e+01
4.949991e-01 1.507999e-02 8.687626e-01 -1.576383e+00 -1.033738e-02 9.998808e-01 -1.146596e-02 -8.589541e-01 -8.688320e-01 -3.305090e-03 4.950960e-01 8.814277e+01
4.487571e-01 1.733463e-02 8.934856e-01 -1.230520e+00 -1.102636e-02 9.998431e-01 -1.386005e-02 -8.700893e-01 -8.935857e-01 -3.632101e-03 4.488778e-01 8.829107e+01
4.065557e-01 1.490102e-02 9.135045e-01 -8.610000e-01 -3.451180e-03 9.998849e-01 -1.477411e-02 -8.754137e-01 -9.136195e-01 2.853828e-03 4.065603e-01 8.841062e+01
3.673617e-01 7.372448e-03 9.300489e-01 -4.853838e-01 1.212137e-02 9.998457e-01 -1.271357e-02 -8.781189e-01 -9.299992e-01 1.594395e-02 3.672157e-01 8.849776e+01
3.323559e-01 3.397711e-03 9.431479e-01 -1.101955e-01 1.613622e-02 9.998267e-01 -9.288141e-03 -8.883175e-01 -9.430160e-01 1.830581e-02 3.322435e-01 8.858658e+01
2.998230e-01 7.114680e-03 9.539683e-01 2.678619e-01 1.357645e-02 9.998391e-01 -1.172373e-02 -9.007038e-01 -9.538983e-01 1.646655e-02 2.996781e-01 8.867558e+01
2.685535e-01 1.481511e-02 9.631508e-01 6.465946e-01 2.582960e-03 9.998670e-01 -1.610007e-02 -9.184714e-01 -9.632613e-01 6.811511e-03 2.684795e-01 8.878147e+01
2.407221e-01 1.837241e-02 9.704202e-01 1.041302e+00 -2.249530e-03 9.998287e-01 -1.837117e-02 -9.451259e-01 -9.705915e-01 2.239358e-03 2.407222e-01 8.886426e+01
2.151716e-01 1.994021e-02 9.763727e-01 1.446884e+00 -8.002340e-04 9.997948e-01 -2.024220e-02 -9.630219e-01 -9.765759e-01 3.574221e-03 2.151434e-01 8.893058e+01
1.915862e-01 2.179024e-02 9.812339e-01 1.867191e+00 6.213018e-03 9.997066e-01 -2.341356e-02 -9.747070e-01 -9.814561e-01 1.058214e-02 1.913946e-01 8.898639e+01
1.721061e-01 2.826002e-02 9.846730e-01 2.294805e+00 1.275897e-02 9.994406e-01 -3.091392e-02 -9.802952e-01 -9.849958e-01 1.788388e-02 1.716493e-01 8.902705e+01
1.523003e-01 3.532341e-02 9.877028e-01 2.741724e+00 1.546743e-02 9.991535e-01 -3.811795e-02 -9.817199e-01 -9.882132e-01 2.108260e-02 1.516251e-01 8.908276e+01
1.343800e-01 3.510962e-02 9.903077e-01 3.204331e+00 1.258170e-02 9.992311e-01 -3.713326e-02 -1.012173e+00 -9.908500e-01 1.744972e-02 1.338349e-01 8.914970e+01
1.187430e-01 3.022617e-02 9.924649e-01 3.675533e+00 1.042735e-02 9.994435e-01 -3.168629e-02 -1.044500e+00 -9.928703e-01 1.411130e-02 1.183617e-01 8.920465e+01
1.044533e-01 2.698094e-02 9.941637e-01 4.161586e+00 1.147226e-02 9.995327e-01 -2.833200e-02 -1.064578e+00 -9.944636e-01 1.436467e-02 1.040950e-01 8.924137e+01
9.150060e-02 2.452290e-02 9.955030e-01 4.658384e+00 1.414423e-02 9.995639e-01 -2.592298e-02 -1.084189e+00 -9.957046e-01 1.645260e-02 9.111383e-02 8.927378e+01
7.951104e-02 2.417353e-02 9.965408e-01 5.172299e+00 1.695214e-02 9.995286e-01 -2.559856e-02 -1.097468e+00 -9.966898e-01 1.892887e-02 7.906376e-02 8.930626e+01
6.949902e-02 2.498354e-02 9.972691e-01 5.702215e+00 2.151803e-02 9.994162e-01 -2.653690e-02 -1.109083e+00 -9.973499e-01 2.330355e-02 6.892085e-02 8.933139e+01
6.166039e-02 2.570134e-02 9.977662e-01 6.247567e+00 2.327842e-02 9.993595e-01 -2.718095e-02 -1.125973e+00 -9.978257e-01 2.490241e-02 6.102261e-02 8.935820e+01
5.621535e-02 2.591324e-02 9.980823e-01 6.810655e+00 2.459688e-02 9.993238e-01 -2.733086e-02 -1.146972e+00 -9.981156e-01 2.608613e-02 5.553995e-02 8.938605e+01
5.095163e-02 2.647057e-02 9.983503e-01 7.394121e+00 2.620028e-02 9.992692e-01 -2.783209e-02 -1.172030e+00 -9.983574e-01 2.757515e-02 5.022086e-02 8.940362e+01
4.449583e-02 2.725539e-02 9.986377e-01 7.996616e+00 2.702538e-02 9.992291e-01 -2.847568e-02 -1.189249e+00 -9.986440e-01 2.825561e-02 4.372494e-02 8.943072e+01
4.001023e-02 2.736247e-02 9.988245e-01 8.615443e+00 2.924921e-02 9.991645e-01 -2.854343e-02 -1.210108e+00 -9.987711e-01 3.035686e-02 3.917647e-02 8.945241e+01
3.731950e-02 2.720597e-02 9.989330e-01 9.254292e+00 3.040288e-02 9.991357e-01 -2.834733e-02 -1.234665e+00 -9.988408e-01 3.142835e-02 3.646011e-02 8.947875e+01
3.491632e-02 2.658032e-02 9.990367e-01 9.908758e+00 3.146269e-02 9.991215e-01 -2.768220e-02 -1.257920e+00 -9.988949e-01 3.239895e-02 3.404936e-02 8.949311e+01
3.106690e-02 2.601871e-02 9.991786e-01 1.058129e+01 3.324684e-02 9.990811e-01 -2.704989e-02 -1.282201e+00 -9.989642e-01 3.405988e-02 3.017331e-02 8.953079e+01
3.162606e-02 2.520503e-02 9.991819e-01 1.126719e+01 3.959221e-02 9.988658e-01 -2.645023e-02 -1.304481e+00 -9.987153e-01 4.039633e-02 3.059226e-02 8.951510e+01
3.207649e-02 2.542480e-02 9.991620e-01 1.197379e+01 4.183689e-02 9.987661e-01 -2.675784e-02 -1.321903e+00 -9.986094e-01 4.266013e-02 3.097322e-02 8.954736e+01
3.446371e-02 2.544501e-02 9.990820e-01 1.269646e+01 4.372157e-02 9.986804e-01 -2.694297e-02 -1.339180e+00 -9.984491e-01 4.460999e-02 3.330573e-02 8.957662e+01
3.926734e-02 2.540630e-02 9.989057e-01 1.343531e+01 4.745571e-02 9.985013e-01 -2.726151e-02 -1.363101e+00 -9.981012e-01 4.847427e-02 3.800281e-02 8.958978e+01
4.348096e-02 2.398594e-02 9.987663e-01 1.419323e+01 4.828206e-02 9.984932e-01 -2.608133e-02 -1.395188e+00 -9.978869e-01 4.935653e-02 4.225735e-02 8.962575e+01
4.704067e-02 2.302999e-02 9.986275e-01 1.496392e+01 4.993308e-02 9.984301e-01 -2.537756e-02 -1.405846e+00 -9.976442e-01 5.105832e-02 4.581686e-02 8.967057e+01
4.978393e-02 2.152790e-02 9.985280e-01 1.574880e+01 4.983068e-02 9.984690e-01 -2.401105e-02 -1.437092e+00 -9.975161e-01 5.095269e-02 4.863496e-02 8.973534e+01
5.249392e-02 2.031012e-02 9.984147e-01 1.653971e+01 4.750386e-02 9.986105e-01 -2.281173e-02 -1.444515e+00 -9.974907e-01 4.862603e-02 5.145617e-02 8.982090e+01
5.660699e-02 1.911496e-02 9.982135e-01 1.734125e+01 4.674727e-02 9.986694e-01 -2.177465e-02 -1.469003e+00 -9.973015e-01 4.789636e-02 5.563810e-02 8.987191e+01
5.912047e-02 2.070487e-02 9.980361e-01 1.814027e+01 4.454382e-02 9.987343e-01 -2.335799e-02 -1.483618e+00 -9.972565e-01 4.583727e-02 5.812337e-02 8.997320e+01
6.248870e-02 2.486962e-02 9.977358e-01 1.894898e+01 4.261556e-02 9.987113e-01 -2.756297e-02 -1.512422e+00 -9.971354e-01 4.424145e-02 6.134833e-02 9.002183e+01
6.245330e-02 3.056646e-02 9.975797e-01 1.976061e+01 3.660758e-02 9.987882e-01 -3.289530e-02 -1.539999e+00 -9.973763e-01 3.857340e-02 6.125865e-02 9.009968e+01
6.282906e-02 3.390179e-02 9.974483e-01 2.057952e+01 3.393956e-02 9.987722e-01 -3.608464e-02 -1.562915e+00 -9.974470e-01 3.612012e-02 6.160131e-02 9.013428e+01
6.250885e-02 3.348006e-02 9.974827e-01 2.139679e+01 3.225786e-02 9.988472e-01 -3.554736e-02 -1.592610e+00 -9.975230e-01 3.439868e-02 6.135680e-02 9.020033e+01
6.218939e-02 3.138683e-02 9.975707e-01 2.221197e+01 2.888638e-02 9.990301e-01 -3.323355e-02 -1.634715e+00 -9.976463e-01 3.088298e-02 6.122242e-02 9.026887e+01
6.149026e-02 3.039246e-02 9.976449e-01 2.302740e+01 3.028494e-02 9.990193e-01 -3.230095e-02 -1.665966e+00 -9.976481e-01 3.219981e-02 6.050952e-02 9.034346e+01
6.198250e-02 2.987002e-02 9.976302e-01 2.384267e+01 2.786976e-02 9.991105e-01 -3.164589e-02 -1.700272e+00 -9.976881e-01 2.976520e-02 6.109490e-02 9.039192e+01
6.181024e-02 3.008051e-02 9.976345e-01 2.465363e+01 2.647184e-02 9.991447e-01 -3.176615e-02 -1.740375e+00 -9.977368e-01 2.837270e-02 6.096109e-02 9.045154e+01
6.308125e-02 3.085541e-02 9.975313e-01 2.546502e+01 2.395359e-02 9.991872e-01 -3.242139e-02 -1.773993e+00 -9.977209e-01 2.593964e-02 6.229088e-02 9.048321e+01
6.251130e-02 3.259132e-02 9.975120e-01 2.627649e+01 2.213807e-02 9.991755e-01 -3.403301e-02 -1.804402e+00 -9.977987e-01 2.421043e-02 6.173825e-02 9.053301e+01
6.051821e-02 3.240233e-02 9.976410e-01 2.708697e+01 2.041361e-02 9.992238e-01 -3.369205e-02 -1.829434e+00 -9.979583e-01 2.240444e-02 5.980978e-02 9.057270e+01
5.708994e-02 3.088600e-02 9.978912e-01 2.789889e+01 1.822137e-02 9.993226e-01 -3.197276e-02 -1.867680e+00 -9.982027e-01 2.000826e-02 5.648849e-02 9.061179e+01
5.142052e-02 2.872740e-02 9.982638e-01 2.870912e+01 1.585409e-02 9.994367e-01 -2.957780e-02 -1.903896e+00 -9.985512e-01 1.734747e-02 5.093611e-02 9.067001e+01
4.520592e-02 2.663402e-02 9.986226e-01 2.951575e+01 1.607164e-02 9.994958e-01 -2.738485e-02 -1.927018e+00 -9.988484e-01 1.728746e-02 4.475507e-02 9.071057e+01
3.881481e-02 2.672145e-02 9.988891e-01 3.031743e+01 1.622103e-02 9.994938e-01 -2.736794e-02 -1.963573e+00 -9.991148e-01 1.726530e-02 3.836172e-02 9.072145e+01
2.990270e-02 2.730299e-02 9.991799e-01 3.111797e+01 1.519393e-02 9.994990e-01 -2.776642e-02 -2.002458e+00 -9.994373e-01 1.601176e-02 2.947288e-02 9.074729e+01
2.035836e-02 2.768679e-02 9.994093e-01 3.191553e+01 1.539368e-02 9.994893e-01 -2.800258e-02 -2.033369e+00 -9.996742e-01 1.595468e-02 1.992176e-02 9.075646e+01
1.019073e-02 2.667675e-02 9.995922e-01 3.270762e+01 1.656832e-02 9.995023e-01 -2.684326e-02 -2.066506e+00 -9.998108e-01 1.683511e-02 9.743673e-03 9.076069e+01
-6.859158e-05 2.534490e-02 9.996788e-01 3.349931e+01 1.509795e-02 9.995648e-01 -2.534097e-02 -2.102144e+00 -9.998860e-01 1.509136e-02 -4.512177e-04 9.076044e+01
-1.081612e-02 2.491207e-02 9.996311e-01 3.428643e+01 1.799779e-02 9.995325e-01 -2.471487e-02 -2.121680e+00 -9.997795e-01 1.772384e-02 -1.125943e-02 9.075326e+01
-2.111256e-02 2.484281e-02 9.994684e-01 3.506589e+01 1.779443e-02 9.995422e-01 -2.446876e-02 -2.154784e+00 -9.996187e-01 1.726838e-02 -2.154496e-02 9.073599e+01
-3.125777e-02 2.539889e-02 9.991886e-01 3.584054e+01 1.804435e-02 9.995285e-01 -2.484305e-02 -2.190574e+00 -9.993485e-01 1.725317e-02 -3.170134e-02 9.069627e+01
-4.083524e-02 2.613786e-02 9.988240e-01 3.660828e+01 1.781240e-02 9.995180e-01 -2.542779e-02 -2.223834e+00 -9.990071e-01 1.675310e-02 -4.128114e-02 9.065172e+01
-5.170276e-02 2.739548e-02 9.982867e-01 3.736847e+01 1.867257e-02 9.994754e-01 -2.646102e-02 -2.253744e+00 -9.984879e-01 1.727247e-02 -5.218718e-02 9.061001e+01
-6.214928e-02 2.850508e-02 9.976597e-01 3.812271e+01 1.959166e-02 9.994343e-01 -2.733532e-02 -2.276702e+00 -9.978746e-01 1.784694e-02 -6.267259e-02 9.058703e+01
-7.134612e-02 2.882395e-02 9.970351e-01 3.886679e+01 2.019179e-02 9.994193e-01 -2.744799e-02 -2.310808e+00 -9.972472e-01 1.817362e-02 -7.188669e-02 9.052452e+01
-8.121883e-02 2.915853e-02 9.962697e-01 3.960545e+01 2.087697e-02 9.994024e-01 -2.754827e-02 -2.337916e+00 -9.964776e-01 1.856165e-02 -8.177904e-02 9.047936e+01
-9.012782e-02 2.876380e-02 9.955148e-01 4.033523e+01 2.132529e-02 9.994094e-01 -2.694567e-02 -2.368707e+00 -9.957019e-01 1.880108e-02 -9.068799e-02 9.041886e+01
-9.723428e-02 2.771555e-02 9.948755e-01 4.105392e+01 2.364877e-02 9.993943e-01 -2.553012e-02 -2.396674e+00 -9.949805e-01 2.104518e-02 -9.783082e-02 9.033541e+01
-1.024434e-01 2.491061e-02 9.944269e-01 4.176617e+01 2.682984e-02 9.993919e-01 -2.227104e-02 -2.435734e+00 -9.943769e-01 2.439880e-02 -1.030494e-01 9.025165e+01
-1.067057e-01 2.324295e-02 9.940189e-01 4.246708e+01 2.973109e-02 9.993543e-01 -2.017614e-02 -2.463918e+00 -9.938460e-01 2.740036e-02 -1.073279e-01 9.016982e+01
-1.088319e-01 2.193314e-02 9.938182e-01 4.315051e+01 3.109050e-02 9.993426e-01 -1.865038e-02 -2.494056e+00 -9.935739e-01 2.886855e-02 -1.094422e-01 9.007202e+01
-1.099425e-01 2.080151e-02 9.937203e-01 4.382164e+01 3.155781e-02 9.993500e-01 -1.742789e-02 -2.518449e+00 -9.934368e-01 2.944357e-02 -1.105275e-01 8.998042e+01
-1.107693e-01 2.122891e-02 9.936194e-01 4.447697e+01 3.211874e-02 9.993261e-01 -1.777021e-02 -2.542296e+00 -9.933270e-01 2.994541e-02 -1.113765e-01 8.990723e+01
-1.093299e-01 2.185184e-02 9.937653e-01 4.511389e+01 3.257229e-02 9.993002e-01 -1.839008e-02 -2.580290e+00 -9.934717e-01 3.035862e-02 -1.099652e-01 8.982450e+01
-1.070238e-01 2.363358e-02 9.939755e-01 4.573525e+01 3.459770e-02 9.992005e-01 -2.003260e-02 -2.598117e+00 -9.936543e-01 3.224530e-02 -1.077559e-01 8.976613e+01
-1.021924e-01 2.398304e-02 9.944755e-01 4.633754e+01 3.374180e-02 9.992176e-01 -2.063009e-02 -2.617402e+00 -9.941922e-01 3.144715e-02 -1.029217e-01 8.971246e+01
-9.400675e-02 2.523906e-02 9.952516e-01 4.692014e+01 3.429668e-02 9.991673e-01 -2.209886e-02 -2.632701e+00 -9.949806e-01 3.205638e-02 -9.479409e-02 8.966107e+01
-8.282509e-02 2.494984e-02 9.962517e-01 4.748210e+01 3.254591e-02 9.992210e-01 -2.231844e-02 -2.655031e+00 -9.960325e-01 3.057539e-02 -8.357258e-02 8.961333e+01
-6.930711e-02 2.534864e-02 9.972733e-01 4.802492e+01 3.157452e-02 9.992320e-01 -2.320410e-02 -2.677880e+00 -9.970956e-01 2.988021e-02 -7.005426e-02 8.959029e+01
-5.232300e-02 2.613558e-02 9.982882e-01 4.855966e+01 2.915509e-02 9.992713e-01 -2.463322e-02 -2.710357e+00 -9.982045e-01 2.781629e-02 -5.304686e-02 8.958250e+01
-3.120562e-02 2.871758e-02 9.991004e-01 4.908726e+01 2.759290e-02 9.992309e-01 -2.785951e-02 -2.734002e+00 -9.991320e-01 2.669870e-02 -3.197402e-02 8.958529e+01
-6.723594e-03 3.175916e-02 9.994729e-01 4.961040e+01 2.553880e-02 9.991750e-01 -3.157789e-02 -2.758387e+00 -9.996512e-01 2.531302e-02 -7.529138e-03 8.960063e+01
2.152702e-02 3.328352e-02 9.992141e-01 5.013364e+01 2.348924e-02 9.991530e-01 -3.378754e-02 -2.792500e+00 -9.994923e-01 2.419813e-02 2.072698e-02 8.963033e+01
5.387937e-02 3.340920e-02 9.979884e-01 5.065207e+01 2.166077e-02 9.991659e-01 -3.461803e-02 -2.805406e+00 -9.983125e-01 2.348240e-02 5.311076e-02 8.969059e+01
9.076064e-02 3.135845e-02 9.953789e-01 5.115914e+01 2.103355e-02 9.992208e-01 -3.339737e-02 -2.822346e+00 -9.956506e-01 2.396752e-02 9.003034e-02 8.977350e+01
1.324549e-01 2.743458e-02 9.908093e-01 5.166260e+01 1.869644e-02 9.993699e-01 -3.017102e-02 -2.855503e+00 -9.910127e-01 2.252090e-02 1.318585e-01 8.987234e+01
1.766129e-01 2.332289e-02 9.840040e-01 5.216437e+01 1.578486e-02 9.995235e-01 -2.652386e-02 -2.874353e+00 -9.841538e-01 2.021682e-02 1.761606e-01 8.999333e+01
2.240841e-01 2.012429e-02 9.743620e-01 5.263845e+01 9.977403e-03 9.996870e-01 -2.294196e-02 -2.893951e+00 -9.745187e-01 1.486253e-02 2.238132e-01 9.014242e+01
2.742846e-01 1.881753e-02 9.614644e-01 5.310452e+01 5.888525e-03 9.997569e-01 -2.124685e-02 -2.908870e+00 -9.616305e-01 1.148929e-02 2.741071e-01 9.032068e+01
3.263239e-01 1.831746e-02 9.450805e-01 5.354907e+01 4.698967e-03 9.997684e-01 -2.099991e-02 -2.928498e+00 -9.452463e-01 1.129367e-02 3.261623e-01 9.053537e+01
3.829902e-01 1.813801e-02 9.235743e-01 5.395769e+01 6.923543e-03 9.997228e-01 -2.250456e-02 -2.954863e+00 -9.237264e-01 1.501343e-02 3.827585e-01 9.075751e+01
4.423521e-01 2.193020e-02 8.965733e-01 5.436791e+01 7.892569e-03 9.995671e-01 -2.834348e-02 -2.968905e+00 -8.968067e-01 1.961406e-02 4.419875e-01 9.100656e+01
5.011234e-01 2.515781e-02 8.650101e-01 5.473315e+01 9.112571e-03 9.993685e-01 -3.434463e-02 -2.989956e+00 -8.653278e-01 2.509336e-02 5.005777e-01 9.127845e+01
5.594385e-01 2.876263e-02 8.283726e-01 5.510028e+01 4.866439e-03 9.992665e-01 -3.798291e-02 -3.012612e+00 -8.288576e-01 2.528033e-02 5.588882e-01 9.158290e+01
6.155140e-01 3.069653e-02 7.875279e-01 5.544678e+01 1.612267e-03 9.991901e-01 -4.020688e-02 -3.036270e+00 -7.881243e-01 2.601760e-02 6.149660e-01 9.190867e+01
6.689221e-01 3.060112e-02 7.427024e-01 5.575971e+01 5.597415e-04 9.991312e-01 -4.167075e-02 -3.059125e+00 -7.433323e-01 2.829020e-02 6.683238e-01 9.223459e+01
7.179891e-01 2.762175e-02 6.955061e-01 5.606832e+01 9.662487e-04 9.991718e-01 -4.067919e-02 -3.083973e+00 -6.960537e-01 2.987925e-02 7.173677e-01 9.259807e+01
7.645263e-01 2.385774e-02 6.441508e-01 5.635328e+01 -1.380856e-03 9.993731e-01 -3.537539e-02 -3.107535e+00 -6.445910e-01 2.615594e-02 7.640800e-01 9.298108e+01
8.057291e-01 1.987593e-02 5.919507e-01 5.657950e+01 -3.450022e-03 9.995773e-01 -2.886684e-02 -3.118726e+00 -5.922742e-01 2.121661e-02 8.054571e-01 9.337813e+01
8.423207e-01 1.682734e-02 5.387139e-01 5.679237e+01 -5.721116e-03 9.997353e-01 -2.228247e-02 -3.144995e+00 -5.389462e-01 1.568694e-02 8.421941e-01 9.380893e+01
8.739446e-01 1.329172e-02 4.858438e-01 5.699825e+01 -6.618158e-03 9.998587e-01 -1.544928e-02 -3.149619e+00 -4.859805e-01 1.028642e-02 8.739091e-01 9.424502e+01
9.002103e-01 1.349993e-02 4.352461e-01 5.716820e+01 -1.017910e-02 9.998986e-01 -9.960409e-03 -3.164571e+00 -4.353364e-01 4.536049e-03 9.002564e-01 9.468302e+01
9.206926e-01 1.624362e-02 3.899503e-01 5.731731e+01 -1.475180e-02 9.998679e-01 -6.820364e-03 -3.177153e+00 -3.900096e-01 5.269887e-04 9.208106e-01 9.515052e+01
9.364524e-01 2.130533e-02 3.501472e-01 5.745324e+01 -2.135748e-02 9.997650e-01 -3.712902e-03 -3.192716e+00 -3.501440e-01 -4.001308e-03 9.366873e-01 9.560992e+01
9.485658e-01 2.593836e-02 3.155157e-01 5.756976e+01 -2.574162e-02 9.996571e-01 -4.791648e-03 -3.202038e+00 -3.155318e-01 -3.576694e-03 9.489082e-01 9.608746e+01
9.581938e-01 2.817223e-02 2.847297e-01 5.769031e+01 -2.808877e-02 9.995958e-01 -4.377346e-03 -3.210292e+00 -2.847379e-01 -3.803360e-03 9.585979e-01 9.656485e+01
9.644738e-01 2.259374e-02 2.632107e-01 5.780633e+01 -2.231071e-02 9.997428e-01 -4.064566e-03 -3.220438e+00 -2.632349e-01 -1.952249e-03 9.647298e-01 9.704706e+01
9.685651e-01 2.002526e-02 2.479527e-01 5.792800e+01 -1.979384e-02 9.997982e-01 -3.426457e-03 -3.233019e+00 -2.479713e-01 -1.589188e-03 9.687661e-01 9.753941e+01
9.716209e-01 2.428374e-02 2.352939e-01 5.803077e+01 -2.409013e-02 9.997030e-01 -3.697731e-03 -3.236857e+00 -2.353138e-01 -2.075468e-03 9.719172e-01 9.804733e+01
9.737587e-01 3.027437e-02 2.255602e-01 5.812883e+01 -3.047537e-02 9.995322e-01 -2.591549e-03 -3.248093e+00 -2.255331e-01 -4.350487e-03 9.742258e-01 9.856366e+01
9.749067e-01 3.854808e-02 2.192508e-01 5.823569e+01 -3.855860e-02 9.992474e-01 -4.232745e-03 -3.243641e+00 -2.192489e-01 -4.327471e-03 9.756594e-01 9.908893e+01
9.751846e-01 4.517038e-02 2.167363e-01 5.834913e+01 -4.444463e-02 9.989780e-01 -8.224292e-03 -3.246281e+00 -2.168863e-01 -1.612560e-03 9.761955e-01 9.962286e+01
9.752002e-01 4.643020e-02 2.163996e-01 5.845563e+01 -4.517749e-02 9.989213e-01 -1.073484e-02 -3.261699e+00 -2.166646e-01 6.922262e-04 9.762459e-01 1.001689e+02
9.749329e-01 4.433039e-02 2.180380e-01 5.859447e+01 -4.221865e-02 9.990055e-01 -1.433673e-02 -3.269092e+00 -2.184567e-01 4.772084e-03 9.758350e-01 1.007161e+02
9.742502e-01 4.310094e-02 2.213115e-01 5.873780e+01 -3.944820e-02 9.990030e-01 -2.090065e-02 -3.277657e+00 -2.219917e-01 1.163212e-02 9.749792e-01 1.012745e+02
9.733269e-01 4.298978e-02 2.253590e-01 5.886751e+01 -3.815316e-02 9.989394e-01 -2.577527e-02 -3.284715e+00 -2.262280e-01 1.648961e-02 9.739348e-01 1.018579e+02
9.719673e-01 4.862097e-02 2.300337e-01 5.898832e+01 -4.394551e-02 9.987108e-01 -2.540796e-02 -3.293816e+00 -2.309725e-01 1.458676e-02 9.728509e-01 1.024546e+02
9.703173e-01 5.207042e-02 2.361632e-01 5.912179e+01 -4.833944e-02 9.985981e-01 -2.156488e-02 -3.306264e+00 -2.369550e-01 9.508782e-03 9.714741e-01 1.030634e+02
9.692918e-01 4.869951e-02 2.410431e-01 5.926134e+01 -4.601977e-02 9.988003e-01 -1.673764e-02 -3.330295e+00 -2.415691e-01 5.130907e-03 9.703701e-01 1.036809e+02
9.684435e-01 4.502400e-02 2.451326e-01 5.941873e+01 -4.349320e-02 9.989857e-01 -1.165748e-02 -3.344149e+00 -2.454089e-01 6.280044e-04 9.694195e-01 1.043080e+02
9.674201e-01 4.389263e-02 2.493427e-01 5.956992e+01 -4.351807e-02 9.990280e-01 -7.017288e-03 -3.357647e+00 -2.494083e-01 -4.062248e-03 9.683899e-01 1.049430e+02
9.672188e-01 3.858805e-02 2.509956e-01 5.977067e+01 -3.830227e-02 9.992480e-01 -6.025436e-03 -3.374881e+00 -2.510394e-01 -3.785789e-03 9.679695e-01 1.055734e+02
9.676115e-01 3.423960e-02 2.501111e-01 5.996166e+01 -3.306965e-02 9.994136e-01 -8.879872e-03 -3.392426e+00 -2.502685e-01 3.211808e-04 9.681764e-01 1.062113e+02
9.677326e-01 3.464127e-02 2.495867e-01 6.014613e+01 -3.164124e-02 9.993708e-01 -1.602335e-02 -3.402796e+00 -2.499847e-01 7.609088e-03 9.682199e-01 1.068644e+02
9.678493e-01 3.669282e-02 2.488400e-01 6.030885e+01 -3.209203e-02 9.992311e-01 -2.252192e-02 -3.421037e+00 -2.494750e-01 1.381205e-02 9.682827e-01 1.075377e+02
9.687364e-01 3.809823e-02 2.451496e-01 6.049465e+01 -3.253719e-02 9.991139e-01 -2.669601e-02 -3.431320e+00 -2.459494e-01 1.788492e-02 9.691176e-01 1.082266e+02
9.696098e-01 3.509589e-02 2.421263e-01 6.068530e+01 -3.056727e-02 9.992809e-01 -2.243595e-02 -3.445969e+00 -2.427396e-01 1.435298e-02 9.699853e-01 1.089310e+02
9.701357e-01 3.074176e-02 2.406070e-01 6.086495e+01 -2.803022e-02 9.994992e-01 -1.468470e-02 -3.467687e+00 -2.409379e-01 7.501883e-03 9.705115e-01 1.096481e+02
9.706857e-01 3.054032e-02 2.384042e-01 6.102942e+01 -2.935497e-02 9.995327e-01 -8.521687e-03 -3.495400e+00 -2.385530e-01 1.273534e-03 9.711286e-01 1.103724e+02
9.709516e-01 3.345116e-02 2.369263e-01 6.119236e+01 -3.229719e-02 9.994400e-01 -8.751355e-03 -3.526079e+00 -2.370864e-01 8.450872e-04 9.714882e-01 1.111029e+02
9.711891e-01 4.028169e-02 2.348812e-01 6.137307e+01 -3.820119e-02 9.991802e-01 -1.340291e-02 -3.537011e+00 -2.352285e-01 4.044025e-03 9.719317e-01 1.118423e+02
9.721174e-01 4.107739e-02 2.308687e-01 6.155033e+01 -3.772553e-02 9.991091e-01 -1.891616e-02 -3.548705e+00 -2.314401e-01 9.679089e-03 9.728010e-01 1.125954e+02
9.731319e-01 3.926158e-02 2.268761e-01 6.172008e+01 -3.524492e-02 9.991424e-01 -2.172972e-02 -3.571814e+00 -2.275347e-01 1.314965e-02 9.736812e-01 1.133660e+02
9.741628e-01 3.632144e-02 2.229073e-01 6.189245e+01 -3.261970e-02 9.992623e-01 -2.026740e-02 -3.594786e+00 -2.234790e-01 1.247257e-02 9.746289e-01 1.141449e+02
9.748922e-01 3.295915e-02 2.202245e-01 6.206224e+01 -2.966809e-02 9.993934e-01 -1.823579e-02 -3.617193e+00 -2.206919e-01 1.124429e-02 9.752787e-01 1.149384e+02
9.754554e-01 3.145672e-02 2.179385e-01 6.224571e+01 -2.878677e-02 9.994667e-01 -1.541593e-02 -3.637208e+00 -2.183072e-01 8.763806e-03 9.758407e-01 1.157483e+02
9.756434e-01 2.823130e-02 2.175385e-01 6.241698e+01 -2.589313e-02 9.995723e-01 -1.359193e-02 -3.648800e+00 -2.178292e-01 7.628123e-03 9.759571e-01 1.165616e+02
