1.000000e+00 0.000000e+00 0.000000e+00 0.000000e+00 0.000000e+00 1.000000e+00 0.000000e+00 0.000000e+00 0.000000e+00 0.000000e+00 1.000000e+00 0.000000e+00
9.999970e-01 -2.210275e-03 -1.055915e-03 -1.059578e-02 2.212851e-03 9.999946e-01 2.444868e-03 -2.485469e-03 1.050505e-03 -2.447197e-03 9.999965e-01 1.523684e+00
9.999901e-01 -3.630744e-03 -2.573191e-03 -3.841427e-02 3.640539e-03 9.999861e-01 3.812497e-03 -3.182928e-02 2.559313e-03 -3.821827e-03 9.999894e-01 3.037315e+00
9.999809e-01 -2.214474e-03 -5.764847e-03 1.853256e-02 2.238318e-03 9.999890e-01 4.132821e-03 -6.855433e-02 5.755631e-03 -4.145645e-03 9.999748e-01 4.549093e+00
9.999561e-01 -2.247374e-03 -9.096058e-03 4.983859e-02 2.281639e-03 9.999903e-01 3.758400e-03 -7.296961e-02 9.087523e-03 -3.778989e-03 9.999516e-01 6.084838e+00
9.999509e-01 -3.610811e-03 -9.230023e-03 -6.591399e-02 3.647309e-03 9.999856e-01 3.940460e-03 -7.486027e-02 9.215662e-03 -3.973931e-03 9.999496e-01 7.564350e+00
9.999399e-01 -4.069855e-03 -1.017859e-02 -1.000906e-01 4.111631e-03 9.999832e-01 4.086793e-03 -9.656284e-02 1.016178e-02 -4.128398e-03 9.999398e-01 9.064236e+00
9.998940e-01 -6.597169e-03 -1.297949e-02 -7.764755e-02 6.643951e-03 9.999716e-01 3.564526e-03 -1.252476e-01 1.295560e-02 -3.650384e-03 9.999094e-01 1.055885e+01
9.998752e-01 -7.846352e-03 -1.371184e-02 -1.239153e-01 7.896229e-03 9.999624e-01 3.587207e-03 -1.274162e-01 1.368317e-02 -3.695031e-03 9.998996e-01 1.205150e+01
9.998754e-01 -6.929702e-03 -1.418041e-02 -1.609033e-01 6.977647e-03 9.999701e-01 3.334374e-03 -1.487101e-01 1.415688e-02 -3.432905e-03 9.998939e-01 1.353981e+01
9.998535e-01 -7.290685e-03 -1.548917e-02 -2.098761e-01 7.342994e-03 9.999675e-01 3.322904e-03 -1.639705e-01 1.546444e-02 -3.436154e-03 9.998745e-01 1.502388e+01
9.998430e-01 -7.064133e-03 -1.625232e-02 -2.254987e-01 7.124030e-03 9.999680e-01 3.630505e-03 -1.789302e-01 1.622616e-02 -3.745717e-03 9.998613e-01 1.650672e+01
9.998262e-01 -6.507879e-03 -1.746999e-02 -2.288187e-01 6.579913e-03 9.999701e-01 4.068981e-03 -1.805222e-01 1.744299e-02 -4.183225e-03 9.998391e-01 1.798089e+01
9.998340e-01 -5.829455e-03 -1.726484e-02 -2.936119e-01 5.907759e-03 9.999725e-01 4.487949e-03 -1.867062e-01 1.723821e-02 -4.589200e-03 9.998409e-01 1.945318e+01
9.998470e-01 -5.113727e-03 -1.672921e-02 -3.726179e-01 5.201077e-03 9.999730e-01 5.182037e-03 -2.277500e-01 1.670226e-02 -5.268254e-03 9.998466e-01 2.091279e+01
9.998511e-01 -5.245996e-03 -1.643979e-02 -4.127515e-01 5.332838e-03 9.999720e-01 5.243010e-03 -2.330493e-01 1.641182e-02 -5.329900e-03 9.998511e-01 2.236967e+01
9.998712e-01 -3.278478e-03 -1.571140e-02 -4.857854e-01 3.367407e-03 9.999784e-01 5.637028e-03 -2.460689e-01 1.569258e-02 -5.689208e-03 9.998607e-01 2.382046e+01
9.998839e-01 -3.105971e-03 -1.491861e-02 -5.446683e-01 3.212642e-03 9.999694e-01 7.131561e-03 -2.702577e-01 1.489601e-02 -7.178661e-03 9.998633e-01 2.526045e+01
9.998842e-01 -3.045511e-03 -1.491211e-02 -5.821967e-01 3.131462e-03 9.999786e-01 5.743914e-03 -2.842495e-01 1.489430e-02 -5.789945e-03 9.998723e-01 2.669342e+01
9.999154e-01 -2.071629e-03 -1.284510e-02 -6.407641e-01 2.116502e-03 9.999917e-01 3.480807e-03 -2.978395e-01 1.283778e-02 -3.507699e-03 9.999114e-01 2.811810e+01
9.999239e-01 -3.921210e-03 -1.169370e-02 -6.672042e-01 3.949298e-03 9.999894e-01 2.379865e-03 -2.882371e-01 1.168424e-02 -2.425865e-03 9.999288e-01 2.953970e+01
9.999316e-01 -5.371878e-03 -1.039122e-02 -7.045700e-01 5.424940e-03 9.999724e-01 5.085026e-03 -3.083516e-01 1.036362e-02 -5.141050e-03 9.999331e-01 3.095074e+01
9.999223e-01 -7.352652e-03 -1.006817e-02 -7.441797e-01 7.410206e-03 9.999563e-01 5.691107e-03 -2.998472e-01 1.002589e-02 -5.765272e-03 9.999331e-01 3.234498e+01
9.999078e-01 -8.656112e-03 -1.046494e-02 -7.356707e-01 8.700583e-03 9.999533e-01 4.211546e-03 -2.992110e-01 1.042799e-02 -4.302208e-03 9.999364e-01 3.372946e+01
9.999154e-01 -8.204359e-03 -1.009634e-02 -7.525369e-01 8.228986e-03 9.999633e-01 2.400078e-03 -3.014456e-01 1.007628e-02 -2.482957e-03 9.999462e-01 3.509759e+01
9.999181e-01 -6.896040e-03 -1.078180e-02 -7.589440e-01 6.922164e-03 9.999732e-01 2.387515e-03 -3.315870e-01 1.076505e-02 -2.461953e-03 9.999390e-01 3.645396e+01
9.999239e-01 -6.467778e-03 -1.050469e-02 -7.635296e-01 6.485701e-03 9.999776e-01 1.673018e-03 -3.457753e-01 1.049364e-02 -1.741021e-03 9.999434e-01 3.778853e+01
9.999414e-01 -6.007186e-03 -9.009683e-03 -8.106046e-01 6.033093e-03 9.999777e-01 2.850999e-03 -3.640188e-01 8.992356e-03 -2.905188e-03 9.999553e-01 3.911176e+01
9.999511e-01 -5.605736e-03 -8.151984e-03 -7.957208e-01 5.652416e-03 9.999677e-01 5.714476e-03 -4.046936e-01 8.119686e-03 -5.760275e-03 9.999504e-01 4.041452e+01
9.999516e-01 -6.933710e-03 -6.987098e-03 -8.015467e-01 6.982898e-03 9.999508e-01 7.040160e-03 -4.381185e-01 6.937940e-03 -7.088610e-03 9.999508e-01 4.169667e+01
9.999811e-01 -4.665521e-03 -4.005677e-03 -8.494118e-01 4.695765e-03 9.999603e-01 7.574260e-03 -4.449875e-01 3.970180e-03 -7.592926e-03 9.999633e-01 4.295926e+01
9.999813e-01 -5.974205e-03 -1.335281e-03 -8.449708e-01 5.983997e-03 9.999543e-01 7.453449e-03 -4.561141e-01 1.290692e-03 -7.461299e-03 9.999713e-01 4.420058e+01
9.999771e-01 -6.147514e-03 2.837916e-03 -8.610617e-01 6.130143e-03 9.999627e-01 6.089939e-03 -4.793475e-01 -2.875248e-03 -6.072403e-03 9.999774e-01 4.543374e+01
9.999638e-01 -7.144052e-03 4.626607e-03 -8.440541e-01 7.123844e-03 9.999651e-01 4.369544e-03 -5.004842e-01 -4.657661e-03 -4.336427e-03 9.999798e-01 4.665376e+01
9.999407e-01 -6.341568e-03 8.857120e-03 -8.275833e-01 6.294976e-03 9.999663e-01 5.278406e-03 -5.107392e-01 -8.890295e-03 -5.222337e-03 9.999468e-01 4.786336e+01
9.998978e-01 -5.078967e-03 1.336460e-02 -7.944389e-01 4.999098e-03 9.999695e-01 6.002808e-03 -5.417820e-01 -1.339468e-02 -5.935383e-03 9.998927e-01 4.906070e+01
9.998195e-01 -4.820411e-03 1.837713e-02 -7.188698e-01 4.736309e-03 9.999781e-01 4.617252e-03 -5.389608e-01 -1.839898e-02 -4.529379e-03 9.998205e-01 5.024417e+01
9.996482e-01 -3.963386e-03 2.622719e-02 -6.972567e-01 3.850660e-03 9.999831e-01 4.347180e-03 -5.368563e-01 -2.624398e-02 -4.244658e-03 9.996466e-01 5.142189e+01
9.993959e-01 -1.976401e-03 3.469780e-02 -6.604241e-01 1.782931e-03 9.999827e-01 5.605908e-03 -5.421405e-01 -3.470828e-02 -5.540657e-03 9.993821e-01 5.258612e+01
9.990155e-01 1.821323e-03 4.432611e-02 -6.017855e-01 -2.099031e-03 9.999785e-01 6.219370e-03 -5.457250e-01 -4.431383e-02 -6.306289e-03 9.989978e-01 5.373384e+01
9.983325e-01 5.673117e-03 5.744637e-02 -5.563308e-01 -6.017004e-03 9.999650e-01 5.815016e-03 -5.352952e-01 -5.741137e-02 -6.150974e-03 9.983317e-01 5.486597e+01
9.974639e-01 7.031966e-03 7.082665e-02 -4.534943e-01 -7.472565e-03 9.999543e-01 5.957763e-03 -5.352487e-01 -7.078152e-02 -6.471909e-03 9.974708e-01 5.598316e+01
9.962086e-01 8.916018e-03 8.653855e-02 -3.519692e-01 -9.601734e-03 9.999257e-01 7.510811e-03 -5.675238e-01 -8.646515e-02 -8.313255e-03 9.962202e-01 5.709231e+01
9.945631e-01 8.255642e-03 1.038078e-01 -2.529765e-01 -9.094001e-03 9.999297e-01 7.605363e-03 -5.457299e-01 -1.037377e-01 -8.508042e-03 9.945683e-01 5.818648e+01
9.923510e-01 7.771211e-03 1.232033e-01 -1.346628e-01 -8.656860e-03 9.999404e-01 6.654817e-03 -5.547901e-01 -1.231443e-01 -7.670468e-03 9.923591e-01 5.926574e+01
9.897319e-01 6.463497e-03 1.427898e-01 2.412942e-02 -7.347435e-03 9.999570e-01 5.664074e-03 -5.813318e-01 -1.427470e-01 -6.655054e-03 9.897368e-01 6.032851e+01
9.864867e-01 4.801248e-03 1.637710e-01 2.033770e-01 -5.743964e-03 9.999695e-01 5.283243e-03 -5.818825e-01 -1.637406e-01 -6.152543e-03 9.864842e-01 6.137713e+01
9.827847e-01 -4.895108e-04 1.847538e-01 4.321020e-01 -8.653996e-04 9.999733e-01 7.252889e-03 -6.035127e-01 -1.847525e-01 -7.287915e-03 9.827581e-01 6.240410e+01
9.784074e-01 -6.167811e-03 2.065937e-01 6.733372e-01 4.328957e-03 9.999469e-01 9.351692e-03 -6.290629e-01 -2.066404e-01 -8.255430e-03 9.783821e-01 6.341516e+01
9.729929e-01 -1.098335e-02 2.305736e-01 8.976806e-01 9.261034e-03 9.999206e-01 8.550650e-03 -6.324319e-01 -2.306492e-01 -6.184372e-03 9.730173e-01 6.441399e+01
9.664782e-01 -1.809746e-02 2.561099e-01 1.157683e+00 1.691079e-02 9.998336e-01 6.835103e-03 -6.459004e-01 -2.561910e-01 -2.274957e-03 9.666235e-01 6.539504e+01
9.592710e-01 -2.060987e-02 2.817345e-01 1.477389e+00 1.920288e-02 9.997855e-01 7.754399e-03 -6.407433e-01 -2.818339e-01 -2.028456e-03 9.594611e-01 6.634711e+01
9.502619e-01 -2.216931e-02 3.106619e-01 1.748395e+00 1.987473e-02 9.997468e-01 1.055005e-02 -6.571285e-01 -3.108172e-01 -3.850992e-03 9.504619e-01 6.730870e+01
9.401349e-01 -2.603604e-02 3.398066e-01 2.032724e+00 2.314237e-02 9.996532e-01 1.256616e-02 -6.308016e-01 -3.400159e-01 -3.949953e-03 9.404114e-01 6.825117e+01
9.292237e-01 -2.977960e-02 3.683158e-01 2.373451e+00 2.758584e-02 9.995565e-01 1.122127e-02 -5.941390e-01 -3.684866e-01 -2.667752e-04 9.296330e-01 6.915710e+01
9.169527e-01 -2.825296e-02 3.979945e-01 2.735766e+00 2.768474e-02 9.995909e-01 7.175500e-03 -5.823144e-01 -3.980344e-01 4.438781e-03 9.173598e-01 7.004569e+01
9.039773e-01 -2.796834e-02 4.266648e-01 3.164954e+00 3.021897e-02 9.995422e-01 1.495956e-03 -5.668249e-01 -4.265113e-01 1.154106e-02 9.044086e-01 7.090031e+01
8.897907e-01 -3.090765e-02 4.553210e-01 3.611304e+00 3.488018e-02 9.993914e-01 -3.233264e-04 -5.928962e-01 -4.550340e-01 1.616937e-02 8.903273e-01 7.174415e+01
8.740222e-01 -3.067220e-02 4.849169e-01 4.079158e+00 3.368600e-02 9.994293e-01 2.500186e-03 -5.930657e-01 -4.847168e-01 1.414969e-02 8.745567e-01 7.257653e+01
8.568949e-01 -2.969205e-02 5.146353e-01 4.595851e+00 2.992482e-02 9.995214e-01 7.841309e-03 -5.827098e-01 -5.146218e-01 8.681191e-03 8.573734e-01 7.336480e+01
8.377404e-01 -3.015606e-02 5.452354e-01 5.113850e+00 2.815585e-02 9.995313e-01 1.202166e-02 -5.915751e-01 -5.453423e-01 5.280532e-03 8.381968e-01 7.413772e+01
8.155170e-01 -2.475680e-02 5.782033e-01 5.596465e+00 2.432648e-02 9.996680e-01 8.491682e-03 -6.290907e-01 -5.782216e-01 7.140542e-03 8.158485e-01 7.492436e+01
7.938137e-01 -1.803433e-02 6.078936e-01 6.169002e+00 2.146635e-02 9.997682e-01 1.628350e-03 -6.306456e-01 -6.077821e-01 1.175665e-02 7.940168e-01 7.564093e+01
7.732684e-01 -1.554465e-02 6.338883e-01 6.827374e+00 1.994017e-02 9.998012e-01 1.931930e-04 -6.513887e-01 -6.337653e-01 1.249045e-02 7.734246e-01 7.628606e+01
7.486474e-01 -1.817247e-02 6.627192e-01 7.389563e+00 1.958244e-02 9.997942e-01 5.293927e-03 -7.145323e-01 -6.626791e-01 9.014373e-03 7.488492e-01 7.700190e+01
7.227430e-01 -1.856260e-02 6.908676e-01 7.943175e+00 2.097347e-02 9.997679e-01 4.921142e-03 -6.929243e-01 -6.907986e-01 1.093317e-02 7.229646e-01 7.770876e+01
6.952942e-01 -1.591914e-02 7.185489e-01 8.547029e+00 2.150295e-02 9.997679e-01 1.342383e-03 -6.816979e-01 -7.184035e-01 1.451757e-02 6.954751e-01 7.837582e+01
6.702475e-01 -1.394346e-02 7.420067e-01 9.240039e+00 2.054287e-02 9.997889e-01 2.314184e-04 -7.313698e-01 -7.418533e-01 1.508784e-02 6.703924e-01 7.894335e+01
6.407590e-01 -1.119005e-02 7.676606e-01 9.881521e+00 1.810249e-02 9.998360e-01 -5.355477e-04 -7.475188e-01 -7.675287e-01 1.423972e-02 6.408564e-01 7.957881e+01
6.141826e-01 -9.791275e-03 7.891032e-01 1.063255e+01 1.756663e-02 9.998449e-01 -1.266455e-03 -7.712839e-01 -7.889684e-01 1.463972e-02 6.142593e-01 8.007626e+01
5.863057e-01 -3.372030e-03 8.100829e-01 1.137671e+01 1.657667e-02 9.998319e-01 -7.835655e-03 -7.864954e-01 -8.099203e-01 1.802256e-02 5.862630e-01 8.059094e+01
5.552351e-01 6.290292e-03 8.316696e-01 1.212710e+01 1.589795e-02 9.997084e-01 -1.817496e-02 -7.784539e-01 -8.315415e-01 2.331322e-02 5.549732e-01 8.112175e+01
5.220846e-01 1.607074e-02 8.527423e-01 1.287214e+01 1.599027e-02 9.994623e-01 -2.862574e-02 -7.478321e-01 -8.527438e-01 2.858064e-02 5.215469e-01 8.167283e+01
4.899355e-01 2.120100e-02 8.715008e-01 1.368474e+01 1.323381e-02 9.994082e-01 -3.175231e-02 -7.680050e-01 -8.716582e-01 2.708986e-02 4.893650e-01 8.212055e+01
4.577594e-01 2.038501e-02 8.888424e-01 1.452438e+01 1.037746e-02 9.995465e-01 -2.826839e-02 -8.145792e-01 -8.890155e-01 2.216405e-02 4.573403e-01 8.253354e+01
4.277770e-01 1.908221e-02 9.036829e-01 1.539994e+01 5.750327e-03 9.996994e-01 -2.383173e-02 -8.391074e-01 -9.038660e-01 1.539114e-02 4.275387e-01 8.284312e+01
3.890609e-01 2.066162e-02 9.209803e-01 1.620726e+01 4.679266e-04 9.997439e-01 -2.262630e-02 -8.796135e-01 -9.212119e-01 9.233959e-03 3.889516e-01 8.332244e+01
3.515862e-01 2.344216e-02 9.358620e-01 1.705767e+01 -6.889037e-03 9.997241e-01 -2.245375e-02 -9.133402e-01 -9.361302e-01 1.447239e-03 3.516507e-01 8.372202e+01
3.158556e-01 2.530708e-02 9.484697e-01 1.795058e+01 -1.088258e-02 9.996751e-01 -2.304928e-02 -9.379171e-01 -9.487449e-01 -3.041552e-03 3.160284e-01 8.403549e+01
2.799023e-01 2.462732e-02 9.597125e-01 1.886452e+01 -1.322628e-02 9.996750e-01 -2.179533e-02 -9.643531e-01 -9.599374e-01 -6.592865e-03 2.801371e-01 8.429707e+01
2.419248e-01 2.483622e-02 9.699771e-01 1.978737e+01 -1.439686e-02 9.996542e-01 -2.200534e-02 -9.879580e-01 -9.701882e-01 -8.640986e-03 2.421988e-01 8.455785e+01
2.063897e-01 2.478197e-02 9.781560e-01 2.073176e+01 -1.370037e-02 9.996544e-01 -2.243588e-02 -1.005915e+00 -9.783739e-01 -8.770564e-03 2.066579e-01 8.473401e+01
1.716612e-01 2.321045e-02 9.848826e-01 2.167939e+01 -1.135926e-02 9.997026e-01 -2.157984e-02 -1.043822e+00 -9.850905e-01 -7.483118e-03 1.718738e-01 8.491010e+01
1.364616e-01 2.184790e-02 9.904044e-01 2.263302e+01 -3.225107e-03 9.997613e-01 -2.160994e-02 -1.079772e+00 -9.906401e-01 -2.452333e-04 1.364995e-01 8.502493e+01
1.033826e-01 2.479601e-02 9.943325e-01 2.359123e+01 -1.025165e-03 9.996913e-01 -2.482305e-02 -1.116763e+00 -9.946411e-01 1.546916e-03 1.033761e-01 8.511976e+01
7.106203e-02 2.940895e-02 9.970383e-01 2.455453e+01 -5.687604e-04 9.995663e-01 -2.944298e-02 -1.157391e+00 -9.974717e-01 1.525202e-03 7.104793e-02 8.517478e+01
4.125127e-02 3.339705e-02 9.985905e-01 2.552359e+01 6.267264e-03 9.994129e-01 -3.368345e-02 -1.197200e+00 -9.991291e-01 7.647915e-03 4.101774e-02 8.523743e+01
1.717415e-02 3.130331e-02 9.993624e-01 2.650522e+01 8.666614e-03 9.994676e-01 -3.145554e-02 -1.238405e+00 -9.998150e-01 9.201310e-03 1.689372e-02 8.523378e+01
-4.690207e-03 2.716236e-02 9.996200e-01 2.748764e+01 1.051378e-02 9.995771e-01 -2.711187e-02 -1.290136e+00 -9.999337e-01 1.038263e-02 -4.973803e-03 8.521055e+01
-2.231778e-02 2.482911e-02 9.994426e-01 2.846653e+01 1.102829e-02 9.996368e-01 -2.458767e-02 -1.323494e+00 -9.996901e-01 1.047340e-02 -2.258349e-02 8.515254e+01
-3.887832e-02 2.697569e-02 9.988798e-01 2.944873e+01 1.258796e-02 9.995694e-01 -2.650437e-02 -1.389723e+00 -9.991647e-01 1.154341e-02 -3.920115e-02 8.513740e+01
-5.344089e-02 3.184147e-02 9.980632e-01 3.043545e+01 1.514643e-02 9.994023e-01 -3.107319e-02 -1.421701e+00 -9.984561e-01 1.345651e-02 -5.389124e-02 8.507314e+01
-6.563348e-02 3.827955e-02 9.971093e-01 3.142768e+01 1.921171e-02 9.991272e-01 -3.709243e-02 -1.439278e+00 -9.976588e-01 1.672167e-02 -6.631161e-02 8.500779e+01
-7.359387e-02 4.237794e-02 9.963875e-01 3.241665e+01 2.542237e-02 9.988518e-01 -4.060504e-02 -1.472158e+00 -9.969642e-01 2.234224e-02 -7.458672e-02 8.490295e+01
-7.957042e-02 4.752153e-02 9.956959e-01 3.340945e+01 2.915304e-02 9.985467e-01 -4.532784e-02 -1.533666e+00 -9.964029e-01 2.542080e-02 -8.084018e-02 8.484773e+01
-8.380579e-02 5.202798e-02 9.951229e-01 3.440905e+01 3.089558e-02 9.982916e-01 -4.959172e-02 -1.593859e+00 -9.960030e-01 2.658882e-02 -8.527005e-02 8.477498e+01
-8.756637e-02 5.683912e-02 9.945358e-01 3.541201e+01 3.240031e-02 9.980051e-01 -5.418463e-02 -1.643594e+00 -9.956316e-01 2.747852e-02 -8.923330e-02 8.470702e+01
-9.032419e-02 6.047590e-02 9.940745e-01 3.641511e+01 3.236330e-02 9.978057e-01 -5.776228e-02 -1.696919e+00 -9.953864e-01 2.695420e-02 -9.208319e-02 8.461711e+01
-9.224209e-02 6.275803e-02 9.937569e-01 3.741690e+01 3.376258e-02 9.976351e-01 -5.986905e-02 -1.777132e+00 -9.951640e-01 2.802935e-02 -9.414282e-02 8.451520e+01
-9.472836e-02 6.714348e-02 9.932363e-01 3.842976e+01 3.562110e-02 9.973126e-01 -6.402174e-02 -1.837459e+00 -9.948657e-01 2.931549e-02 -9.686551e-02 8.443950e+01
-9.878678e-02 7.011442e-02 9.926355e-01 3.945537e+01 3.877537e-02 9.970283e-01 -6.656579e-02 -1.868037e+00 -9.943529e-01 3.191399e-02 -1.012119e-01 8.443566e+01
-9.964928e-02 6.915366e-02 9.926166e-01 4.046729e+01 3.877408e-02 9.970942e-01 -6.557305e-02 -1.940553e+00 -9.942669e-01 3.195349e-02 -1.020411e-01 8.427703e+01
-1.023485e-01 6.899598e-02 9.923529e-01 4.148768e+01 3.814380e-02 9.971302e-01 -6.539409e-02 -2.017784e+00 -9.940170e-01 3.115913e-02 -1.046865e-01 8.419017e+01
-1.038633e-01 7.081587e-02 9.920673e-01 4.250962e+01 3.832011e-02 9.970063e-01 -6.715655e-02 -2.087801e+00 -9.938531e-01 3.104103e-02 -1.062660e-01 8.407853e+01
-1.073629e-01 7.353135e-02 9.914970e-01 4.354313e+01 3.735004e-02 9.968556e-01 -6.988435e-02 -2.155336e+00 -9.935181e-01 2.952947e-02 -1.097717e-01 8.400850e+01
-1.092615e-01 7.542728e-02 9.911471e-01 4.457340e+01 3.569419e-02 9.967715e-01 -7.192046e-02 -2.236865e+00 -9.933720e-01 2.752005e-02 -1.116011e-01 8.387178e+01
-1.105375e-01 7.892765e-02 9.907330e-01 4.560509e+01 3.372301e-02 9.965655e-01 -7.562978e-02 -2.326839e+00 -9.932997e-01 2.505058e-02 -1.128195e-01 8.373508e+01
-1.128908e-01 8.425519e-02 9.900287e-01 4.664779e+01 2.968140e-02 9.962395e-01 -8.139925e-02 -2.393205e+00 -9.931640e-01 2.019621e-02 -1.149671e-01 8.362000e+01
-1.144632e-01 8.609215e-02 9.896900e-01 4.768671e+01 2.667805e-02 9.961449e-01 -8.356819e-02 -2.501661e+00 -9.930692e-01 1.683752e-02 -1.163187e-01 8.347318e+01
-1.186593e-01 8.482863e-02 9.893048e-01 4.874674e+01 2.421889e-02 9.962948e-01 -8.252313e-02 -2.585960e+00 -9.926396e-01 1.416773e-02 -1.202741e-01 8.338384e+01
-1.217369e-01 8.069830e-02 9.892765e-01 4.980019e+01 1.953993e-02 9.966911e-01 -7.889862e-02 -2.653827e+00 -9.923701e-01 9.725527e-03 -1.229109e-01 8.323729e+01
-1.229827e-01 7.943798e-02 9.892244e-01 5.084690e+01 1.798166e-02 9.968059e-01 -7.781128e-02 -2.744827e+00 -9.922459e-01 8.218461e-03 -1.240183e-01 8.304496e+01
-1.257746e-01 7.952970e-02 9.888659e-01 5.190611e+01 1.648317e-02 9.968114e-01 -7.807221e-02 -2.831095e+00 -9.919219e-01 6.480147e-03 -1.266844e-01 8.293696e+01
-1.273197e-01 8.265577e-02 9.884117e-01 5.296451e+01 1.660293e-02 9.965597e-01 -8.119848e-02 -2.905712e+00 -9.917228e-01 6.072372e-03 -1.282540e-01 8.278919e+01
-1.278317e-01 8.488759e-02 9.881564e-01 5.403074e+01 1.760774e-02 9.963677e-01 -8.331517e-02 -3.006304e+00 -9.916396e-01 6.748887e-03 -1.288620e-01 8.263937e+01
-1.281133e-01 8.526357e-02 9.880876e-01 5.510355e+01 1.712309e-02 9.963392e-01 -8.375547e-02 -3.114762e+00 -9.916117e-01 6.188923e-03 -1.291043e-01 8.251793e+01
-1.284150e-01 8.331627e-02 9.882146e-01 5.618008e+01 1.504959e-02 9.965137e-01 -8.206033e-02 -3.230572e+00 -9.916063e-01 4.334454e-03 -1.292211e-01 8.242327e+01
-1.279159e-01 8.289737e-02 9.883145e-01 5.725278e+01 1.080077e-02 9.965581e-01 -8.219089e-02 -3.308712e+00 -9.917262e-01 1.610312e-04 -1.283710e-01 8.226024e+01
-1.271368e-01 8.414510e-02 9.883096e-01 5.833420e+01 7.228811e-03 9.964473e-01 -8.390802e-02 -3.398174e+00 -9.918588e-01 -3.523495e-03 -1.272934e-01 8.211615e+01
-1.279721e-01 8.455046e-02 9.881672e-01 5.942858e+01 2.988961e-03 9.963878e-01 -8.486676e-02 -3.489923e+00 -9.917733e-01 -7.906987e-03 -1.277626e-01 8.202061e+01
-1.280786e-01 8.407982e-02 9.881935e-01 6.053304e+01 -1.061347e-03 9.963877e-01 -8.491457e-02 -3.578739e+00 -9.917635e-01 -1.192456e-02 -1.275267e-01 8.186615e+01
-1.271170e-01 8.005254e-02 9.886520e-01 6.163163e+01 -2.084110e-03 9.967141e-01 -8.097330e-02 -3.645089e+00 -9.918855e-01 -1.235354e-02 -1.265325e-01 8.168921e+01
-1.273365e-01 7.220071e-02 9.892282e-01 6.273964e+01 4.925321e-04 9.973515e-01 -7.273021e-02 -3.726273e+00 -9.918594e-01 -8.773985e-03 -1.270348e-01 8.153430e+01
-1.260177e-01 6.686102e-02 9.897723e-01 6.383778e+01 6.253640e-03 9.977599e-01 -6.660438e-02 -3.808767e+00 -9.920083e-01 -2.203652e-03 -1.261535e-01 8.136664e+01
-1.249128e-01 6.961049e-02 9.897228e-01 6.493845e+01 1.461126e-02 9.975566e-01 -6.831739e-02 -3.886597e+00 -9.920601e-01 5.927384e-03 -1.256246e-01 8.119919e+01
-1.246833e-01 7.497512e-02 9.893598e-01 6.604652e+01 2.020384e-02 9.971260e-01 -7.301748e-02 -3.981192e+00 -9.919909e-01 1.088481e-02 -1.258398e-01 8.106167e+01
-1.238453e-01 8.122773e-02 9.889714e-01 6.715969e+01 2.288802e-02 9.966127e-01 -7.898915e-02 -4.054808e+00 -9.920375e-01 1.285317e-02 -1.252849e-01 8.091598e+01
-1.232419e-01 8.640679e-02 9.886078e-01 6.828385e+01 2.368355e-02 9.961745e-01 -8.411570e-02 -4.140754e+00 -9.920940e-01 1.304716e-02 -1.248169e-01 8.077779e+01
-1.246975e-01 8.334103e-02 9.886884e-01 6.941927e+01 2.054911e-02 9.964692e-01 -8.140517e-02 -4.248770e+00 -9.919820e-01 1.016565e-02 -1.259698e-01 8.069338e+01
-1.240739e-01 7.937329e-02 9.890933e-01 7.055276e+01 1.933687e-02 9.967997e-01 -7.756606e-02 -4.341714e+00 -9.920845e-01 9.502048e-03 -1.252117e-01 8.054383e+01
-1.243504e-01 7.781568e-02 9.891823e-01 7.168530e+01 1.641571e-02 9.969450e-01 -7.636271e-02 -4.440424e+00 -9.921026e-01 6.742399e-03 -1.252479e-01 8.042708e+01
-1.239595e-01 7.855119e-02 9.891733e-01 7.282087e+01 1.414630e-02 9.969004e-01 -7.739204e-02 -4.530971e+00 -9.921864e-01 4.399662e-03 -1.246865e-01 8.029008e+01
-1.249004e-01 8.408512e-02 9.885998e-01 7.396126e+01 1.236338e-02 9.964569e-01 -8.319140e-02 -4.601504e+00 -9.920923e-01 1.831794e-03 -1.254974e-01 8.015750e+01
-1.243830e-01 8.640458e-02 9.884650e-01 7.510862e+01 1.240316e-02 9.962588e-01 -8.552512e-02 -4.716203e+00 -9.921568e-01 1.622213e-03 -1.249894e-01 8.001282e+01
-1.243098e-01 8.462529e-02 9.886282e-01 7.627040e+01 1.283902e-02 9.964102e-01 -8.367705e-02 -4.828782e+00 -9.921604e-01 2.291135e-03 -1.249501e-01 7.988952e+01
-1.238596e-01 7.827109e-02 9.892080e-01 7.742683e+01 1.455584e-02 9.969203e-01 -7.705878e-02 -4.927978e+00 -9.921930e-01 4.854288e-03 -1.246174e-01 7.975099e+01
-1.236947e-01 7.664157e-02 9.893562e-01 7.858244e+01 1.340819e-02 9.970510e-01 -7.556129e-02 -5.037311e+00 -9.922297e-01 3.918940e-03 -1.243576e-01 7.962264e+01
-1.244692e-01 8.020007e-02 9.889769e-01 7.974529e+01 1.071018e-02 9.967785e-01 -7.948479e-02 -5.118947e+00 -9.921657e-01 6.987121e-04 -1.249272e-01 7.950350e+01
-1.239089e-01 8.303129e-02 9.888136e-01 8.091785e+01 9.382267e-03 9.965465e-01 -8.250492e-02 -5.212612e+00 -9.922492e-01 -9.457842e-04 -1.242600e-01 7.935310e+01
-1.254124e-01 8.287559e-02 9.886371e-01 8.208098e+01 8.113920e-03 9.965572e-01 -8.251023e-02 -5.307197e+00 -9.920715e-01 -2.326082e-03 -1.256531e-01 7.924510e+01
-1.249396e-01 7.923185e-02 9.889957e-01 8.324220e+01 7.331405e-03 9.968528e-01 -7.893514e-02 -5.405769e+00 -9.921373e-01 -2.611396e-03 -1.251273e-01 7.910273e+01
-1.252882e-01 7.845689e-02 9.890133e-01 8.441260e+01 7.545781e-03 9.969148e-01 -7.812780e-02 -5.494375e+00 -9.920917e-01 -2.325613e-03 -1.254937e-01 7.897038e+01
-1.244317e-01 7.868893e-02 9.891030e-01 8.558640e+01 8.682370e-03 9.968986e-01 -7.821684e-02 -5.593197e+00 -9.921902e-01 -1.144894e-03 -1.247290e-01 7.883835e+01
-1.224170e-01 7.908455e-02 9.893229e-01 8.676860e+01 1.170300e-02 9.968659e-01 -7.823942e-02 -5.686507e+00 -9.924098e-01 2.000208e-03 -1.229589e-01 7.866677e+01
-1.215919e-01 7.829291e-02 9.894876e-01 8.795214e+01 1.154775e-02 9.969284e-01 -7.746264e-02 -5.789009e+00 -9.925130e-01 2.007520e-03 -1.221226e-01 7.851387e+01
-1.209021e-01 7.926226e-02 9.894949e-01 8.916091e+01 1.266175e-02 9.968491e-01 -7.830427e-02 -5.882746e+00 -9.925837e-01 3.061594e-03 -1.215247e-01 7.837795e+01
-1.197724e-01 7.834538e-02 9.897053e-01 9.037302e+01 1.250496e-02 9.969214e-01 -7.740329e-02 -5.969986e+00 -9.927226e-01 3.105450e-03 -1.203833e-01 7.823047e+01
-1.187559e-01 7.789522e-02 9.898633e-01 9.158555e+01 1.184891e-02 9.969582e-01 -7.703200e-02 -6.061236e+00 -9.928528e-01 2.580796e-03 -1.193177e-01 7.808710e+01
-1.160431e-01 7.706847e-02 9.902497e-01 9.280120e+01 1.336121e-02 9.970161e-01 -7.602933e-02 -6.159399e+00 -9.931543e-01 4.408261e-03 -1.167265e-01 7.791625e+01
-1.154692e-01 7.724201e-02 9.903033e-01 9.402247e+01 1.014940e-02 9.970116e-01 -7.658183e-02 -6.262113e+00 -9.932592e-01 1.208145e-03 -1.159081e-01 7.778970e+01
-1.135134e-01 7.941411e-02 9.903576e-01 9.524769e+01 1.079602e-02 9.968402e-01 -7.869651e-02 -6.373754e+00 -9.934778e-01 1.758813e-03 -1.140120e-01 7.764426e+01
-1.126115e-01 7.746691e-02 9.906147e-01 9.647507e+01 6.686690e-03 9.969928e-01 -7.720555e-02 -6.490853e+00 -9.936166e-01 -2.070295e-03 -1.127908e-01 7.751811e+01
-1.125138e-01 7.640653e-02 9.907082e-01 9.770818e+01 3.044524e-03 9.970610e-01 -7.655072e-02 -6.582526e+00 -9.936455e-01 -5.596775e-03 -1.124157e-01 7.741040e+01
-1.108075e-01 7.744901e-02 9.908195e-01 9.894463e+01 2.046513e-03 9.969746e-01 -7.770126e-02 -6.670885e+00 -9.938398e-01 -6.582155e-03 -1.106307e-01 7.725432e+01
-1.109792e-01 7.626604e-02 9.908921e-01 1.001868e+02 -5.923008e-05 9.970506e-01 -7.674668e-02 -6.785721e+00 -9.938227e-01 -8.575979e-03 -1.106474e-01 7.712077e+01
-1.122245e-01 7.353552e-02 9.909582e-01 1.014326e+02 -2.702776e-03 9.972317e-01 -7.430714e-02 -6.898982e+00 -9.936792e-01 -1.101742e-02 -1.117151e-01 7.698811e+01
-1.146001e-01 7.211405e-02 9.907908e-01 1.026779e+02 -4.717409e-03 9.973109e-01 -7.313425e-02 -7.002026e+00 -9.934005e-01 -1.305516e-02 -1.139517e-01 7.685536e+01
-1.153495e-01 7.159155e-02 9.907417e-01 1.039236e+02 -6.635808e-03 9.973216e-01 -7.283961e-02 -7.100976e+00 -9.933028e-01 -1.497638e-02 -1.145654e-01 7.670261e+01
-1.169704e-01 7.128901e-02 9.905735e-01 1.051700e+02 -6.112118e-03 9.973498e-01 -7.249842e-02 -7.205822e+00 -9.931166e-01 -1.453467e-02 -1.162247e-01 7.655627e+01
-1.198245e-01 6.964363e-02 9.903494e-01 1.064204e+02 -7.261574e-03 9.974484e-01 -7.102144e-02 -7.305648e+00 -9.927685e-01 -1.570160e-02 -1.190130e-01 7.643782e+01
-1.252045e-01 6.506882e-02 9.899949e-01 1.076677e+02 -1.152584e-02 9.976843e-01 -6.703189e-02 -7.386789e+00 -9.920640e-01 -1.980322e-02 -1.241646e-01 7.636614e+01
-1.278788e-01 6.549950e-02 9.896246e-01 1.088877e+02 -1.095213e-02 9.976628e-01 -6.744674e-02 -7.483774e+00 -9.917293e-01 -1.946350e-02 -1.268625e-01 7.617760e+01
-1.344629e-01 7.125776e-02 9.883532e-01 1.101245e+02 -1.575647e-02 9.971312e-01 -7.403425e-02 -7.579484e+00 -9.907934e-01 -2.552782e-02 -1.329543e-01 7.602877e+01
-1.409828e-01 7.501964e-02 9.871656e-01 1.113483e+02 -1.413849e-02 9.968706e-01 -7.777637e-02 -7.669379e+00 -9.899111e-01 -2.492216e-02 -1.394810e-01 7.586237e+01
-1.490443e-01 7.121522e-02 9.862627e-01 1.125727e+02 -1.172037e-02 9.972059e-01 -7.377658e-02 -7.781751e+00 -9.887611e-01 -2.255535e-02 -1.477932e-01 7.566302e+01
-1.608027e-01 6.923932e-02 9.845549e-01 1.137981e+02 -9.053450e-03 9.973909e-01 -7.162067e-02 -7.882378e+00 -9.869450e-01 -2.043042e-02 -1.597563e-01 7.550144e+01
-1.739952e-01 6.998826e-02 9.822562e-01 1.150168e+02 -8.544535e-03 9.973263e-01 -7.257560e-02 -7.994154e+00 -9.847094e-01 -2.102073e-02 -1.729320e-01 7.528988e+01
-1.878225e-01 6.996994e-02 9.797076e-01 1.162290e+02 -6.521914e-03 9.973485e-01 -7.248018e-02 -8.096540e+00 -9.821813e-01 -2.000298e-02 -1.868681e-01 7.506262e+01
-2.027885e-01 6.777018e-02 9.768746e-01 1.174367e+02 -7.193104e-03 9.974722e-01 -7.069234e-02 -8.192452e+00 -9.791961e-01 -2.136236e-02 -2.017885e-01 7.483888e+01
-2.192872e-01 7.099254e-02 9.730741e-01 1.186300e+02 -3.138491e-03 9.972927e-01 -7.346673e-02 -8.282577e+00 -9.756553e-01 -1.916430e-02 -2.184708e-01 7.459817e+01
-2.335236e-01 7.432576e-02 9.695063e-01 1.197983e+02 -3.456640e-03 9.970045e-01 -7.726646e-02 -8.373719e+00 -9.723450e-01 -2.139478e-02 -2.325672e-01 7.428016e+01
-2.485699e-01 7.838979e-02 9.654367e-01 1.209784e+02 -2.493707e-03 9.966647e-01 -8.156744e-02 -8.478046e+00 -9.686107e-01 -2.268273e-02 -2.475454e-01 7.399798e+01
-2.656502e-01 7.517363e-02 9.611342e-01 1.221717e+02 -7.004395e-03 9.967785e-01 -7.989746e-02 -8.599358e+00 -9.640441e-01 -2.795694e-02 -2.642678e-01 7.373129e+01
-2.792003e-01 6.925294e-02 9.577323e-01 1.233178e+02 -1.239701e-02 9.970528e-01 -7.571017e-02 -8.726179e+00 -9.601529e-01 -3.301132e-02 -2.775189e-01 7.331616e+01
-2.960035e-01 6.465837e-02 9.529959e-01 1.244884e+02 -1.718674e-02 9.971842e-01 -7.299469e-02 -8.835070e+00 -9.550322e-01 -3.798558e-02 -2.940587e-01 7.300689e+01
-3.108498e-01 6.551326e-02 9.481985e-01 1.256436e+02 -1.808617e-02 9.970333e-01 -7.481659e-02 -8.963230e+00 -9.502870e-01 -4.040601e-02 -3.087427e-01 7.266143e+01
-3.245004e-01 6.815111e-02 9.434272e-01 1.267763e+02 -1.752146e-02 9.967968e-01 -7.803308e-02 -9.047640e+00 -9.457232e-01 -4.185199e-02 -3.222669e-01 7.225428e+01
-3.379319e-01 7.053933e-02 9.385234e-01 1.279114e+02 -1.452079e-02 9.966780e-01 -8.013869e-02 -9.155353e+00 -9.410585e-01 -4.070953e-02 -3.357850e-01 7.185268e+01
-3.512586e-01 7.121077e-02 9.335665e-01 1.290268e+02 -1.114407e-02 9.967148e-01 -8.022061e-02 -9.255596e+00 -9.362122e-01 -3.858191e-02 -3.493111e-01 7.140679e+01
-3.637008e-01 6.942136e-02 9.289254e-01 1.301226e+02 -1.219174e-02 9.967790e-01 -7.926567e-02 -9.340111e+00 -9.314360e-01 -4.015421e-02 -3.616830e-01 7.091647e+01
-3.778040e-01 6.749512e-02 9.234222e-01 1.312249e+02 -1.254771e-02 9.968746e-01 -7.799763e-02 -9.448149e+00 -9.258006e-01 -4.105465e-02 -3.757763e-01 7.046817e+01
-3.935201e-01 6.853600e-02 9.167578e-01 1.323237e+02 -1.491363e-02 9.966100e-01 -8.090739e-02 -9.553288e+00 -9.191951e-01 -4.551087e-02 -3.911639e-01 7.002391e+01
-4.078131e-01 7.072835e-02 9.103219e-01 1.333979e+02 -1.383990e-02 9.964019e-01 -8.361652e-02 -9.665015e+00 -9.129605e-01 -4.669868e-02 -4.053669e-01 6.950572e+01
-4.214283e-01 7.307992e-02 9.039123e-01 1.344713e+02 -1.225107e-02 9.961980e-01 -8.625285e-02 -9.772255e+00 -9.067790e-01 -4.742328e-02 -4.189307e-01 6.898880e+01
-4.370620e-01 7.584511e-02 8.962278e-01 1.355665e+02 -9.684587e-03 9.959836e-01 -8.901001e-02 -9.874972e+00 -8.993792e-01 -4.758249e-02 -4.345721e-01 6.850696e+01
-4.496050e-01 7.920359e-02 8.897090e-01 1.366034e+02 -9.366882e-03 9.955881e-01 -9.336261e-02 -1.000014e+01 -8.931783e-01 -5.031010e-02 -4.468795e-01 6.790902e+01
-4.657207e-01 8.109612e-02 8.812081e-01 1.376805e+02 -8.223102e-03 9.953525e-01 -9.594658e-02 -1.012885e+01 -8.848936e-01 -5.193057e-02 -4.628894e-01 6.735954e+01
-4.823063e-01 7.790637e-02 8.725315e-01 1.387681e+02 -1.016479e-02 9.954728e-01 -9.450228e-02 -1.025241e+01 -8.759437e-01 -5.444814e-02 -4.793309e-01 6.682144e+01
-4.995487e-01 7.386847e-02 8.631307e-01 1.398584e+02 -1.216737e-02 9.956613e-01 -9.225274e-02 -1.036113e+01 -8.662003e-01 -5.658677e-02 -4.964825e-01 6.627525e+01
-5.154594e-01 7.461158e-02 8.536596e-01 1.409048e+02 -1.182750e-02 9.954878e-01 -9.414937e-02 -1.047858e+01 -8.568324e-01 -5.862684e-02 -5.122511e-01 6.565527e+01
-5.317981e-01 7.284320e-02 8.437326e-01 1.419589e+02 -1.356393e-02 9.954335e-01 -9.448946e-02 -1.061110e+01 -8.467625e-01 -6.169364e-02 -5.283816e-01 6.503348e+01
-5.468008e-01 7.101313e-02 8.342458e-01 1.429814e+02 -1.498951e-02 9.954067e-01 -9.455633e-02 -1.074530e+01 -8.371285e-01 -6.420842e-02 -5.432247e-01 6.435299e+01
-5.630807e-01 6.959143e-02 8.234665e-01 1.440121e+02 -1.714131e-02 9.952501e-01 -9.583004e-02 -1.088108e+01 -8.262241e-01 -6.807535e-02 -5.592133e-01 6.368646e+01
-5.763071e-01 6.903403e-02 8.143122e-01 1.449900e+02 -1.659337e-02 9.952319e-01 -9.611515e-02 -1.101328e+01 -8.170647e-01 -6.890403e-02 -5.724137e-01 6.292597e+01
-5.901805e-01 6.560948e-02 8.046007e-01 1.459677e+02 -1.761480e-02 9.954079e-01 -9.408904e-02 -1.116386e+01 -8.070791e-01 -6.970240e-02 -5.863147e-01 6.216457e+01
-6.050628e-01 6.224668e-02 7.937408e-01 1.469666e+02 -1.732643e-02 9.956736e-01 -9.129046e-02 -1.129361e+01 -7.959892e-01 -6.898915e-02 -6.013665e-01 6.142392e+01
-6.207555e-01 5.998650e-02 7.817060e-01 1.479687e+02 -1.703698e-02 9.958010e-01 -8.994483e-02 -1.141995e+01 -7.838191e-01 -6.915166e-02 -6.171269e-01 6.067416e+01
-6.346515e-01 5.850296e-02 7.705809e-01 1.489068e+02 -1.728247e-02 9.958066e-01 -8.983609e-02 -1.152801e+01 -7.726052e-01 -7.033215e-02 -6.309790e-01 5.985002e+01
-6.505301e-01 5.828037e-02 7.572410e-01 1.498933e+02 -1.961847e-02 9.954292e-01 -9.346612e-02 -1.167580e+01 -7.592270e-01 -7.565843e-02 -6.464133e-01 5.908188e+01
-6.650623e-01 5.799992e-02 7.445322e-01 1.508388e+02 -2.116197e-02 9.951154e-01 -9.642382e-02 -1.179405e+01 -7.464880e-01 -7.988361e-02 -6.605863e-01 5.824326e+01
-6.798921e-01 5.433632e-02 7.312963e-01 1.517714e+02 -2.279784e-02 9.952028e-01 -9.514026e-02 -1.192608e+01 -7.329577e-01 -8.135708e-02 -6.753917e-01 5.738310e+01
-6.974270e-01 4.632154e-02 7.151573e-01 1.527224e+02 -2.629734e-02 9.955827e-01 -9.013038e-02 -1.207550e+01 -7.161732e-01 -8.166609e-02 -6.931281e-01 5.654308e+01
-7.138426e-01 4.352077e-02 6.989526e-01 1.536187e+02 -2.691155e-02 9.956251e-01 -8.947815e-02 -1.221607e+01 -6.997889e-01 -8.268321e-02 -7.095484e-01 5.564094e+01
-7.317242e-01 4.111801e-02 6.803595e-01 1.545459e+02 -2.841706e-02 9.954705e-01 -9.072442e-02 -1.231005e+01 -6.810082e-01 -8.571907e-02 -7.272414e-01 5.476186e+01
-7.493047e-01 3.688515e-02 6.611974e-01 1.554321e+02 -3.174514e-02 9.952991e-01 -9.149845e-02 -1.243307e+01 -6.614641e-01 -8.955002e-02 -7.446113e-01 5.381368e+01
-7.658488e-01 3.518486e-02 6.420574e-01 1.563117e+02 -3.055646e-02 9.953824e-01 -9.099501e-02 -1.255475e+01 -6.422943e-01 -8.930742e-02 -7.612373e-01 5.285496e+01
-7.818647e-01 3.800902e-02 6.222885e-01 1.571240e+02 -2.757369e-02 9.950549e-01 -9.542192e-02 -1.266682e+01 -6.228381e-01 -9.176582e-02 -7.769503e-01 5.183776e+01
-7.956981e-01 3.845980e-02 6.044711e-01 1.578802e+02 -2.284984e-02 9.953656e-01 -9.340915e-02 -1.279411e+01 -6.052623e-01 -8.813756e-02 -7.911317e-01 5.077539e+01
-8.092843e-01 4.075562e-02 5.860016e-01 1.586201e+02 -1.771601e-02 9.954430e-01 -9.369800e-02 -1.291741e+01 -5.871499e-01 -8.620993e-02 -8.048744e-01 4.971036e+01
-8.233464e-01 4.158598e-02 5.660135e-01 1.593538e+02 -1.613245e-02 9.951939e-01 -9.658553e-02 -1.305257e+01 -5.673098e-01 -8.865454e-02 -8.187185e-01 4.865403e+01
-8.373031e-01 4.345561e-02 5.450093e-01 1.600854e+02 -1.377374e-02 9.948434e-01 -1.004833e-01 -1.321263e+01 -5.465654e-01 -9.164179e-02 -8.323869e-01 4.759278e+01
-8.496833e-01 4.432686e-02 5.254268e-01 1.607613e+02 -1.028940e-02 9.948767e-01 -1.005706e-01 -1.334429e+01 -5.271929e-01 -9.085950e-02 -8.448741e-01 4.649653e+01
-8.623035e-01 4.288899e-02 5.045723e-01 1.614744e+02 -8.048484e-03 9.951203e-01 -9.834058e-02 -1.347786e+01 -5.063279e-01 -8.886047e-02 -8.577505e-01 4.541875e+01
-8.729758e-01 4.360246e-02 4.858107e-01 1.621107e+02 -5.845903e-03 9.949896e-01 -9.980705e-02 -1.361307e+01 -4.877284e-01 -8.996914e-02 -8.683470e-01 4.430499e+01
-8.816677e-01 4.665796e-02 4.695584e-01 1.626991e+02 -2.644456e-03 9.945953e-01 -1.037940e-01 -1.374492e+01 -4.718634e-01 -9.275350e-02 -8.767792e-01 4.315938e+01
-8.907038e-01 4.324405e-02 4.525225e-01 1.632845e+02 -4.691467e-03 9.945375e-01 -1.042745e-01 -1.390892e+01 -4.545598e-01 -9.500066e-02 -8.856355e-01 4.201391e+01
-8.988166e-01 4.068521e-02 4.364326e-01 1.638867e+02 -4.670679e-03 9.947374e-01 -1.023507e-01 -1.407852e+01 -4.383000e-01 -9.403296e-02 -8.938965e-01 4.087931e+01
-9.058792e-01 3.767430e-02 4.218573e-01 1.644258e+02 -6.417448e-03 9.947006e-01 -1.026131e-01 -1.424034e+01 -4.234876e-01 -9.566231e-02 -9.008368e-01 3.971409e+01
-9.119558e-01 3.527296e-02 4.087693e-01 1.649326e+02 -6.604270e-03 9.949065e-01 -1.005851e-01 -1.442684e+01 -4.102352e-01 -9.442879e-02 -9.070779e-01 3.853896e+01
-9.184640e-01 3.333841e-02 3.940969e-01 1.654922e+02 -6.916734e-03 9.949346e-01 -1.002858e-01 -1.454937e+01 -3.954440e-01 -9.483473e-02 -9.135811e-01 3.737441e+01
-9.241649e-01 2.755125e-02 3.809988e-01 1.660071e+02 -9.908105e-03 9.953311e-01 -9.600908e-02 -1.469918e+01 -3.818651e-01 -9.250321e-02 -9.195772e-01 3.618793e+01
-9.288058e-01 2.519530e-02 3.697093e-01 1.664695e+02 -1.031844e-02 9.955406e-01 -9.376765e-02 -1.480702e+01 -3.704232e-01 -9.090677e-02 -9.244039e-01 3.497649e+01
-9.332407e-01 2.644957e-02 3.582768e-01 1.669692e+02 -6.511901e-03 9.958768e-01 -9.048223e-02 -1.493061e+01 -3.591928e-01 -8.677476e-02 -9.292205e-01 3.379051e+01
-9.357748e-01 3.035354e-02 3.512892e-01 1.673831e+02 -1.926319e-03 9.958328e-01 -9.117745e-02 -1.507707e+01 -3.525929e-01 -8.599826e-02 -9.318168e-01 3.257425e+01
-9.379182e-01 3.576376e-02 3.450078e-01 1.678167e+02 3.638136e-03 9.956298e-01 -9.331728e-02 -1.519659e+01 -3.468374e-01 -8.626879e-02 -9.339494e-01 3.136574e+01
-9.401280e-01 3.918577e-02 3.385615e-01 1.682743e+02 7.113035e-03 9.954080e-01 -9.545876e-02 -1.533291e+01 -3.407474e-01 -8.733525e-02 -9.360896e-01 3.015871e+01
-9.419369e-01 3.599693e-02 3.338550e-01 1.687195e+02 5.004945e-03 9.956320e-01 -9.323015e-02 -1.548148e+01 -3.357527e-01 -8.614599e-02 -9.380026e-01 2.895097e+01
-9.440538e-01 2.766261e-02 3.286293e-01 1.691685e+02 -1.769642e-03 9.960367e-01 -8.892577e-02 -1.562407e+01 -3.297867e-01 -8.453226e-02 -9.402633e-01 2.774384e+01
-9.458397e-01 2.134975e-02 3.239314e-01 1.695904e+02 -7.505046e-03 9.961304e-01 -8.756703e-02 -1.574180e+01 -3.245474e-01 -8.525549e-02 -9.420194e-01 2.652835e+01
-9.475691e-01 1.437721e-02 3.192273e-01 1.700118e+02 -1.507379e-02 9.958642e-01 -8.959515e-02 -1.585398e+01 -3.191951e-01 -8.970956e-02 -9.434334e-01 2.531666e+01
-9.484851e-01 1.172976e-02 3.166046e-01 1.704128e+02 -1.857463e-02 9.955367e-01 -9.252918e-02 -1.597872e+01 -3.162768e-01 -9.364336e-02 -9.440338e-01 2.409564e+01
-9.494016e-01 1.230497e-02 3.138235e-01 1.708411e+02 -1.839903e-02 9.953369e-01 -9.468907e-02 -1.610559e+01 -3.135252e-01 -9.567200e-02 -9.447480e-01 2.288470e+01
-9.499011e-01 1.310300e-02 3.122760e-01 1.712750e+02 -1.737615e-02 9.953617e-01 -9.462095e-02 -1.626675e+01 -3.120674e-01 -9.530670e-02 -9.452675e-01 2.167924e+01
-9.502167e-01 1.629857e-02 3.111632e-01 1.717128e+02 -1.439562e-02 9.952683e-01 -9.609237e-02 -1.640110e+01 -3.112570e-01 -9.578796e-02 -9.454860e-01 2.048247e+01
-9.498121e-01 1.767740e-02 3.123211e-01 1.721246e+02 -1.304882e-02 9.952942e-01 -9.601699e-02 -1.655127e+01 -3.125487e-01 -9.527352e-02 -9.451118e-01 1.929406e+01
-9.495536e-01 1.842349e-02 3.130633e-01 1.725319e+02 -1.265326e-02 9.952092e-01 -9.694582e-02 -1.668804e+01 -3.133495e-01 -9.601652e-02 -9.447713e-01 1.809596e+01
-9.488692e-01 1.927747e-02 3.150805e-01 1.729236e+02 -1.182842e-02 9.952613e-01 -9.651418e-02 -1.683081e+01 -3.154480e-01 -9.530623e-02 -9.441447e-01 1.690246e+01
-9.480761e-01 1.983303e-02 3.174246e-01 1.733335e+02 -1.160239e-02 9.952326e-01 -9.683693e-02 -1.695829e+01 -3.178319e-01 -9.549166e-02 -9.433261e-01 1.570748e+01
-9.469256e-01 1.941841e-02 3.208657e-01 1.737589e+02 -1.232230e-02 9.952474e-01 -9.659624e-02 -1.709271e+01 -3.212165e-01 -9.542325e-02 -9.421859e-01 1.451507e+01
-9.452363e-01 1.645017e-02 3.259720e-01 1.741507e+02 -1.501925e-02 9.954788e-01 -9.378885e-02 -1.724090e+01 -3.260411e-01 -9.354848e-02 -9.407156e-01 1.330846e+01
-9.431582e-01 1.274959e-02 3.320994e-01 1.745796e+02 -1.889168e-02 9.955914e-01 -9.187376e-02 -1.736916e+01 -3.318067e-01 -9.292541e-02 -9.387594e-01 1.211667e+01
-9.407826e-01 8.601088e-03 3.389014e-01 1.749956e+02 -2.276904e-02 9.958177e-01 -8.847951e-02 -1.751695e+01 -3.382451e-01 -9.095644e-02 -9.366521e-01 1.092803e+01
-9.377941e-01 8.178721e-03 3.470954e-01 1.753919e+02 -2.400185e-02 9.958035e-01 -8.831345e-02 -1.766567e+01 -3.463611e-01 -9.115077e-02 -9.336624e-01 9.732258e+00
-9.344743e-01 7.537152e-03 3.559509e-01 1.758382e+02 -2.611767e-02 9.956310e-01 -8.964862e-02 -1.777789e+01 -3.550715e-01 -9.307094e-02 -9.301946e-01 8.556926e+00
-9.307331e-01 1.289619e-02 3.654717e-01 1.763224e+02 -2.226895e-02 9.955247e-01 -9.184002e-02 -1.788923e+01 -3.650205e-01 -9.361722e-02 -9.262807e-01 7.384707e+00
-9.267718e-01 1.360698e-02 3.753784e-01 1.767947e+02 -2.193005e-02 9.956790e-01 -9.023518e-02 -1.802181e+01 -3.749842e-01 -9.185949e-02 -9.224688e-01 6.207222e+00
-9.223384e-01 1.752027e-02 3.859855e-01 1.773175e+02 -1.903934e-02 9.956970e-01 -9.069147e-02 -1.813963e+01 -3.859136e-01 -9.099714e-02 -9.180361e-01 5.051641e+00
