1.000000e+00 0.000000e+00 0.000000e+00 0.000000e+00 0.000000e+00 1.000000e+00 0.000000e+00 0.000000e+00 0.000000e+00 0.000000e+00 1.000000e+00 0.000000e+00
9.999962e-01 9.917029e-04 2.562742e-03 -3.664542e-02 -9.800479e-04 9.999892e-01 -4.545102e-03 -3.800502e-03 -2.567222e-03 4.542573e-03 9.999864e-01 9.626174e-01
9.999935e-01 -2.055735e-03 2.959919e-03 -3.033809e-02 2.070020e-03 9.999862e-01 -4.831266e-03 -4.844270e-03 -2.949946e-03 4.837362e-03 9.999839e-01 1.926347e+00
9.999880e-01 -4.127760e-03 2.655588e-03 -1.772970e-02 4.130224e-03 9.999910e-01 -9.228435e-04 4.622139e-04 -2.651755e-03 9.338006e-04 9.999960e-01 2.887124e+00
9.999684e-01 -7.774853e-03 1.657858e-03 -2.066273e-02 7.765550e-03 9.999545e-01 5.546254e-03 -4.046121e-03 -1.700904e-03 -5.533205e-03 9.999832e-01 3.845773e+00
9.999420e-01 -1.076442e-02 -2.913305e-04 4.962724e-03 1.076578e-02 9.999289e-01 5.121127e-03 9.348038e-03 2.361838e-04 -5.123966e-03 9.999868e-01 4.778074e+00
9.999079e-01 -1.354281e-02 -8.820688e-04 -6.158148e-03 1.354503e-02 9.999050e-01 2.567311e-03 5.684413e-03 8.472164e-04 -2.579022e-03 9.999963e-01 5.715541e+00
9.998889e-01 -1.476245e-02 -2.077033e-03 7.857855e-03 1.476251e-02 9.998910e-01 1.139316e-05 -6.153574e-03 2.076639e-03 -4.205412e-05 9.999978e-01 6.645337e+00
9.998970e-01 -1.409779e-02 -2.672421e-03 -4.203085e-03 1.409642e-02 9.999005e-01 -5.317284e-04 -8.548685e-03 2.679651e-03 4.940021e-04 9.999963e-01 7.574729e+00
9.999071e-01 -1.321269e-02 -3.356029e-03 -1.905326e-02 1.321518e-02 9.999124e-01 7.228004e-04 1.999740e-03 3.346185e-03 -7.670838e-04 9.999941e-01 8.505051e+00
9.998945e-01 -1.218497e-02 -7.912079e-03 7.449687e-02 1.221519e-02 9.999182e-01 3.781577e-03 -3.551951e-04 7.865354e-03 -3.877825e-03 9.999615e-01 9.423459e+00
9.998779e-01 -1.280315e-02 -8.957582e-03 7.165711e-02 1.285877e-02 9.998982e-01 6.178965e-03 -1.854078e-02 8.877560e-03 -6.293394e-03 9.999408e-01 1.037403e+01
9.998480e-01 -1.418596e-02 -1.013574e-02 7.886572e-02 1.425578e-02 9.998749e-01 6.849509e-03 -1.364092e-02 1.003731e-02 -6.992961e-03 9.999252e-01 1.125815e+01
9.998273e-01 -1.444392e-02 -1.169761e-02 8.210614e-02 1.451645e-02 9.998758e-01 6.139513e-03 3.234153e-03 1.160748e-02 -6.308260e-03 9.999127e-01 1.216812e+01
9.998226e-01 -1.423759e-02 -1.232876e-02 6.016983e-02 1.429505e-02 9.998873e-01 4.584878e-03 2.260250e-03 1.226210e-02 -4.760305e-03 9.999135e-01 1.307643e+01
9.997794e-01 -1.510257e-02 -1.459608e-02 6.150350e-02 1.513781e-02 9.998828e-01 2.306723e-03 1.564860e-02 1.455953e-02 -2.527166e-03 9.998908e-01 1.398075e+01
9.997321e-01 -1.643401e-02 -1.630141e-02 5.029484e-02 1.645600e-02 9.998639e-01 1.216071e-03 1.407742e-02 1.627920e-02 -1.484001e-03 9.998664e-01 1.488164e+01
9.997253e-01 -1.621021e-02 -1.692582e-02 1.127204e-02 1.623170e-02 9.998676e-01 1.132939e-03 4.066393e-03 1.690522e-02 -1.407363e-03 9.998561e-01 1.577782e+01
9.997218e-01 -1.419562e-02 -1.883448e-02 -2.134364e-03 1.419498e-02 9.998992e-01 -1.680724e-04 1.528734e-02 1.883497e-02 -9.932938e-05 9.998226e-01 1.666959e+01
9.997146e-01 -1.230570e-02 -2.047754e-02 -2.193223e-02 1.230219e-02 9.999243e-01 -2.969702e-04 1.875016e-02 2.047965e-02 4.496675e-05 9.997903e-01 1.756157e+01
9.996771e-01 -1.304150e-02 -2.180667e-02 -4.805024e-02 1.306082e-02 9.999144e-01 7.436279e-04 8.393172e-03 2.179511e-02 -1.028201e-03 9.997619e-01 1.844877e+01
9.996198e-01 -1.305629e-02 -2.428683e-02 -6.376525e-02 1.307822e-02 9.999142e-01 7.443190e-04 2.456040e-02 2.427503e-02 -1.061664e-03 9.997048e-01 1.932937e+01
9.995802e-01 -1.248562e-02 -2.614302e-02 -8.606320e-02 1.254287e-02 9.999193e-01 2.027005e-03 1.583565e-02 2.611560e-02 -2.354063e-03 9.996562e-01 2.020337e+01
9.995318e-01 -1.315343e-02 -2.762647e-02 -1.121768e-01 1.320935e-02 9.999111e-01 1.842543e-03 1.425602e-02 2.759977e-02 -2.206608e-03 9.996166e-01 2.107220e+01
9.994783e-01 -1.347740e-02 -2.935194e-02 -1.417832e-01 1.351630e-02 9.999080e-01 1.127391e-03 1.526909e-02 2.933404e-02 -1.523532e-03 9.995685e-01 2.193491e+01
9.994505e-01 -1.298099e-02 -3.049784e-02 -1.671307e-01 1.302573e-02 9.999144e-01 1.268683e-03 1.855623e-02 3.047876e-02 -1.665243e-03 9.995340e-01 2.279162e+01
9.994206e-01 -1.268519e-02 -3.158352e-02 -1.951231e-01 1.279417e-02 9.999129e-01 3.250798e-03 1.974523e-02 3.153953e-02 -3.652999e-03 9.994958e-01 2.364907e+01
9.993743e-01 -1.366329e-02 -3.262430e-02 -2.165378e-01 1.385699e-02 9.998876e-01 5.718382e-03 2.795308e-02 3.254251e-02 -6.166879e-03 9.994513e-01 2.447570e+01
9.993523e-01 -1.359616e-02 -3.331955e-02 -2.440738e-01 1.384887e-02 9.998770e-01 7.365647e-03 2.613064e-02 3.321531e-02 -7.822314e-03 9.994176e-01 2.529952e+01
9.993246e-01 -1.289204e-02 -3.441266e-02 -2.681699e-01 1.311631e-02 9.998941e-01 6.299432e-03 2.556316e-02 3.432780e-02 -6.746544e-03 9.993879e-01 2.611363e+01
9.993303e-01 -1.114156e-02 -3.485379e-02 -3.108776e-01 1.127757e-02 9.999295e-01 3.708135e-03 2.913759e-02 3.481002e-02 -4.098718e-03 9.993855e-01 2.690940e+01
9.992915e-01 -1.094542e-02 -3.600988e-02 -3.357104e-01 1.102325e-02 9.999373e-01 1.963417e-03 3.452333e-02 3.598613e-02 -2.358972e-03 9.993495e-01 2.770194e+01
9.992624e-01 -1.037964e-02 -3.697321e-02 -3.702290e-01 1.043850e-02 9.999445e-01 1.399291e-03 4.074412e-02 3.695664e-02 -1.784204e-03 9.993153e-01 2.848665e+01
9.992066e-01 -1.141263e-02 -3.815728e-02 -4.022539e-01 1.145565e-02 9.999340e-01 9.089986e-04 3.708877e-02 3.814439e-02 -1.345394e-03 9.992713e-01 2.925827e+01
9.991552e-01 -1.114308e-02 -3.955625e-02 -4.473172e-01 1.114366e-02 9.999379e-01 -2.060531e-04 3.935136e-02 3.955608e-02 -2.349221e-04 9.992173e-01 3.002399e+01
9.990373e-01 -1.238864e-02 -4.208307e-02 -4.769527e-01 1.240165e-02 9.999231e-01 4.820821e-05 3.330353e-02 4.207923e-02 -5.700613e-04 9.991141e-01 3.078391e+01
9.989754e-01 -1.224787e-02 -4.356726e-02 -5.229198e-01 1.230284e-02 9.999238e-01 9.939594e-04 4.096177e-02 4.355177e-02 -1.528942e-03 9.990500e-01 3.152710e+01
9.988987e-01 -1.185280e-02 -4.539654e-02 -5.580554e-01 1.201064e-02 9.999227e-01 3.205724e-03 4.213857e-02 4.535503e-02 -3.747435e-03 9.989639e-01 3.226443e+01
9.988536e-01 -1.053708e-02 -4.669637e-02 -6.129523e-01 1.078382e-02 9.999292e-01 5.035211e-03 3.727298e-02 4.664001e-02 -5.533003e-03 9.988964e-01 3.299072e+01
9.988054e-01 -9.189344e-03 -4.799403e-02 -6.655558e-01 9.459175e-03 9.999407e-01 5.398078e-03 3.700330e-02 4.794158e-02 -5.845613e-03 9.988330e-01 3.373122e+01
9.987311e-01 -6.754329e-03 -4.990509e-02 -7.057298e-01 7.001474e-03 9.999641e-01 4.779153e-03 3.076801e-02 4.987102e-02 -5.122498e-03 9.987425e-01 3.442074e+01
9.986906e-01 -4.311227e-03 -5.097593e-02 -7.636321e-01 4.487039e-03 9.999844e-01 3.334974e-03 5.579424e-02 5.096076e-02 -3.559338e-03 9.986943e-01 3.511142e+01
9.986154e-01 -4.239755e-03 -5.243296e-02 -8.009784e-01 4.499428e-03 9.999782e-01 4.835431e-03 4.855356e-02 5.241132e-02 -5.064654e-03 9.986127e-01 3.579899e+01
9.985650e-01 -2.831179e-03 -5.347789e-02 -8.437710e-01 3.185041e-03 9.999736e-01 6.532905e-03 5.780884e-02 5.345799e-02 -6.693860e-03 9.985477e-01 3.647459e+01
9.985663e-01 -1.507994e-04 -5.352882e-02 -8.871865e-01 5.381503e-04 9.999738e-01 7.221967e-03 5.506852e-02 5.352632e-02 -7.240419e-03 9.985402e-01 3.713631e+01
9.986257e-01 2.322218e-03 -5.235837e-02 -9.378951e-01 -2.022076e-03 9.999812e-01 5.784693e-03 4.842891e-02 5.237082e-02 -5.670870e-03 9.986116e-01 3.778742e+01
9.987079e-01 4.165979e-03 -5.064799e-02 -9.766696e-01 -4.027800e-03 9.999879e-01 2.829971e-03 4.920238e-02 5.065917e-02 -2.622315e-03 9.987126e-01 3.842395e+01
9.988051e-01 3.937398e-03 -4.871266e-02 -1.020453e+00 -3.912085e-03 9.999922e-01 6.149700e-04 5.921640e-02 4.871470e-02 -4.236671e-04 9.988126e-01 3.905989e+01
9.989540e-01 5.296136e-03 -4.541914e-02 -1.056185e+00 -5.255465e-03 9.999857e-01 1.014835e-03 7.219829e-02 4.542386e-02 -7.750747e-04 9.989675e-01 3.970890e+01
9.990652e-01 9.766548e-03 -4.211222e-02 -1.092962e+00 -9.596924e-03 9.999450e-01 4.228204e-03 6.392378e-02 4.215120e-02 -3.820103e-03 9.991039e-01 4.031366e+01
9.991852e-01 1.388153e-02 -3.789696e-02 -1.138869e+00 -1.359587e-02 9.998773e-01 7.785079e-03 6.670638e-02 3.800038e-02 -7.263494e-03 9.992513e-01 4.091118e+01
9.992623e-01 1.897462e-02 -3.338772e-02 -1.172604e+00 -1.869006e-02 9.997865e-01 8.814525e-03 6.572361e-02 3.354785e-02 -8.184004e-03 9.994036e-01 4.149536e+01
9.993316e-01 2.337911e-02 -2.810290e-02 -1.196178e+00 -2.314322e-02 9.996944e-01 8.690041e-03 7.842780e-02 2.829747e-02 -8.033841e-03 9.995673e-01 4.206352e+01
9.994085e-01 2.699693e-02 -2.130301e-02 -1.246317e+00 -2.676382e-02 9.995796e-01 1.115331e-02 7.193103e-02 2.159516e-02 -1.057656e-02 9.997109e-01 4.260948e+01
9.993920e-01 3.170140e-02 -1.451139e-02 -1.259171e+00 -3.152445e-02 9.994277e-01 1.226442e-02 7.932101e-02 1.489189e-02 -1.179950e-02 9.998195e-01 4.313641e+01
9.993447e-01 3.551120e-02 -7.011386e-03 -1.271720e+00 -3.542804e-02 9.993043e-01 1.164871e-02 8.728016e-02 7.420168e-03 -1.139267e-02 9.999076e-01 4.364377e+01
9.992469e-01 3.880196e-02 3.635450e-04 -1.279055e+00 -3.880356e-02 9.991781e-01 1.172615e-02 8.957838e-02 9.175149e-05 -1.173143e-02 9.999312e-01 4.412716e+01
9.990124e-01 4.374318e-02 7.800386e-03 -1.273961e+00 -4.382929e-02 9.989759e-01 1.123208e-02 8.772876e-02 -7.301070e-03 -1.156288e-02 9.999065e-01 4.459117e+01
9.986687e-01 4.870192e-02 1.699684e-02 -1.317201e+00 -4.886127e-02 9.987642e-01 9.089160e-03 7.318255e-02 -1.653318e-02 -9.907547e-03 9.998142e-01 4.502836e+01
9.984282e-01 5.050599e-02 2.429685e-02 -1.290233e+00 -5.066611e-02 9.986975e-01 6.020260e-03 7.740581e-02 -2.396114e-02 -7.241824e-03 9.996867e-01 4.544939e+01
9.981951e-01 5.089229e-02 3.188431e-02 -1.271933e+00 -5.110027e-02 9.986770e-01 5.741753e-03 8.031811e-02 -3.154992e-02 -7.360686e-03 9.994751e-01 4.584654e+01
9.979055e-01 5.039466e-02 4.055916e-02 -1.265987e+00 -5.072621e-02 9.986867e-01 7.186659e-03 8.291562e-02 -4.014373e-02 -9.229019e-03 9.991513e-01 4.621897e+01
9.974320e-01 5.230281e-02 4.892717e-02 -1.253148e+00 -5.275516e-02 9.985754e-01 7.999343e-03 8.046888e-02 -4.843908e-02 -1.055996e-02 9.987703e-01 4.658207e+01
9.967942e-01 5.541484e-02 5.771001e-02 -1.236548e+00 -5.597316e-02 9.983994e-01 8.102323e-03 8.211338e-02 -5.716865e-02 -1.130656e-02 9.983005e-01 4.689324e+01
9.960799e-01 5.945665e-02 6.549575e-02 -1.202958e+00 -6.006468e-02 9.981674e-01 7.352086e-03 8.697968e-02 -6.493859e-02 -1.125725e-02 9.978258e-01 4.719049e+01
9.952658e-01 6.285079e-02 7.413346e-02 -1.176072e+00 -6.357015e-02 9.979501e-01 7.381982e-03 8.648675e-02 -7.351753e-02 -1.205971e-02 9.972210e-01 4.746518e+01
9.944803e-01 6.321025e-02 8.374544e-02 -1.152439e+00 -6.413224e-02 9.979064e-01 8.362812e-03 8.064853e-02 -8.304149e-02 -1.368743e-02 9.964521e-01 4.773192e+01
9.934861e-01 6.232073e-02 9.540160e-02 -1.125720e+00 -6.320978e-02 9.979802e-01 6.322480e-03 8.014707e-02 -9.481489e-02 -1.231161e-02 9.954188e-01 4.799218e+01
9.922109e-01 6.157034e-02 1.082899e-01 -1.109009e+00 -6.209377e-02 9.980692e-01 1.465012e-03 8.267999e-02 -1.079906e-01 -8.177727e-03 9.941183e-01 4.825147e+01
9.906111e-01 6.287305e-02 1.213946e-01 -1.068882e+00 -6.301480e-02 9.980090e-01 -2.674836e-03 8.289776e-02 -1.213211e-01 -4.999934e-03 9.926007e-01 4.850640e+01
9.883791e-01 6.500364e-02 1.374091e-01 -1.034809e+00 -6.491034e-02 9.978777e-01 -5.164636e-03 8.746072e-02 -1.374532e-01 -3.814653e-03 9.905009e-01 4.877126e+01
9.859296e-01 6.562306e-02 1.537415e-01 -9.975536e-01 -6.541136e-02 9.978376e-01 -6.440425e-03 9.237821e-02 -1.538317e-01 -3.706637e-03 9.880901e-01 4.901021e+01
9.832385e-01 6.568980e-02 1.700793e-01 -9.303515e-01 -6.540275e-02 9.978323e-01 -7.296057e-03 8.627339e-02 -1.701899e-01 -3.949889e-03 9.854034e-01 4.925288e+01
9.800332e-01 6.507216e-02 1.878842e-01 -8.682235e-01 -6.452517e-02 9.978752e-01 -9.032616e-03 9.691869e-02 -1.880727e-01 -3.270994e-03 9.821497e-01 4.950087e+01
9.763194e-01 6.378083e-02 2.067183e-01 -7.851188e-01 -6.315403e-02 9.979573e-01 -9.636522e-03 9.904817e-02 -2.069107e-01 -3.646770e-03 9.783530e-01 4.972553e+01
9.716968e-01 6.429026e-02 2.273148e-01 -7.237747e-01 -6.347082e-02 9.979239e-01 -1.092050e-02 9.530339e-02 -2.275450e-01 -3.816442e-03 9.737601e-01 4.996707e+01
9.662158e-01 6.641346e-02 2.490307e-01 -6.664329e-01 -6.512874e-02 9.977868e-01 -1.340420e-02 9.696939e-02 -2.493698e-01 -3.267704e-03 9.684028e-01 5.021030e+01
9.662158e-01 6.641346e-02 2.490307e-01 -6.664329e-01 -6.512874e-02 9.977868e-01 -1.340420e-02 9.696939e-02 -2.493698e-01 -3.267704e-03 9.684028e-01 5.021030e+01
9.524758e-01 6.774607e-02 2.969854e-01 -5.886981e-01 -6.593835e-02 9.976936e-01 -1.611237e-02 9.212172e-02 -2.973920e-01 -4.236084e-03 9.547461e-01 5.045346e+01
9.524758e-01 6.774607e-02 2.969854e-01 -5.886981e-01 -6.593835e-02 9.976936e-01 -1.611237e-02 9.212172e-02 -2.973920e-01 -4.236084e-03 9.547461e-01 5.045346e+01
9.339404e-01 7.281579e-02 3.499332e-01 -4.889625e-01 -7.093344e-02 9.973148e-01 -1.821108e-02 8.629775e-02 -3.503196e-01 -7.813903e-03 9.365976e-01 5.069110e+01
9.227354e-01 7.323392e-02 3.784128e-01 -3.765458e-01 -7.107825e-02 9.972765e-01 -1.968237e-02 8.222767e-02 -3.788236e-01 -8.735302e-03 9.254277e-01 5.093003e+01
9.097179e-01 7.051247e-02 4.091960e-01 -2.701363e-01 -6.757644e-02 9.974792e-01 -2.165033e-02 8.118578e-02 -4.096911e-01 -7.956309e-03 9.121896e-01 5.116345e+01
8.947388e-01 6.752132e-02 4.414560e-01 -1.252709e-01 -6.336301e-02 9.976977e-01 -2.417572e-02 7.381302e-02 -4.420720e-01 -6.341029e-03 8.969572e-01 5.138086e+01
8.768545e-01 6.680316e-02 4.760919e-01 2.121681e-02 -6.057903e-02 9.977585e-01 -2.842818e-02 7.081825e-02 -4.769238e-01 -3.913811e-03 8.789359e-01 5.160460e+01
8.577066e-01 6.875402e-02 5.095216e-01 1.882554e-01 -5.995148e-02 9.976323e-01 -3.369916e-02 6.660418e-02 -5.106322e-01 -1.642583e-03 8.597977e-01 5.181338e+01
8.361231e-01 7.089077e-02 5.439417e-01 3.536277e-01 -5.958245e-02 9.974840e-01 -3.841247e-02 5.715452e-02 -5.452963e-01 -2.918284e-04 8.382433e-01 5.203015e+01
8.114171e-01 7.308115e-02 5.798806e-01 5.398346e-01 -5.986859e-02 9.973257e-01 -4.191780e-02 5.481182e-02 -5.813932e-01 -7.038106e-04 8.136224e-01 5.224984e+01
7.852636e-01 7.719435e-02 6.143306e-01 7.666444e-01 -6.277823e-02 9.970109e-01 -4.503463e-02 4.626384e-02 -6.159707e-01 -3.202528e-03 7.877625e-01 5.244734e+01
7.556054e-01 8.160693e-02 6.499237e-01 9.827454e-01 -6.632258e-02 9.966413e-01 -4.803509e-02 3.679019e-02 -6.516608e-01 -6.809046e-03 7.584799e-01 5.266086e+01
7.226843e-01 8.254086e-02 6.862320e-01 1.225426e+00 -6.601883e-02 9.965477e-01 -5.034031e-02 1.766335e-02 -6.880181e-01 -8.924080e-03 7.256387e-01 5.287877e+01
6.865190e-01 7.992017e-02 7.227064e-01 1.496826e+00 -6.223922e-02 9.967521e-01 -5.110263e-02 -1.325908e-04 -7.244432e-01 -9.897761e-03 6.892634e-01 5.308740e+01
6.484778e-01 7.893858e-02 7.571296e-01 1.799099e+00 -5.923943e-02 9.968257e-01 -5.319109e-02 -2.186805e-03 -7.589251e-01 -1.035869e-02 6.510956e-01 5.328255e+01
6.071056e-01 7.818415e-02 7.907655e-01 2.130512e+00 -5.662528e-02 9.968745e-01 -5.508872e-02 -1.179921e-02 -7.926010e-01 -1.133264e-02 6.096353e-01 5.348646e+01
5.619136e-01 7.837520e-02 8.234746e-01 2.484065e+00 -5.310898e-02 9.968656e-01 -5.863797e-02 -1.904561e-02 -8.254893e-01 -1.078443e-02 5.643147e-01 5.367218e+01
5.148828e-01 7.767041e-02 8.537348e-01 2.856059e+00 -5.003169e-02 9.969122e-01 -6.052245e-02 -3.215593e-02 -8.557994e-01 -1.155182e-02 5.171789e-01 5.384382e+01
4.667168e-01 7.553556e-02 8.811752e-01 3.250266e+00 -4.820548e-02 9.970376e-01 -5.993528e-02 -6.650696e-02 -8.830921e-01 -1.450467e-02 4.689755e-01 5.400685e+01
4.179607e-01 7.394743e-02 9.054505e-01 3.663296e+00 -4.907579e-02 9.970642e-01 -5.877580e-02 -9.073251e-02 -9.071386e-01 -1.986973e-02 4.203627e-01 5.415485e+01
3.678718e-01 7.323280e-02 9.269883e-01 4.093104e+00 -5.166363e-02 9.969638e-01 -5.825841e-02 -1.147535e-01 -9.284402e-01 -2.645996e-02 3.705383e-01 5.431042e+01
3.185365e-01 7.324593e-02 9.450765e-01 4.537405e+00 -4.959768e-02 9.969323e-01 -6.054808e-02 -1.437502e-01 -9.466121e-01 -2.758682e-02 3.211922e-01 5.443953e+01
2.723993e-01 6.895122e-02 9.597106e-01 5.004230e+00 -3.749846e-02 9.974320e-01 -6.101798e-02 -1.753561e-01 -9.614533e-01 -1.936642e-02 2.742853e-01 5.451717e+01
2.285256e-01 6.348989e-02 9.714654e-01 5.488127e+00 -2.381333e-02 9.979372e-01 -5.961814e-02 -1.888843e-01 -9.732466e-01 -9.509550e-03 2.295661e-01 5.459008e+01
1.867698e-01 6.225058e-02 9.804295e-01 5.991144e+00 -1.267360e-02 9.980600e-01 -6.095570e-02 -2.018318e-01 -9.823220e-01 -1.040884e-03 1.871964e-01 5.465057e+01
1.484185e-01 6.376407e-02 9.868668e-01 6.513985e+00 -8.894701e-03 9.979648e-01 -6.314344e-02 -2.222519e-01 -9.888846e-01 5.937690e-04 1.486836e-01 5.470991e+01
1.170087e-01 6.510398e-02 9.909947e-01 7.028919e+00 -1.159295e-03 9.978573e-01 -6.541794e-02 -2.488727e-01 -9.931302e-01 6.505613e-03 1.168335e-01 5.472998e+01
8.775691e-02 6.346168e-02 9.941184e-01 7.560253e+00 4.818452e-03 9.979299e-01 -6.413035e-02 -2.884609e-01 -9.961303e-01 1.041799e-02 8.726946e-02 5.476808e+01
6.296917e-02 6.189972e-02 9.960940e-01 8.112794e+00 1.121923e-02 9.979678e-01 -6.272539e-02 -3.183594e-01 -9.979524e-01 1.512518e-02 6.214674e-02 5.477783e+01
4.361266e-02 6.107033e-02 9.971802e-01 8.679024e+00 1.613186e-02 9.979567e-01 -6.182343e-02 -3.432482e-01 -9.989183e-01 1.878266e-02 4.253837e-02 5.478383e+01
2.774020e-02 6.307998e-02 9.976229e-01 9.256688e+00 1.927159e-02 9.977877e-01 -6.362628e-02 -3.651293e-01 -9.994294e-01 2.099078e-02 2.646318e-02 5.480292e+01
1.398607e-02 6.270692e-02 9.979340e-01 9.838881e+00 1.986464e-02 9.978172e-01 -6.297799e-02 -4.003604e-01 -9.997048e-01 2.070442e-02 1.270989e-02 5.480992e+01
2.308026e-03 6.350779e-02 9.979787e-01 1.044353e+01 2.065742e-02 9.977653e-01 -6.354198e-02 -4.407848e-01 -9.997839e-01 2.076232e-02 9.909610e-04 5.482234e+01
-6.074316e-03 6.671477e-02 9.977536e-01 1.104452e+01 2.611847e-02 9.974422e-01 -6.653494e-02 -4.680838e-01 -9.996404e-01 2.565564e-02 -7.801266e-03 5.480424e+01
-1.258429e-02 6.852970e-02 9.975697e-01 1.166383e+01 3.008058e-02 9.972231e-01 -6.812642e-02 -5.049035e-01 -9.994683e-01 2.915016e-02 -1.461075e-02 5.479597e+01
-1.754522e-02 6.772221e-02 9.975499e-01 1.229392e+01 2.927939e-02 9.973104e-01 -6.719098e-02 -5.471673e-01 -9.994173e-01 2.802878e-02 -1.948089e-02 5.478091e+01
-2.128372e-02 6.418813e-02 9.977108e-01 1.293228e+01 2.609896e-02 9.976325e-01 -6.362633e-02 -5.939460e-01 -9.994328e-01 2.468501e-02 -2.290858e-02 5.477681e+01
-2.443407e-02 5.734033e-02 9.980556e-01 1.358630e+01 2.377089e-02 9.981048e-01 -5.676120e-02 -6.267572e-01 -9.994188e-01 2.233776e-02 -2.575079e-02 5.476336e+01
-2.536414e-02 5.188174e-02 9.983311e-01 1.424753e+01 2.499334e-02 9.983731e-01 -5.124893e-02 -6.552215e-01 -9.993658e-01 2.365174e-02 -2.661957e-02 5.472417e+01
-2.607600e-02 4.915473e-02 9.984507e-01 1.492870e+01 2.763372e-02 9.984441e-01 -4.843271e-02 -6.911659e-01 -9.992779e-01 2.632797e-02 -2.739376e-02 5.470719e+01
-2.481167e-02 5.146223e-02 9.983667e-01 1.561305e+01 3.025889e-02 9.982552e-01 -5.070448e-02 -7.180385e-01 -9.992341e-01 2.895140e-02 -2.632557e-02 5.464378e+01
-2.438092e-02 5.901846e-02 9.979591e-01 1.630450e+01 3.116915e-02 9.978154e-01 -5.824847e-02 -7.478899e-01 -9.992167e-01 2.968538e-02 -2.616721e-02 5.463564e+01
-2.198681e-02 6.745574e-02 9.974800e-01 1.700149e+01 3.211490e-02 9.972539e-01 -6.673256e-02 -7.769173e-01 -9.992423e-01 3.056673e-02 -2.409276e-02 5.461761e+01
-1.963445e-02 6.842622e-02 9.974630e-01 1.770444e+01 3.271647e-02 9.971650e-01 -6.776178e-02 -8.055179e-01 -9.992718e-01 3.130301e-02 -2.181745e-02 5.459128e+01
-1.779525e-02 6.393095e-02 9.977957e-01 1.842469e+01 3.187747e-02 9.974826e-01 -6.334238e-02 -8.533791e-01 -9.993334e-01 3.068001e-02 -1.978841e-02 5.458776e+01
-1.554651e-02 5.724831e-02 9.982389e-01 1.916128e+01 3.067267e-02 9.979170e-01 -5.675215e-02 -9.109963e-01 -9.994086e-01 2.973636e-02 -1.727009e-02 5.457362e+01
-1.252257e-02 5.560462e-02 9.983743e-01 1.989884e+01 2.852376e-02 9.980662e-01 -5.522968e-02 -9.539982e-01 -9.995147e-01 2.778577e-02 -1.408440e-02 5.455425e+01
-8.828236e-03 6.094606e-02 9.981020e-01 2.063401e+01 3.691876e-02 9.974803e-01 -6.058155e-02 -9.906707e-01 -9.992793e-01 3.631386e-02 -1.105604e-02 5.452908e+01
-5.271104e-03 6.689619e-02 9.977460e-01 2.136111e+01 3.876305e-02 9.970236e-01 -6.664297e-02 -1.019869e+00 -9.992345e-01 3.832440e-02 -7.848516e-03 5.451701e+01
-3.042669e-03 6.751754e-02 9.977134e-01 2.209030e+01 3.290586e-02 9.971845e-01 -6.738140e-02 -1.062063e+00 -9.994538e-01 3.262560e-02 -5.255825e-03 5.453374e+01
3.343439e-04 6.395525e-02 9.979527e-01 2.282716e+01 2.867099e-02 9.975419e-01 -6.393853e-02 -1.102045e+00 -9.995888e-01 2.863367e-02 -1.500138e-03 5.453944e+01
4.771244e-03 6.024036e-02 9.981725e-01 2.355602e+01 3.174916e-02 9.976715e-01 -6.036188e-02 -1.158336e+00 -9.994845e-01 3.197914e-02 2.847553e-03 5.453316e+01
8.183756e-03 6.114188e-02 9.980955e-01 2.429802e+01 3.655849e-02 9.974434e-01 -6.140168e-02 -1.205853e+00 -9.992980e-01 3.699137e-02 5.927578e-03 5.455240e+01
1.165144e-02 6.572819e-02 9.977695e-01 2.503610e+01 3.471476e-02 9.972092e-01 -6.609666e-02 -1.257000e+00 -9.993293e-01 3.540745e-02 9.337187e-03 5.452134e+01
1.486253e-02 6.610323e-02 9.977021e-01 2.575905e+01 3.058828e-02 9.973152e-01 -6.653327e-02 -1.306703e+00 -9.994216e-01 3.150685e-02 1.280064e-02 5.454943e+01
1.810190e-02 6.556333e-02 9.976842e-01 2.649251e+01 2.949250e-02 9.973785e-01 -6.607835e-02 -1.353982e+00 -9.994011e-01 3.062034e-02 1.612082e-02 5.456286e+01
2.225235e-02 6.252710e-02 9.977952e-01 2.723025e+01 3.379422e-02 9.974249e-01 -6.325756e-02 -1.395992e+00 -9.991811e-01 3.512734e-02 2.008200e-02 5.457417e+01
2.578436e-02 6.286767e-02 9.976887e-01 2.797000e+01 3.835758e-02 9.972234e-01 -6.382966e-02 -1.447087e+00 -9.989314e-01 3.991474e-02 2.330132e-02 5.458536e+01
2.938234e-02 6.376692e-02 9.975322e-01 2.870468e+01 4.101071e-02 9.970458e-01 -6.494381e-02 -1.490707e+00 -9.987266e-01 4.281771e-02 2.668042e-02 5.460559e+01
3.197488e-02 6.390173e-02 9.974438e-01 2.944013e+01 4.128445e-02 9.970180e-01 -6.519789e-02 -1.529119e+00 -9.986357e-01 4.326361e-02 2.924138e-02 5.462950e+01
3.594476e-02 6.246980e-02 9.973994e-01 3.017459e+01 4.248641e-02 9.970464e-01 -6.397884e-02 -1.574217e+00 -9.984502e-01 4.467562e-02 3.318448e-02 5.464040e+01
3.974586e-02 6.185289e-02 9.972936e-01 3.091420e+01 4.426306e-02 9.969935e-01 -6.359833e-02 -1.614470e+00 -9.982290e-01 4.667104e-02 3.688857e-02 5.466344e+01
4.252238e-02 6.210924e-02 9.971631e-01 3.165439e+01 4.165243e-02 9.970879e-01 -6.388076e-02 -1.666815e+00 -9.982269e-01 4.425063e-02 3.981156e-02 5.469182e+01
4.620696e-02 6.422431e-02 9.968652e-01 3.239311e+01 3.926454e-02 9.970431e-01 -6.605577e-02 -1.701596e+00 -9.981599e-01 4.219369e-02 4.354859e-02 5.472205e+01
4.912961e-02 6.400288e-02 9.967396e-01 3.313485e+01 4.076092e-02 9.969849e-01 -6.602774e-02 -1.750973e+00 -9.979603e-01 4.387194e-02 4.637266e-02 5.475531e+01
5.176237e-02 6.351614e-02 9.966375e-01 3.387764e+01 3.857124e-02 9.971036e-01 -6.554911e-02 -1.796658e+00 -9.979143e-01 4.183452e-02 4.916255e-02 5.479559e+01
5.426995e-02 6.404067e-02 9.964706e-01 3.462523e+01 3.762273e-02 9.971015e-01 -6.613023e-02 -1.836543e+00 -9.978173e-01 4.107882e-02 5.170326e-02 5.483379e+01
5.696153e-02 6.424221e-02 9.963073e-01 3.536808e+01 3.410068e-02 9.972201e-01 -6.625069e-02 -1.883619e+00 -9.977938e-01 3.774850e-02 5.461248e-02 5.488780e+01
6.008854e-02 6.678336e-02 9.959565e-01 3.612291e+01 3.232339e-02 9.971060e-01 -6.881058e-02 -1.924986e+00 -9.976696e-01 3.632742e-02 5.775598e-02 5.494290e+01
6.412341e-02 7.059423e-02 9.954419e-01 3.687601e+01 3.231293e-02 9.968249e-01 -7.277380e-02 -1.963383e+00 -9.974187e-01 3.683215e-02 6.163870e-02 5.499357e+01
6.764126e-02 7.269971e-02 9.950575e-01 3.762934e+01 3.242017e-02 9.966549e-01 -7.502025e-02 -2.014373e+00 -9.971828e-01 3.733440e-02 6.505806e-02 5.504584e+01
7.107153e-02 7.543642e-02 9.946146e-01 3.838944e+01 2.637771e-02 9.966453e-01 -7.747529e-02 -2.058260e+00 -9.971224e-01 3.174194e-02 6.884327e-02 5.511140e+01
7.284431e-02 7.372620e-02 9.946146e-01 3.915184e+01 2.280826e-02 9.968800e-01 -7.556457e-02 -2.119744e+00 -9.970825e-01 2.818987e-02 7.093547e-02 5.517815e+01
7.651118e-02 7.428307e-02 9.942978e-01 3.992260e+01 2.484254e-02 9.967693e-01 -7.637935e-02 -2.177071e+00 -9.967592e-01 3.054475e-02 7.441862e-02 5.524497e+01
8.003482e-02 7.559617e-02 9.939213e-01 4.069703e+01 2.327723e-02 9.967064e-01 -7.768238e-02 -2.236422e+00 -9.965202e-01 2.935303e-02 7.801154e-02 5.531301e+01
8.402563e-02 7.674382e-02 9.935039e-01 4.147391e+01 1.888120e-02 9.967282e-01 -7.858976e-02 -2.287451e+00 -9.962847e-01 2.536211e-02 8.230170e-02 5.537408e+01
8.806191e-02 7.494437e-02 9.932917e-01 4.225633e+01 1.765811e-02 9.968916e-01 -7.678149e-02 -2.340811e+00 -9.959585e-01 2.430118e-02 8.646480e-02 5.545439e+01
9.272307e-02 7.476837e-02 9.928807e-01 4.304469e+01 1.758164e-02 9.968982e-01 -7.671281e-02 -2.404824e+00 -9.955367e-01 2.456952e-02 9.112091e-02 5.553625e+01
9.766236e-02 7.855786e-02 9.921143e-01 4.385023e+01 1.408281e-02 9.966709e-01 -8.030495e-02 -2.460133e+00 -9.951200e-01 2.181453e-02 9.623091e-02 5.562296e+01
1.039805e-01 8.690088e-02 9.907756e-01 4.462331e+01 1.214083e-02 9.959904e-01 -8.863243e-02 -2.525802e+00 -9.945052e-01 2.124488e-02 1.025085e-01 5.571479e+01
1.112841e-01 9.181925e-02 9.895378e-01 4.541218e+01 1.070512e-02 9.955541e-01 -9.358140e-02 -2.584924e+00 -9.937310e-01 2.100724e-02 1.098064e-01 5.580487e+01
1.188804e-01 9.431062e-02 9.884194e-01 4.621349e+01 7.868012e-03 9.953580e-01 -9.591899e-02 -2.651559e+00 -9.928774e-01 1.917978e-02 1.175865e-01 5.590084e+01
1.249168e-01 9.257843e-02 9.878386e-01 4.702120e+01 3.635702e-03 9.955878e-01 -9.376442e-02 -2.728679e+00 -9.921606e-01 1.530424e-02 1.240291e-01 5.603836e+01
1.328578e-01 9.132008e-02 9.869192e-01 4.781258e+01 4.140350e-03 9.956865e-01 -9.268870e-02 -2.789112e+00 -9.911265e-01 1.640061e-02 1.319066e-01 5.614751e+01
1.401139e-01 8.802094e-02 9.862152e-01 4.862363e+01 3.076455e-03 9.959972e-01 -8.933108e-02 -2.861695e+00 -9.901306e-01 1.555057e-02 1.392822e-01 5.626350e+01
1.473617e-01 8.264713e-02 9.856236e-01 4.943388e+01 7.036218e-04 9.964938e-01 -8.366382e-02 -2.933241e+00 -9.890824e-01 1.302235e-02 1.467869e-01 5.639380e+01
1.541563e-01 7.550955e-02 9.851569e-01 5.024504e+01 -2.519956e-03 9.971023e-01 -7.603081e-02 -2.998288e+00 -9.880433e-01 9.238077e-03 1.538999e-01 5.654339e+01
1.618758e-01 7.283762e-02 9.841193e-01 5.105267e+01 -2.125750e-03 9.972957e-01 -7.346318e-02 -3.056882e+00 -9.868088e-01 9.799923e-03 1.615929e-01 5.669001e+01
1.689174e-01 7.467571e-02 9.827973e-01 5.187058e+01 -2.317985e-03 9.971531e-01 -7.536810e-02 -3.118086e+00 -9.856275e-01 1.045288e-02 1.686096e-01 5.683922e+01
1.748442e-01 8.125057e-02 9.812379e-01 5.265168e+01 -1.390783e-03 9.966087e-01 -8.227551e-02 -3.175763e+00 -9.845951e-01 1.302070e-02 1.743642e-01 5.698656e+01
1.794873e-01 8.527024e-02 9.800578e-01 5.343405e+01 -3.913522e-03 9.962904e-01 -8.596585e-02 -3.237014e+00 -9.837525e-01 1.159430e-02 1.791552e-01 5.714802e+01
1.844648e-01 8.801871e-02 9.788899e-01 5.421216e+01 -4.447963e-03 9.960464e-01 -8.872318e-02 -3.303494e+00 -9.828291e-01 1.201224e-02 1.841270e-01 5.730204e+01
1.897187e-01 8.670620e-02 9.780025e-01 5.496713e+01 -7.510336e-03 9.961921e-01 -8.686193e-02 -3.384908e+00 -9.818098e-01 9.134206e-03 1.896475e-01 5.746295e+01
1.943446e-01 8.379872e-02 9.773474e-01 5.572689e+01 -3.422121e-03 9.963962e-01 -8.475150e-02 -3.447182e+00 -9.809274e-01 1.312639e-02 1.939310e-01 5.763530e+01
1.990206e-01 7.694130e-02 9.769702e-01 5.649793e+01 -3.203954e-03 9.969589e-01 -7.786283e-02 -3.510288e+00 -9.799901e-01 1.236614e-02 1.986619e-01 5.779402e+01
2.017047e-01 7.093124e-02 9.768746e-01 5.723338e+01 -5.237740e-03 9.974381e-01 -7.134288e-02 -3.565453e+00 -9.794324e-01 9.273582e-03 2.015595e-01 5.797417e+01
2.039800e-01 6.774459e-02 9.766283e-01 5.797326e+01 -9.213023e-03 9.976915e-01 -6.728141e-02 -3.621733e+00 -9.789317e-01 4.726359e-03 2.041332e-01 5.815768e+01
2.073971e-01 6.752142e-02 9.759238e-01 5.871126e+01 -9.952886e-03 9.977091e-01 -6.691357e-02 -3.670983e+00 -9.782062e-01 4.164423e-03 2.075940e-01 5.831841e+01
2.099523e-01 6.981188e-02 9.752160e-01 5.943474e+01 -1.073602e-02 9.975520e-01 -6.909949e-02 -3.710297e+00 -9.776527e-01 4.037661e-03 2.101878e-01 5.846998e+01
2.111221e-01 7.424279e-02 9.746361e-01 6.014450e+01 -1.501513e-02 9.972399e-01 -7.271211e-02 -3.761289e+00 -9.773444e-01 7.168545e-04 2.116542e-01 5.863325e+01
2.130017e-01 7.851923e-02 9.738917e-01 6.084496e+01 -1.665485e-02 9.969126e-01 -7.673266e-02 -3.811110e+00 -9.769099e-01 1.241656e-04 2.136518e-01 5.878898e+01
2.152530e-01 8.411069e-02 9.729294e-01 6.153654e+01 -1.715436e-02 9.964559e-01 -8.234932e-02 -3.862410e+00 -9.764076e-01 1.035959e-03 2.159330e-01 5.893800e+01
2.163076e-01 8.614614e-02 9.725173e-01 6.220617e+01 -1.617042e-02 9.962792e-01 -8.465435e-02 -3.913851e+00 -9.761914e-01 2.585362e-03 2.168957e-01 5.911696e+01
2.172839e-01 8.619573e-02 9.722952e-01 6.287522e+01 -1.909663e-02 9.962782e-01 -8.405424e-02 -3.968734e+00 -9.759216e-01 -3.039297e-04 2.181212e-01 5.928341e+01
2.177479e-01 8.321391e-02 9.724512e-01 6.353921e+01 -1.887069e-02 9.965315e-01 -8.104903e-02 -4.021607e+00 -9.758226e-01 -7.025700e-04 2.185630e-01 5.944204e+01
2.184016e-01 8.092461e-02 9.724978e-01 6.419926e+01 -1.956300e-02 9.967185e-01 -7.854667e-02 -4.077836e+00 -9.756629e-01 -1.870246e-03 2.192681e-01 5.958169e+01
2.179233e-01 7.940219e-02 9.727306e-01 6.484602e+01 -1.894116e-02 9.968414e-01 -7.712688e-02 -4.135083e+00 -9.757821e-01 -1.616903e-03 2.187389e-01 5.974132e+01
2.162131e-01 7.865979e-02 9.731724e-01 6.547979e+01 -1.944413e-02 9.968985e-01 -7.625756e-02 -4.182879e+00 -9.761526e-01 -2.434603e-03 2.170720e-01 5.989648e+01
2.148837e-01 7.946096e-02 9.734017e-01 6.611183e+01 -2.187009e-02 9.968262e-01 -7.654521e-02 -4.241978e+00 -9.763947e-01 -4.840063e-03 2.159395e-01 6.001141e+01
2.125500e-01 8.219383e-02 9.736872e-01 6.673054e+01 -2.238902e-02 9.966040e-01 -7.924097e-02 -4.290261e+00 -9.768937e-01 -4.957231e-03 2.136684e-01 6.015463e+01
2.101360e-01 8.593457e-02 9.738881e-01 6.735248e+01 -2.049406e-02 9.962979e-01 -8.348996e-02 -4.343664e+00 -9.774573e-01 -2.414673e-03 2.111192e-01 6.029817e+01
2.089705e-01 8.673769e-02 9.740677e-01 6.792841e+01 -1.812701e-02 9.962312e-01 -8.482242e-02 -4.383946e+00 -9.777539e-01 6.845203e-05 2.097552e-01 6.041846e+01
2.064710e-01 8.545243e-02 9.747141e-01 6.852923e+01 -1.897263e-02 9.963414e-01 -8.332956e-02 -4.428876e+00 -9.782688e-01 -1.287746e-03 2.073369e-01 6.056130e+01
2.046802e-01 8.236725e-02 9.753572e-01 6.911065e+01 -1.848495e-02 9.966008e-01 -8.028214e-02 -4.472746e+00 -9.786544e-01 -1.597267e-03 2.055070e-01 6.067382e+01
2.025339e-01 7.843609e-02 9.761290e-01 6.968995e+01 -1.836599e-02 9.969161e-01 -7.629572e-02 -4.526089e+00 -9.791030e-01 -2.475107e-03 2.033499e-01 6.079285e+01
2.007612e-01 7.741738e-02 9.765764e-01 7.025870e+01 -1.506715e-02 9.969986e-01 -7.593889e-02 -4.579353e+00 -9.795243e-01 5.313566e-04 2.013251e-01 6.089975e+01
1.990996e-01 7.857833e-02 9.768238e-01 7.081006e+01 -1.158763e-02 9.968992e-01 -7.783142e-02 -4.625484e+00 -9.799108e-01 4.177129e-03 1.993927e-01 6.100565e+01
1.966618e-01 8.071075e-02 9.771438e-01 7.135618e+01 -7.776553e-03 9.967031e-01 -8.076120e-02 -4.667890e+00 -9.804405e-01 8.283832e-03 1.966411e-01 6.110389e+01
1.948500e-01 8.240514e-02 9.773653e-01 7.189455e+01 -8.005399e-03 9.965649e-01 -8.242795e-02 -4.710079e+00 -9.808004e-01 8.236891e-03 1.948404e-01 6.122139e+01
1.939395e-01 8.511643e-02 9.773140e-01 7.243349e+01 -8.731678e-03 9.963392e-01 -8.504066e-02 -4.757210e+00 -9.809746e-01 7.959154e-03 1.939728e-01 6.131083e+01
1.929819e-01 8.367896e-02 9.776276e-01 7.297175e+01 -7.957206e-03 9.964576e-01 -8.371994e-02 -4.812406e+00 -9.811700e-01 8.377251e-03 1.929641e-01 6.139506e+01
1.936746e-01 8.193545e-02 9.776383e-01 7.351401e+01 -1.577286e-03 9.965311e-01 -8.320638e-02 -4.853106e+00 -9.810646e-01 1.457295e-02 1.931320e-01 6.150399e+01
1.961985e-01 7.951242e-02 9.773351e-01 7.405429e+01 4.098387e-03 9.966317e-01 -8.190506e-02 -4.890254e+00 -9.805556e-01 2.007515e-02 1.952118e-01 6.160727e+01
1.978484e-01 7.848690e-02 9.770854e-01 7.459555e+01 7.690770e-03 9.966343e-01 -8.161451e-02 -4.929528e+00 -9.802025e-01 2.366184e-02 1.965788e-01 6.172092e+01
2.020886e-01 7.844172e-02 9.762208e-01 7.514322e+01 4.998312e-03 9.966917e-01 -8.112131e-02 -4.971002e+00 -9.793545e-01 2.127315e-02 2.010280e-01 6.182630e+01
2.076558e-01 7.893225e-02 9.750122e-01 7.569574e+01 3.012038e-03 9.966828e-01 -8.132810e-02 -5.023845e+00 -9.781973e-01 1.982503e-02 2.067293e-01 6.193281e+01
2.140371e-01 7.779184e-02 9.737230e-01 7.624232e+01 4.040378e-03 9.967449e-01 -8.051921e-02 -5.064721e+00 -9.768172e-01 2.116830e-02 2.130260e-01 6.205287e+01
2.213978e-01 7.847568e-02 9.720209e-01 7.679852e+01 1.861174e-03 9.967210e-01 -8.089376e-02 -5.100753e+00 -9.751818e-01 1.971880e-02 2.205258e-01 6.218618e+01
2.295846e-01 7.594035e-02 9.703216e-01 7.737095e+01 2.799675e-03 9.968958e-01 -7.868255e-02 -5.140239e+00 -9.732847e-01 2.078089e-02 2.286593e-01 6.233556e+01
2.389751e-01 7.592586e-02 9.680528e-01 7.792764e+01 7.122741e-04 9.969244e-01 -7.836614e-02 -5.166788e+00 -9.710254e-01 1.941707e-02 2.381860e-01 6.248456e+01
2.484812e-01 7.551409e-02 9.656887e-01 7.848824e+01 -4.785448e-04 9.969660e-01 -7.783675e-02 -5.210613e+00 -9.686366e-01 1.887884e-02 2.477634e-01 6.263855e+01
2.570846e-01 7.913238e-02 9.631436e-01 7.907383e+01 -6.666406e-03 9.967633e-01 -8.011518e-02 -5.269742e+00 -9.663659e-01 1.417567e-02 2.567800e-01 6.281330e+01
2.661842e-01 8.170496e-02 9.604532e-01 7.963756e+01 -1.142560e-02 9.965986e-01 -8.161327e-02 -5.324512e+00 -9.638545e-01 1.075041e-02 2.662123e-01 6.297631e+01
2.765192e-01 8.454470e-02 9.572823e-01 8.023601e+01 -1.667325e-02 9.963948e-01 -8.318281e-02 -5.381521e+00 -9.608637e-01 7.040639e-03 2.769319e-01 6.316067e+01
2.858920e-01 8.620999e-02 9.543760e-01 8.082003e+01 -1.818830e-02 9.962537e-01 -8.454439e-02 -5.431326e+00 -9.580892e-01 6.812094e-03 2.863890e-01 6.337017e+01
2.952854e-01 8.728626e-02 9.514135e-01 8.142003e+01 -2.249744e-02 9.961770e-01 -8.441062e-02 -5.484133e+00 -9.551442e-01 3.520854e-03 2.961203e-01 6.357255e+01
3.061537e-01 8.705001e-02 9.479938e-01 8.203019e+01 -2.233594e-02 9.961932e-01 -8.426257e-02 -5.527960e+00 -9.517200e-01 4.622963e-03 3.069326e-01 6.377389e+01
3.162175e-01 8.818396e-02 9.445793e-01 8.265317e+01 -2.624850e-02 9.961025e-01 -8.420683e-02 -5.567246e+00 -9.483235e-01 1.833888e-03 3.172998e-01 6.400106e+01
3.267587e-01 8.353432e-02 9.414089e-01 8.328950e+01 -2.571970e-02 9.965033e-01 -7.949583e-02 -5.608963e+00 -9.447578e-01 1.763198e-03 3.277646e-01 6.422966e+01
3.370946e-01 7.631863e-02 9.383724e-01 8.394445e+01 -2.205053e-02 9.970756e-01 -7.317173e-02 -5.655280e+00 -9.412125e-01 3.974183e-03 3.377916e-01 6.447407e+01
3.479203e-01 7.197001e-02 9.347576e-01 8.460629e+01 -2.012418e-02 9.973927e-01 -6.930219e-02 -5.699800e+00 -9.373081e-01 5.300413e-03 3.484616e-01 6.472583e+01
3.579841e-01 6.846424e-02 9.312143e-01 8.527349e+01 -2.058564e-02 9.976445e-01 -6.543460e-02 -5.748631e+00 -9.335007e-01 4.254909e-03 3.585503e-01 6.500214e+01
3.669403e-01 6.583329e-02 9.279121e-01 8.595711e+01 -1.438528e-02 9.977750e-01 -6.510129e-02 -5.792275e+00 -9.301333e-01 1.054001e-02 3.670708e-01 6.527256e+01
3.757058e-01 6.051835e-02 9.247609e-01 8.666088e+01 -7.781455e-03 9.980363e-01 -6.215226e-02 -5.823478e+00 -9.267063e-01 1.615498e-02 3.754390e-01 6.554415e+01
3.823129e-01 5.108913e-02 9.226195e-01 8.736126e+01 1.017705e-03 9.984465e-01 -5.570968e-02 -5.868625e+00 -9.240324e-01 2.223748e-02 3.816670e-01 6.582570e+01
3.895072e-01 4.687130e-02 9.198300e-01 8.808820e+01 5.103287e-03 9.985791e-01 -5.304509e-02 -5.923267e+00 -9.210093e-01 2.535560e-02 3.887146e-01 6.610961e+01
3.965834e-01 4.705009e-02 9.167922e-01 8.879906e+01 6.762561e-03 9.985089e-01 -5.416915e-02 -5.970584e+00 -9.179738e-01 2.768245e-02 3.956739e-01 6.642305e+01
4.044548e-01 5.315591e-02 9.130119e-01 8.951687e+01 9.163611e-03 9.980238e-01 -6.216472e-02 -6.010426e+00 -9.145121e-01 3.350931e-02 4.031685e-01 6.672838e+01
4.115577e-01 5.670649e-02 9.096178e-01 9.021836e+01 1.387141e-02 9.975571e-01 -6.846485e-02 -6.053707e+00 -9.112781e-01 4.079492e-02 4.097657e-01 6.705438e+01
4.170795e-01 5.883467e-02 9.069637e-01 9.093412e+01 1.201888e-02 9.974583e-01 -7.023209e-02 -6.098798e+00 -9.087905e-01 4.019305e-02 4.153123e-01 6.737641e+01
4.213980e-01 6.055708e-02 9.048517e-01 9.163078e+01 5.001157e-03 9.975977e-01 -6.909318e-02 -6.146851e+00 -9.068620e-01 3.364104e-02 4.200829e-01 6.772311e+01
4.250346e-01 6.423304e-02 9.028952e-01 9.231428e+01 -1.638259e-03 9.975320e-01 -7.019441e-02 -6.205418e+00 -9.051756e-01 2.835587e-02 4.240908e-01 6.807260e+01
4.291398e-01 6.757448e-02 9.007068e-01 9.301571e+01 -3.286755e-03 9.973078e-01 -7.325589e-02 -6.261482e+00 -9.032321e-01 2.847662e-02 4.282066e-01 6.837078e+01
4.331525e-01 7.179727e-02 8.984565e-01 9.369085e+01 -6.362375e-03 9.970410e-01 -7.660798e-02 -6.307063e+00 -9.012982e-01 2.746662e-02 4.323276e-01 6.870088e+01
4.362315e-01 7.503641e-02 8.967004e-01 9.436077e+01 -1.041400e-02 9.968713e-01 -7.835251e-02 -6.375659e+00 -8.997742e-01 2.484160e-02 4.356481e-01 6.904529e+01
4.405422e-01 7.332948e-02 8.947320e-01 9.500935e+01 -1.099503e-02 9.970243e-01 -7.629939e-02 -6.422723e+00 -8.976646e-01 2.377550e-02 4.400376e-01 6.936572e+01
4.441814e-01 7.021643e-02 8.931811e-01 9.565899e+01 -1.001453e-02 9.972510e-01 -7.341752e-02 -6.479012e+00 -8.958809e-01 2.366591e-02 4.436635e-01 6.970853e+01
4.479458e-01 6.732291e-02 8.915224e-01 9.631615e+01 -1.003246e-02 9.974766e-01 -7.028318e-02 -6.532555e+00 -8.940044e-01 2.253889e-02 4.474909e-01 7.003965e+01
4.509469e-01 6.671907e-02 8.900536e-01 9.693836e+01 -1.258410e-02 9.975784e-01 -6.840345e-02 -6.600912e+00 -8.924621e-01 1.964580e-02 4.506945e-01 7.036460e+01
4.543882e-01 6.841208e-02 8.881729e-01 9.757903e+01 -1.448162e-02 9.974822e-01 -6.942292e-02 -6.649304e+00 -8.906861e-01 1.868278e-02 4.542349e-01 7.069933e+01
4.568697e-01 6.913176e-02 8.868432e-01 9.816881e+01 -1.413255e-02 9.974137e-01 -7.047045e-02 -6.702761e+00 -8.894214e-01 1.966246e-02 4.566651e-01 7.101473e+01
4.591983e-01 6.694556e-02 8.858077e-01 9.876916e+01 -1.104400e-02 9.975095e-01 -6.966235e-02 -6.739196e+00 -8.882652e-01 2.220597e-02 4.587940e-01 7.132778e+01
4.613295e-01 6.583863e-02 8.847827e-01 9.937027e+01 -8.659111e-03 9.975295e-01 -6.971347e-02 -6.779623e+00 -8.871866e-01 2.449944e-02 4.607598e-01 7.162927e+01
4.630996e-01 6.579091e-02 8.838610e-01 9.995179e+01 -1.039009e-02 9.975756e-01 -6.881145e-02 -6.832532e+00 -8.862453e-01 2.268316e-02 4.626604e-01 7.194302e+01
4.653152e-01 6.512308e-02 8.827462e-01 1.005308e+02 -9.029452e-03 9.975871e-01 -6.883565e-02 -6.879351e+00 -8.850990e-01 2.405956e-02 4.647804e-01 7.224583e+01
4.682877e-01 6.677681e-02 8.810491e-01 1.011051e+02 -9.378641e-03 9.974596e-01 -7.061498e-02 -6.920007e+00 -8.835263e-01 2.480508e-02 4.677243e-01 7.254022e+01
4.712406e-01 6.676848e-02 8.794738e-01 1.016663e+02 -7.024797e-03 9.973831e-01 -7.195595e-02 -6.973641e+00 -8.819767e-01 2.773044e-02 4.704765e-01 7.282806e+01
4.744841e-01 6.597367e-02 8.777883e-01 1.022067e+02 -4.599620e-03 9.973597e-01 -7.247423e-02 -7.011534e+00 -8.802520e-01 3.035038e-02 4.735348e-01 7.312610e+01
4.782532e-01 6.407976e-02 8.758811e-01 1.027574e+02 -1.082209e-03 9.973767e-01 -7.237751e-02 -7.051611e+00 -8.782213e-01 3.366689e-02 4.770679e-01 7.340199e+01
4.816989e-01 6.319616e-02 8.740552e-01 1.032897e+02 4.597276e-04 9.973780e-01 -7.236604e-02 -7.087456e+00 -8.763367e-01 3.526047e-02 4.804069e-01 7.368972e+01
4.847523e-01 6.267173e-02 8.724033e-01 1.038066e+02 1.535063e-03 9.973671e-01 -7.250185e-02 -7.132280e+00 -8.746501e-01 3.648463e-02 4.833798e-01 7.399183e+01
4.878349e-01 6.200060e-02 8.707313e-01 1.043149e+02 1.063895e-03 9.974315e-01 -7.161837e-02 -7.188540e+00 -8.729353e-01 3.586431e-02 4.865159e-01 7.428641e+01
