extractor        = 2
ransacError      = 0.500000
ransacProb       = 0.999000
imageSequence    = 3

Total time: 116.328316 sec
Time/frame: 0.145229 sec/frame
