1.000000e+00 0.000000e+00 0.000000e+00 0.000000e+00 0.000000e+00 1.000000e+00 0.000000e+00 0.000000e+00 0.000000e+00 0.000000e+00 1.000000e+00 0.000000e+00
9.999942e-01 -1.895886e-03 -2.837590e-03 -1.671163e-02 1.890459e-03 9.999964e-01 -1.914083e-03 -1.701958e-02 2.841209e-03 1.908707e-03 9.999941e-01 8.589962e-01
9.999758e-01 -1.065593e-03 -6.868490e-03 -3.765094e-02 1.043198e-03 9.999941e-01 -3.263325e-03 -2.138698e-02 6.871927e-03 3.256081e-03 9.999711e-01 1.719168e+00
9.999301e-01 -1.045301e-03 -1.177448e-02 -3.680997e-02 9.810102e-04 9.999846e-01 -5.464632e-03 -1.515271e-02 1.178001e-02 5.452699e-03 9.999157e-01 2.578575e+00
9.998630e-01 1.054125e-03 -1.651665e-02 -5.479077e-02 -1.153264e-03 9.999814e-01 -5.994033e-03 -2.809368e-02 1.651002e-02 6.012260e-03 9.998456e-01 3.438725e+00
9.997764e-01 1.164103e-04 -2.114678e-02 -7.574245e-02 -2.390646e-04 9.999832e-01 -5.797703e-03 -4.957815e-02 2.114575e-02 5.801462e-03 9.997596e-01 4.297599e+00
9.996695e-01 1.471680e-03 -2.566457e-02 -1.066148e-01 -1.657376e-03 9.999726e-01 -7.215737e-03 -5.933404e-02 2.565324e-02 7.255888e-03 9.996446e-01 5.157528e+00
9.995222e-01 3.808460e-03 -3.067334e-02 -1.406243e-01 -4.051703e-03 9.999608e-01 -7.871853e-03 -7.231069e-02 3.064216e-02 7.992371e-03 9.994985e-01 6.016203e+00
9.993824e-01 4.313955e-03 -3.487298e-02 -1.860657e-01 -4.537399e-03 9.999697e-01 -6.330756e-03 -8.185750e-02 3.484461e-02 6.485079e-03 9.993717e-01 6.875255e+00
9.992388e-01 3.379336e-03 -3.886488e-02 -2.302031e-01 -3.518675e-03 9.999876e-01 -3.517364e-03 -9.394458e-02 3.885252e-02 3.651439e-03 9.992383e-01 7.734636e+00
9.991091e-01 3.432736e-03 -4.206225e-02 -2.694825e-01 -3.451968e-03 9.999940e-01 -3.845985e-04 -1.125839e-01 4.206067e-02 5.294534e-04 9.991149e-01 8.592669e+00
9.989904e-01 5.820421e-03 -4.454640e-02 -3.247921e-01 -5.868267e-03 9.999823e-01 -9.433878e-04 -1.232042e-01 4.454012e-02 1.203846e-03 9.990069e-01 9.451256e+00
9.988913e-01 5.472888e-03 -4.675598e-02 -3.671695e-01 -5.530528e-03 9.999841e-01 -1.103518e-03 -1.368726e-01 4.674920e-02 1.360880e-03 9.989057e-01 1.031046e+01
9.988341e-01 2.543246e-03 -4.820800e-02 -4.201145e-01 -2.634207e-03 9.999949e-01 -1.823409e-03 -1.460032e-01 4.820312e-02 1.948273e-03 9.988357e-01 1.116837e+01
9.987301e-01 1.801101e-03 -5.034828e-02 -4.636697e-01 -1.849314e-03 9.999979e-01 -9.110369e-04 -1.575867e-01 5.034653e-02 1.002990e-03 9.987313e-01 1.202306e+01
9.986438e-01 -9.200304e-04 -5.205410e-02 -5.069320e-01 8.678900e-04 9.999991e-01 -1.024253e-03 -1.590816e-01 5.205500e-02 9.776863e-04 9.986437e-01 1.288564e+01
9.985394e-01 1.922563e-03 -5.399428e-02 -5.602491e-01 -2.132852e-03 9.999904e-01 -3.837287e-03 -1.604885e-01 5.398639e-02 3.946844e-03 9.985339e-01 1.375473e+01
9.984561e-01 2.815698e-03 -5.547442e-02 -5.997899e-01 -3.185110e-03 9.999733e-01 -6.571856e-03 -1.732707e-01 5.545444e-02 6.738402e-03 9.984385e-01 1.463536e+01
9.984149e-01 7.204190e-03 -5.581943e-02 -6.813577e-01 -7.685510e-03 9.999351e-01 -8.412943e-03 -1.828683e-01 5.575520e-02 8.828608e-03 9.984054e-01 1.552349e+01
9.982608e-01 7.226135e-03 -5.850783e-02 -7.102937e-01 -7.700574e-03 9.999392e-01 -7.887581e-03 -1.923509e-01 5.844728e-02 8.324407e-03 9.982558e-01 1.642470e+01
9.982074e-01 6.073063e-03 -5.954014e-02 -7.775824e-01 -6.469233e-03 9.999582e-01 -6.463323e-03 -2.068484e-01 5.949840e-02 6.836916e-03 9.982050e-01 1.732825e+01
9.980762e-01 6.851121e-03 -6.162009e-02 -8.171494e-01 -7.165022e-03 9.999624e-01 -4.874622e-03 -2.234375e-01 6.158438e-02 5.306753e-03 9.980878e-01 1.824028e+01
9.979905e-01 7.287571e-03 -6.294284e-02 -8.591540e-01 -7.590030e-03 9.999608e-01 -4.567514e-03 -2.479825e-01 6.290709e-02 5.036073e-03 9.980067e-01 1.915409e+01
9.979018e-01 7.525961e-03 -6.430677e-02 -9.260621e-01 -7.901008e-03 9.999532e-01 -5.579835e-03 -2.566996e-01 6.426177e-02 6.076215e-03 9.979146e-01 2.007012e+01
9.978216e-01 5.143907e-03 -6.576974e-02 -9.793679e-01 -5.582691e-03 9.999634e-01 -6.489474e-03 -2.667239e-01 6.573395e-02 6.842510e-03 9.978137e-01 2.099723e+01
9.977861e-01 4.551750e-03 -6.634931e-02 -1.048417e+00 -4.923803e-03 9.999731e-01 -5.445044e-03 -2.674037e-01 6.632273e-02 5.759680e-03 9.977816e-01 2.193082e+01
9.977477e-01 3.948234e-03 -6.696172e-02 -1.112738e+00 -4.068794e-03 9.999903e-01 -1.664143e-03 -2.770025e-01 6.695450e-02 1.932848e-03 9.977542e-01 2.286590e+01
9.978405e-01 5.116536e-03 -6.548363e-02 -1.189044e+00 -5.040762e-03 9.999864e-01 1.322318e-03 -2.784729e-01 6.548951e-02 -9.893748e-04 9.978528e-01 2.380682e+01
9.979455e-01 3.442774e-03 -6.397583e-02 -1.263482e+00 -3.181016e-03 9.999862e-01 4.192919e-03 -2.822194e-01 6.398938e-02 -3.980796e-03 9.979426e-01 2.475076e+01
9.980612e-01 3.259040e-03 -6.215553e-02 -1.319376e+00 -2.961373e-03 9.999837e-01 4.880586e-03 -2.889626e-01 6.217043e-02 -4.687058e-03 9.980545e-01 2.569852e+01
9.981732e-01 3.136687e-03 -6.033611e-02 -1.384529e+00 -3.018490e-03 9.999933e-01 2.050018e-03 -2.947715e-01 6.034214e-02 -1.864149e-03 9.981760e-01 2.664957e+01
9.982251e-01 3.917153e-03 -5.942544e-02 -1.443451e+00 -4.104504e-03 9.999870e-01 -3.030964e-03 -2.981977e-01 5.941280e-02 3.269496e-03 9.982281e-01 2.760779e+01
9.982322e-01 3.767711e-03 -5.931462e-02 -1.481081e+00 -4.177092e-03 9.999683e-01 -6.779386e-03 -2.992200e-01 5.928720e-02 7.015164e-03 9.982163e-01 2.857693e+01
9.982677e-01 1.186943e-03 -5.882336e-02 -1.541189e+00 -1.529396e-03 9.999821e-01 -5.777042e-03 -3.135484e-01 5.881545e-02 5.856998e-03 9.982517e-01 2.955201e+01
9.982796e-01 8.566734e-04 -5.862702e-02 -1.601716e+00 -9.187538e-04 9.999990e-01 -1.031957e-03 -3.276117e-01 5.862608e-02 1.084046e-03 9.982794e-01 3.053087e+01
9.982423e-01 -3.256537e-03 -5.917535e-02 -1.671118e+00 3.401487e-03 9.999915e-01 2.348935e-03 -3.409890e-01 5.916720e-02 -2.546090e-03 9.982448e-01 3.150893e+01
9.981378e-01 -9.420799e-03 -6.026694e-02 -1.707755e+00 9.537499e-03 9.999532e-01 1.649019e-03 -3.648942e-01 6.024858e-02 -2.220744e-03 9.981809e-01 3.248853e+01
9.979820e-01 -1.344210e-02 -6.205861e-02 -1.780199e+00 1.332722e-02 9.999086e-01 -2.264739e-03 -3.617791e-01 6.208338e-02 1.433100e-03 9.980699e-01 3.347169e+01
9.978899e-01 -1.387920e-02 -6.342855e-02 -1.856071e+00 1.350366e-02 9.998887e-01 -6.345545e-03 -3.691138e-01 6.350956e-02 5.475637e-03 9.979662e-01 3.448217e+01
9.977558e-01 -1.303532e-02 -6.567693e-02 -1.922161e+00 1.259870e-02 9.998957e-01 -7.057864e-03 -3.863446e-01 6.576208e-02 6.214581e-03 9.978160e-01 3.554042e+01
9.976581e-01 -1.372275e-02 -6.700755e-02 -1.976094e+00 1.341755e-02 9.998975e-01 -5.002611e-03 -4.116205e-01 6.706933e-02 4.091818e-03 9.977399e-01 3.658335e+01
9.976918e-01 -8.618211e-03 -6.735544e-02 -2.046356e+00 8.476738e-03 9.999612e-01 -2.385920e-03 -4.390230e-01 6.737339e-02 1.809459e-03 9.977262e-01 3.762717e+01
9.975482e-01 -1.066848e-02 -6.916515e-02 -2.136735e+00 1.058935e-02 9.999428e-01 -1.510748e-03 -4.260405e-01 6.917731e-02 7.746302e-04 9.976041e-01 3.865820e+01
9.974946e-01 -9.840636e-03 -7.005461e-02 -2.216481e+00 9.943751e-03 9.999499e-01 1.123333e-03 -4.379118e-01 7.004005e-02 -1.817124e-03 9.975425e-01 3.969294e+01
9.975051e-01 -9.174928e-03 -6.999592e-02 -2.268452e+00 9.497422e-03 9.999458e-01 4.275917e-03 -4.662438e-01 6.995289e-02 -4.930030e-03 9.975381e-01 4.071701e+01
9.974663e-01 -4.710884e-03 -7.098383e-02 -2.359281e+00 5.180651e-03 9.999659e-01 6.435300e-03 -4.627898e-01 7.095109e-02 -6.786737e-03 9.974567e-01 4.173783e+01
9.974272e-01 -5.646791e-03 -7.146375e-02 -2.435545e+00 6.069780e-03 9.999653e-01 5.703142e-03 -4.655746e-01 7.142907e-02 -6.122239e-03 9.974269e-01 4.274747e+01
9.974813e-01 -5.768380e-03 -7.069474e-02 -2.542623e+00 6.076898e-03 9.999729e-01 4.149788e-03 -4.702570e-01 7.066888e-02 -4.568940e-03 9.974894e-01 4.374967e+01
9.974731e-01 -3.517634e-03 -7.095828e-02 -2.612943e+00 3.654817e-03 9.999917e-01 1.803541e-03 -4.787629e-01 7.095134e-02 -2.058323e-03 9.974777e-01 4.475082e+01
9.973403e-01 -3.399455e-03 -7.280651e-02 -2.660104e+00 3.501637e-03 9.999931e-01 1.275874e-03 -4.862531e-01 7.280167e-02 -1.527422e-03 9.973453e-01 4.575138e+01
9.973194e-01 -4.831545e-03 -7.301173e-02 -2.748047e+00 5.044206e-03 9.999836e-01 2.728579e-03 -5.080178e-01 7.299735e-02 -3.089550e-03 9.973273e-01 4.674489e+01
9.972616e-01 -4.592233e-03 -7.381256e-02 -2.829712e+00 4.868717e-03 9.999818e-01 3.566272e-03 -5.104908e-01 7.379484e-02 -3.915879e-03 9.972658e-01 4.773054e+01
9.973048e-01 -1.212724e-03 -7.335920e-02 -2.915574e+00 1.264679e-03 9.999990e-01 6.617826e-04 -5.413614e-01 7.335832e-02 -7.527748e-04 9.973054e-01 4.870683e+01
9.972405e-01 1.684849e-04 -7.423827e-02 -2.984862e+00 -4.231214e-04 9.999941e-01 -3.414276e-03 -5.648400e-01 7.423725e-02 3.436266e-03 9.972347e-01 4.968859e+01
9.972105e-01 1.030891e-03 -7.463342e-02 -3.068753e+00 -1.370233e-03 9.999890e-01 -4.495716e-03 -5.843567e-01 7.462796e-02 4.585440e-03 9.972009e-01 5.066838e+01
9.972940e-01 -9.757354e-04 -7.351061e-02 -3.187934e+00 9.120657e-04 9.999992e-01 -8.996934e-04 -5.946431e-01 7.351142e-02 8.302123e-04 9.972940e-01 5.164019e+01
9.972710e-01 -3.254761e-03 -7.375624e-02 -3.265202e+00 3.397597e-03 9.999926e-01 1.811198e-03 -6.021801e-01 7.374980e-02 -2.056849e-03 9.972747e-01 5.260968e+01
9.971475e-01 -6.238296e-03 -7.521947e-02 -3.321141e+00 6.425306e-03 9.999768e-01 2.244449e-03 -6.003249e-01 7.520372e-02 -2.721355e-03 9.971645e-01 5.357349e+01
9.971762e-01 -9.482973e-03 -7.449654e-02 -3.411114e+00 9.604864e-03 9.999531e-01 1.278108e-03 -6.161075e-01 7.448093e-02 -1.990028e-03 9.972205e-01 5.453501e+01
9.970291e-01 -1.220176e-02 -7.605382e-02 -3.466053e+00 1.226647e-02 9.999247e-01 3.837265e-04 -6.380037e-01 7.604341e-02 -1.315499e-03 9.971036e-01 5.549420e+01
9.969451e-01 -1.340740e-02 -7.694678e-02 -3.555790e+00 1.356684e-02 9.999068e-01 1.549579e-03 -6.555053e-01 7.691883e-02 -2.588769e-03 9.970340e-01 5.645419e+01
9.968547e-01 -1.584982e-02 -7.765008e-02 -3.647913e+00 1.634392e-02 9.998500e-01 5.731699e-03 -6.690582e-01 7.754758e-02 -6.982778e-03 9.969642e-01 5.741371e+01
9.968077e-01 -1.657499e-02 -7.809993e-02 -3.721255e+00 1.747146e-02 9.997889e-01 1.080914e-02 -6.870036e-01 7.790428e-02 -1.213915e-02 9.968869e-01 5.836506e+01
9.968136e-01 -1.494613e-02 -7.835388e-02 -3.823440e+00 1.601011e-02 9.997877e-01 1.296858e-02 -6.858061e-01 7.814342e-02 -1.418171e-02 9.968413e-01 5.930314e+01
9.967117e-01 -1.433707e-02 -7.975157e-02 -3.900041e+00 1.514094e-02 9.998404e-01 9.484103e-03 -7.014102e-01 7.960287e-02 -1.066043e-02 9.967697e-01 6.022718e+01
9.965445e-01 -1.270766e-02 -8.208265e-02 -3.967165e+00 1.291246e-02 9.999147e-01 1.964717e-03 -7.129749e-01 8.205068e-02 -3.017817e-03 9.966236e-01 6.114220e+01
9.965126e-01 -9.526743e-03 -8.289678e-02 -4.051371e+00 9.349001e-03 9.999531e-01 -2.532048e-03 -7.415557e-01 8.291701e-02 1.748216e-03 9.965549e-01 6.205168e+01
9.964783e-01 -4.264031e-03 -8.374226e-02 -4.138572e+00 4.127938e-03 9.999899e-01 -1.798227e-03 -7.518730e-01 8.374908e-02 1.446211e-03 9.964858e-01 6.294900e+01
9.964080e-01 -1.739137e-03 -8.466504e-02 -4.222219e+00 1.780595e-03 9.999983e-01 4.141614e-04 -7.704934e-01 8.466418e-02 -5.634279e-04 9.964094e-01 6.383081e+01
9.963238e-01 6.629728e-04 -8.566428e-02 -4.312612e+00 -4.672442e-04 9.999972e-01 2.304864e-03 -7.932922e-01 8.566557e-02 -2.256364e-03 9.963214e-01 6.469761e+01
9.962510e-01 1.100050e-03 -8.650308e-02 -4.410705e+00 -9.348450e-04 9.999977e-01 1.950298e-03 -7.992228e-01 8.650503e-02 -1.862119e-03 9.962497e-01 6.555005e+01
9.960854e-01 2.055419e-03 -8.837244e-02 -4.488453e+00 -1.838525e-03 9.999951e-01 2.535636e-03 -8.063096e-01 8.837722e-02 -2.363235e-03 9.960843e-01 6.639260e+01
9.958521e-01 1.988272e-03 -9.096524e-02 -4.547543e+00 -1.663255e-03 9.999920e-01 3.648645e-03 -8.240786e-01 9.097176e-02 -3.482213e-03 9.958474e-01 6.722208e+01
9.957521e-01 1.329569e-03 -9.206484e-02 -4.640217e+00 -9.451370e-04 9.999907e-01 4.219142e-03 -8.337425e-01 9.206959e-02 -4.114206e-03 9.957441e-01 6.803638e+01
9.956054e-01 4.345426e-04 -9.364696e-02 -4.708416e+00 9.320015e-05 9.999841e-01 5.631002e-03 -8.492279e-01 9.364793e-02 -5.614984e-03 9.955895e-01 6.884090e+01
9.954389e-01 3.567115e-03 -9.533432e-02 -4.781339e+00 -2.776571e-03 9.999607e-01 8.423698e-03 -8.638256e-01 9.536062e-02 -8.120574e-03 9.954097e-01 6.963445e+01
9.953287e-01 5.514418e-03 -9.638654e-02 -4.866217e+00 -4.324681e-03 9.999119e-01 1.254794e-02 -8.697746e-01 9.644725e-02 -1.207249e-02 9.952649e-01 7.040920e+01
9.951643e-01 8.593017e-03 -9.784790e-02 -4.950648e+00 -7.238916e-03 9.998732e-01 1.418545e-02 -8.795714e-01 9.795738e-02 -1.340854e-02 9.951003e-01 7.116105e+01
9.949979e-01 1.146979e-02 -9.923500e-02 -5.027766e+00 -1.049049e-02 9.998910e-01 1.038463e-02 -8.910156e-01 9.934330e-02 -9.291663e-03 9.950098e-01 7.189090e+01
9.948159e-01 1.163053e-02 -1.010251e-01 -5.101623e+00 -1.138717e-02 9.999307e-01 2.985327e-03 -9.026899e-01 1.010529e-01 -1.819461e-03 9.948794e-01 7.260298e+01
9.947614e-01 1.099294e-02 -1.016316e-01 -5.189433e+00 -1.133799e-02 9.999318e-01 -2.818061e-03 -9.107183e-01 1.015937e-01 3.955597e-03 9.948181e-01 7.329568e+01
9.946390e-01 1.191857e-02 -1.027192e-01 -5.239230e+00 -1.240340e-02 9.999147e-01 -4.082519e-03 -9.169592e-01 1.026617e-01 5.334699e-03 9.947020e-01 7.397384e+01
9.944764e-01 1.487082e-02 -1.039017e-01 -5.301689e+00 -1.499368e-02 9.998875e-01 -4.014503e-04 -9.342782e-01 1.038841e-01 1.957101e-03 9.945875e-01 7.463049e+01
9.943076e-01 1.548456e-02 -1.054162e-01 -5.380263e+00 -1.534725e-02 9.998800e-01 2.113668e-03 -9.526098e-01 1.054363e-01 -4.837874e-04 9.944259e-01 7.525926e+01
9.942877e-01 1.286599e-02 -1.059546e-01 -5.459465e+00 -1.312923e-02 9.999122e-01 -1.787329e-03 -9.520945e-01 1.059223e-01 3.168222e-03 9.943694e-01 7.586833e+01
9.943190e-01 4.794178e-03 -1.063336e-01 -5.507468e+00 -5.607812e-03 9.999572e-01 -7.354031e-03 -9.586057e-01 1.062938e-01 7.908551e-03 9.943033e-01 7.646312e+01
9.943773e-01 6.490527e-04 -1.058933e-01 -5.551252e+00 -1.934609e-03 9.999257e-01 -1.203784e-02 -9.723156e-01 1.058776e-01 1.217501e-02 9.943046e-01 7.704574e+01
9.946571e-01 3.278761e-03 -1.031819e-01 -5.603728e+00 -4.561135e-03 9.999152e-01 -1.219480e-02 -9.850442e-01 1.031331e-01 1.260027e-02 9.945877e-01 7.761578e+01
9.950485e-01 7.671939e-03 -9.909394e-02 -5.679115e+00 -8.731486e-03 9.999092e-01 -1.026309e-02 -9.800067e-01 9.900620e-02 1.107751e-02 9.950252e-01 7.816765e+01
9.954859e-01 6.137127e-03 -9.471048e-02 -5.732410e+00 -6.800972e-03 9.999545e-01 -6.688009e-03 -1.001390e+00 9.466513e-02 7.301943e-03 9.954824e-01 7.870869e+01
9.961443e-01 2.400774e-03 -8.769656e-02 -5.810562e+00 -2.616242e-03 9.999938e-01 -2.342110e-03 -1.015594e+00 8.769039e-02 2.562515e-03 9.961445e-01 7.923471e+01
9.967641e-01 -2.739913e-03 -8.033628e-02 -5.828848e+00 2.885506e-03 9.999944e-01 1.696264e-03 -1.039447e+00 8.033119e-02 -1.922585e-03 9.967664e-01 7.974647e+01
9.974254e-01 9.582725e-04 -7.170501e-02 -5.818021e+00 -8.106045e-04 9.999975e-01 2.088452e-03 -1.058167e+00 7.170683e-02 -2.024951e-03 9.974237e-01 8.024803e+01
9.983665e-01 6.159319e-03 -5.680156e-02 -5.839035e+00 -6.076292e-03 9.999802e-01 1.634307e-03 -1.067220e+00 5.681051e-02 -1.286495e-03 9.983842e-01 8.073559e+01
9.991806e-01 1.141971e-02 -3.882862e-02 -5.847755e+00 -1.134195e-02 9.999332e-01 2.222233e-03 -1.073135e+00 3.885140e-02 -1.780020e-03 9.992434e-01 8.121011e+01
9.998110e-01 9.923024e-03 -1.671832e-02 -5.851856e+00 -9.880161e-03 9.999477e-01 2.644497e-03 -1.078395e+00 1.674368e-02 -2.478818e-03 9.998567e-01 8.167034e+01
9.999352e-01 5.978852e-03 9.691384e-03 -5.845878e+00 -6.021224e-03 9.999724e-01 4.348838e-03 -1.098167e+00 -9.665115e-03 -4.406910e-03 9.999436e-01 8.212490e+01
9.992864e-01 4.439372e-03 3.750935e-02 -5.783819e+00 -4.659455e-03 9.999724e-01 5.782035e-03 -1.101109e+00 -3.748265e-02 -5.952682e-03 9.992795e-01 8.257077e+01
9.975210e-01 4.091679e-03 7.025012e-02 -5.726710e+00 -4.628045e-03 9.999614e-01 7.474036e-03 -1.108989e+00 -7.021682e-02 -7.780628e-03 9.975014e-01 8.300468e+01
9.941831e-01 4.143835e-03 1.076235e-01 -5.655633e+00 -5.077140e-03 9.999518e-01 8.399389e-03 -1.115455e+00 -1.075835e-01 -8.896950e-03 9.941562e-01 8.343754e+01
9.887240e-01 3.756278e-03 1.497019e-01 -5.577638e+00 -5.152223e-03 9.999468e-01 8.938092e-03 -1.127483e+00 -1.496603e-01 -9.608604e-03 9.886908e-01 8.386214e+01
9.808485e-01 3.178870e-03 1.947461e-01 -5.471187e+00 -5.155574e-03 9.999402e-01 9.644131e-03 -1.140018e+00 -1.947038e-01 -1.046346e-02 9.808063e-01 8.426114e+01
9.695063e-01 5.312312e-03 2.450087e-01 -5.352943e+00 -7.520546e-03 9.999391e-01 8.078195e-03 -1.152175e+00 -2.449508e-01 -9.674460e-03 9.694872e-01 8.466047e+01
9.540538e-01 5.948467e-03 2.995762e-01 -5.220529e+00 -8.056874e-03 9.999507e-01 5.803257e-03 -1.160812e+00 -2.995269e-01 -7.950268e-03 9.540547e-01 8.503458e+01
9.344126e-01 5.921407e-03 3.561432e-01 -5.052610e+00 -7.933485e-03 9.999598e-01 4.189271e-03 -1.172066e+00 -3.561040e-01 -6.739964e-03 9.344220e-01 8.540100e+01
9.101301e-01 6.375594e-03 4.142736e-01 -4.866206e+00 -8.149077e-03 9.999636e-01 2.513696e-03 -1.175003e+00 -4.142425e-01 -5.663737e-03 9.101489e-01 8.575135e+01
8.813261e-01 7.395820e-03 4.724506e-01 -4.660885e+00 -8.603236e-03 9.999629e-01 3.951976e-04 -1.175800e+00 -4.724301e-01 -4.412902e-03 8.813571e-01 8.606943e+01
8.478788e-01 6.690380e-03 5.301479e-01 -4.428070e+00 -6.571083e-03 9.999762e-01 -2.110239e-03 -1.174910e+00 -5.301493e-01 -1.694419e-03 8.479026e-01 8.637892e+01
8.116259e-01 5.386620e-03 5.841527e-01 -4.174201e+00 -5.714812e-03 9.999828e-01 -1.280895e-03 -1.201000e+00 -5.841495e-01 -2.298715e-03 8.116428e-01 8.665174e+01
7.726209e-01 3.669972e-03 6.348571e-01 -3.890023e+00 -4.682765e-03 9.999890e-01 -8.179725e-05 -1.209387e+00 -6.348504e-01 -2.909689e-03 7.726296e-01 8.691603e+01
7.298129e-01 3.919024e-03 6.836357e-01 -3.606867e+00 -5.225761e-03 9.999863e-01 -1.537986e-04 -1.190493e+00 -6.836269e-01 -3.460273e-03 7.298234e-01 8.717405e+01
6.848312e-01 2.220581e-03 7.286984e-01 -3.309220e+00 -4.557737e-03 9.999888e-01 1.236073e-03 -1.201252e+00 -7.286875e-01 -4.167717e-03 6.848337e-01 8.740360e+01
6.386744e-01 2.455794e-03 7.694732e-01 -2.987111e+00 -2.080417e-03 9.999968e-01 -1.464738e-03 -1.196595e+00 -7.694743e-01 -6.653348e-04 6.386775e-01 8.760579e+01
5.922959e-01 -3.688713e-04 8.057205e-01 -2.662205e+00 3.650171e-03 9.999909e-01 -2.225478e-03 -1.201853e+00 -8.057123e-01 4.259158e-03 5.922918e-01 8.778481e+01
5.462862e-01 2.027411e-03 8.375961e-01 -2.324261e+00 6.357508e-04 9.999958e-01 -2.835142e-03 -1.215949e+00 -8.375983e-01 2.081302e-03 5.462826e-01 8.795860e+01
4.986301e-01 5.227770e-03 8.667991e-01 -1.983462e+00 -3.774954e-03 9.999854e-01 -3.859473e-03 -1.223113e+00 -8.668066e-01 -1.347677e-03 4.986426e-01 8.812909e+01
4.534220e-01 7.359890e-03 8.912656e-01 -1.634036e+00 -5.028106e-03 9.999711e-01 -5.699562e-03 -1.233539e+00 -8.912818e-01 -1.897072e-03 4.534459e-01 8.826884e+01
4.110710e-01 4.334926e-03 9.115930e-01 -1.264715e+00 2.039151e-03 9.999818e-01 -5.674773e-03 -1.245629e+00 -9.116011e-01 4.191610e-03 4.110547e-01 8.838852e+01
3.718523e-01 -2.938027e-03 9.282873e-01 -8.899693e-01 1.740521e-02 9.998413e-01 -3.807666e-03 -1.240137e+00 -9.281287e-01 1.757293e-02 3.718444e-01 8.847920e+01
3.366430e-01 -6.668603e-03 9.416088e-01 -5.159287e-01 2.174362e-02 9.997633e-01 -6.932931e-04 -1.241435e+00 -9.413813e-01 2.070737e-02 3.367083e-01 8.857329e+01
3.042253e-01 -2.689327e-03 9.525963e-01 -1.397670e-01 1.893680e-02 9.998155e-01 -3.225106e-03 -1.246769e+00 -9.524119e-01 1.902029e-02 3.042201e-01 8.867062e+01
2.732564e-01 4.756894e-03 9.619295e-01 2.368543e-01 7.258048e-03 9.999491e-01 -7.006709e-03 -1.268121e+00 -9.619139e-01 8.896358e-03 2.732079e-01 8.878318e+01
2.449090e-01 9.199998e-03 9.695024e-01 6.308351e-01 1.785174e-03 9.999490e-01 -9.939876e-03 -1.283130e+00 -9.695444e-01 4.165095e-03 2.448801e-01 8.887213e+01
2.190855e-01 1.061450e-02 9.756479e-01 1.034717e+00 2.205697e-03 9.999329e-01 -1.137400e-02 -1.302646e+00 -9.757032e-01 4.643863e-03 2.190474e-01 8.894772e+01
1.958313e-01 1.174248e-02 9.805673e-01 1.455294e+00 9.423760e-03 9.998596e-01 -1.385555e-02 -1.311979e+00 -9.805923e-01 1.195398e-02 1.956931e-01 8.900191e+01
1.758687e-01 1.798830e-02 9.842493e-01 1.882022e+00 1.719901e-02 9.996243e-01 -2.134247e-02 -1.306367e+00 -9.842634e-01 2.068158e-02 1.754933e-01 8.905100e+01
1.555376e-01 2.444374e-02 9.875275e-01 2.326846e+00 1.717475e-02 9.994758e-01 -2.744455e-02 -1.321371e+00 -9.876807e-01 2.122920e-02 1.550363e-01 8.911992e+01
1.374748e-01 2.517550e-02 9.901853e-01 2.790965e+00 1.413027e-02 9.995254e-01 -2.737478e-02 -1.333645e+00 -9.904045e-01 1.775493e-02 1.370538e-01 8.918201e+01
1.219508e-01 2.119314e-02 9.923099e-01 3.262853e+00 1.210898e-02 9.996658e-01 -2.283839e-02 -1.351762e+00 -9.924623e-01 1.480102e-02 1.216534e-01 8.923760e+01
1.076874e-01 1.794985e-02 9.940228e-01 3.748491e+00 1.217028e-02 9.997383e-01 -1.937152e-02 -1.370102e+00 -9.941103e-01 1.418361e-02 1.074408e-01 8.928023e+01
9.425996e-02 1.542770e-02 9.954281e-01 4.244957e+00 1.407671e-02 9.997593e-01 -1.682780e-02 -1.385699e+00 -9.954481e-01 1.559854e-02 9.402010e-02 8.931925e+01
8.278992e-02 1.453061e-02 9.964611e-01 4.759310e+00 1.746559e-02 9.997190e-01 -1.602922e-02 -1.394220e+00 -9.964140e-01 1.873084e-02 8.251287e-02 8.934586e+01
7.210791e-02 1.500903e-02 9.972839e-01 5.288670e+00 2.069557e-02 9.996490e-01 -1.654100e-02 -1.406146e+00 -9.971821e-01 2.183210e-02 7.177198e-02 8.938069e+01
6.425712e-02 1.531798e-02 9.978158e-01 5.833757e+00 2.248241e-02 9.996062e-01 -1.679328e-02 -1.422568e+00 -9.976801e-01 2.351239e-02 6.388743e-02 8.941269e+01
5.877176e-02 1.562578e-02 9.981491e-01 6.397253e+00 2.443695e-02 9.995553e-01 -1.708666e-02 -1.434142e+00 -9.979723e-01 2.539593e-02 5.836378e-02 8.943764e+01
5.339969e-02 1.648130e-02 9.984372e-01 6.980955e+00 2.587375e-02 9.995053e-01 -1.788274e-02 -1.451232e+00 -9.982380e-01 2.678825e-02 5.294684e-02 8.945683e+01
4.825247e-02 1.714742e-02 9.986880e-01 7.583982e+00 2.630576e-02 9.994840e-01 -1.843207e-02 -1.465692e+00 -9.984887e-01 2.716064e-02 4.777649e-02 8.947030e+01
4.389175e-02 1.714735e-02 9.988891e-01 8.202825e+00 2.912737e-02 9.994057e-01 -1.843609e-02 -1.483384e+00 -9.986116e-01 2.990421e-02 4.336621e-02 8.949420e+01
4.101145e-02 1.688587e-02 9.990160e-01 8.841787e+00 2.989784e-02 9.993887e-01 -1.811953e-02 -1.505698e+00 -9.987113e-01 3.061153e-02 4.048153e-02 8.951981e+01
3.854767e-02 1.595270e-02 9.991294e-01 9.496345e+00 3.067339e-02 9.993825e-01 -1.714015e-02 -1.521341e+00 -9.987859e-01 3.130740e-02 3.803454e-02 8.953937e+01
3.547875e-02 1.575678e-02 9.992462e-01 1.016897e+01 3.158640e-02 9.993585e-01 -1.688005e-02 -1.535526e+00 -9.988711e-01 3.216148e-02 3.495829e-02 8.958026e+01
3.522721e-02 1.523310e-02 9.992632e-01 1.085538e+01 3.673808e-02 9.991883e-01 -1.652709e-02 -1.542643e+00 -9.987038e-01 3.729322e-02 3.463898e-02 8.958283e+01
3.612310e-02 1.489997e-02 9.992363e-01 1.156229e+01 3.951565e-02 9.990856e-01 -1.632624e-02 -1.556987e+00 -9.985658e-01 4.007523e-02 3.550129e-02 8.960926e+01
3.838774e-02 1.537377e-02 9.991446e-01 1.228484e+01 4.083122e-02 9.990224e-01 -1.694065e-02 -1.563739e+00 -9.984284e-01 4.144661e-02 3.772249e-02 8.964519e+01
4.275585e-02 1.550644e-02 9.989652e-01 1.302372e+01 4.327254e-02 9.989125e-01 -1.735770e-02 -1.575669e+00 -9.981480e-01 4.396991e-02 4.203835e-02 8.966844e+01
4.605457e-02 1.562601e-02 9.988167e-01 1.377957e+01 4.312370e-02 9.989144e-01 -1.761594e-02 -1.576200e+00 -9.980077e-01 4.388396e-02 4.533073e-02 8.974229e+01
4.885283e-02 1.445075e-02 9.987014e-01 1.454812e+01 4.421947e-02 9.988836e-01 -1.661644e-02 -1.586934e+00 -9.978267e-01 4.497381e-02 4.815929e-02 8.981514e+01
5.293194e-02 1.277617e-02 9.985164e-01 1.533421e+01 4.410596e-02 9.989124e-01 -1.511932e-02 -1.611503e+00 -9.976236e-01 4.484082e-02 5.231087e-02 8.986675e+01
5.719034e-02 1.073698e-02 9.983056e-01 1.612818e+01 4.137110e-02 9.990578e-01 -1.311511e-02 -1.624710e+00 -9.975057e-01 4.205106e-02 5.669226e-02 8.991533e+01
6.061603e-02 9.748343e-03 9.981136e-01 1.692804e+01 3.942168e-02 9.991488e-01 -1.215256e-02 -1.646853e+00 -9.973824e-01 4.008396e-02 6.018013e-02 8.998885e+01
6.530848e-02 1.046092e-02 9.978103e-01 1.773185e+01 3.734192e-02 9.992190e-01 -1.291978e-02 -1.666570e+00 -9.971662e-01 3.810392e-02 6.486685e-02 9.003779e+01
6.885531e-02 1.429480e-02 9.975242e-01 1.854066e+01 3.443985e-02 9.992673e-01 -1.669703e-02 -1.697153e+00 -9.970320e-01 3.550427e-02 6.831255e-02 9.008354e+01
6.996941e-02 1.930375e-02 9.973623e-01 1.935259e+01 2.821337e-02 9.993745e-01 -2.132199e-02 -1.730632e+00 -9.971501e-01 2.963084e-02 6.938102e-02 9.015578e+01
7.062511e-02 2.256548e-02 9.972477e-01 2.017084e+01 2.679802e-02 9.993403e-01 -2.451067e-02 -1.743933e+00 -9.971429e-01 2.845533e-02 6.997381e-02 9.020701e+01
7.148384e-02 2.166951e-02 9.972063e-01 2.098889e+01 2.303090e-02 9.994616e-01 -2.336946e-02 -1.788898e+00 -9.971758e-01 2.463710e-02 7.094628e-02 9.025121e+01
7.116588e-02 1.975086e-02 9.972689e-01 2.180452e+01 1.944052e-02 9.995866e-01 -2.118405e-02 -1.825810e+00 -9.972750e-01 2.089501e-02 7.075249e-02 9.031733e+01
7.128497e-02 1.835409e-02 9.972871e-01 2.262183e+01 2.030665e-02 9.995968e-01 -1.984809e-02 -1.856680e+00 -9.972493e-01 2.166643e-02 7.088352e-02 9.036748e+01
7.205275e-02 1.740813e-02 9.972489e-01 2.343704e+01 1.720461e-02 9.996772e-01 -1.869358e-02 -1.892768e+00 -9.972524e-01 1.850420e-02 7.173000e-02 9.041569e+01
7.263427e-02 1.714671e-02 9.972112e-01 2.424890e+01 1.504964e-02 9.997195e-01 -1.828602e-02 -1.933188e+00 -9.972451e-01 1.633586e-02 7.235585e-02 9.046121e+01
7.204527e-02 1.785761e-02 9.972415e-01 2.505666e+01 1.239148e-02 9.997465e-01 -1.879769e-02 -1.960006e+00 -9.973244e-01 1.371158e-02 7.180573e-02 9.054662e+01
7.086290e-02 1.942651e-02 9.972969e-01 2.586633e+01 9.954480e-03 9.997468e-01 -2.018154e-02 -1.979121e+00 -9.974364e-01 1.135769e-02 7.065158e-02 9.062372e+01
6.953688e-02 1.878577e-02 9.974025e-01 2.667693e+01 8.023344e-03 9.997798e-01 -1.938992e-02 -2.000783e+00 -9.975471e-01 9.350818e-03 6.937085e-02 9.066295e+01
6.620413e-02 1.733254e-02 9.976556e-01 2.748924e+01 6.004485e-03 9.998241e-01 -1.776867e-02 -2.031807e+00 -9.977880e-01 7.166767e-03 6.608841e-02 9.070036e+01
6.133786e-02 1.469713e-02 9.980088e-01 2.829930e+01 3.717339e-03 9.998813e-01 -1.495317e-02 -2.062546e+00 -9.981101e-01 4.627133e-03 6.127594e-02 9.076387e+01
5.589925e-02 1.240194e-02 9.983594e-01 2.910596e+01 1.376362e-03 9.999209e-01 -1.249840e-02 -2.090191e+00 -9.984355e-01 2.072755e-03 5.587776e-02 9.080091e+01
4.853460e-02 1.249549e-02 9.987433e-01 2.990718e+01 4.140595e-04 9.999214e-01 -1.253036e-02 -2.116195e+00 -9.988214e-01 1.021695e-03 4.852562e-02 9.083960e+01
4.004240e-02 1.443207e-02 9.990938e-01 3.070825e+01 1.655198e-03 9.998934e-01 -1.450996e-02 -2.118066e+00 -9.991966e-01 2.234712e-03 4.001424e-02 9.087628e+01
2.946021e-02 1.630225e-02 9.994330e-01 3.150570e+01 2.373937e-03 9.998630e-01 -1.637924e-02 -2.118683e+00 -9.995631e-01 2.855127e-03 2.941747e-02 9.091100e+01
1.925151e-02 1.479811e-02 9.997052e-01 3.229780e+01 3.448980e-03 9.998835e-01 -1.486717e-02 -2.148744e+00 -9.998087e-01 3.734178e-03 1.919823e-02 9.092522e+01
7.777206e-03 1.384288e-02 9.998739e-01 3.308987e+01 2.817363e-03 9.998999e-01 -1.386515e-02 -2.167099e+00 -9.999658e-01 2.924840e-03 7.737427e-03 9.094337e+01
-3.377825e-03 1.294343e-02 9.999105e-01 3.387699e+01 4.737045e-03 9.999052e-01 -1.292736e-02 -2.187360e+00 -9.999831e-01 4.692955e-03 -3.438818e-03 9.093833e+01
-1.424426e-02 1.314587e-02 9.998121e-01 3.465675e+01 4.758834e-03 9.999031e-01 -1.307927e-02 -2.213133e+00 -9.998872e-01 4.571635e-03 -1.430544e-02 9.092200e+01
-2.517410e-02 1.355990e-02 9.995911e-01 3.543236e+01 4.485616e-03 9.998995e-01 -1.345112e-02 -2.240167e+00 -9.996730e-01 4.145162e-03 -2.523239e-02 9.089693e+01
-3.584511e-02 1.480769e-02 9.992476e-01 3.620165e+01 4.271398e-03 9.998834e-01 -1.466389e-02 -2.259144e+00 -9.993482e-01 3.742556e-03 -3.590417e-02 9.087835e+01
-4.591569e-02 1.566443e-02 9.988225e-01 3.696180e+01 4.836921e-03 9.998688e-01 -1.545849e-02 -2.276325e+00 -9.989336e-01 4.121438e-03 -4.598544e-02 9.082928e+01
-5.553998e-02 1.646774e-02 9.983207e-01 3.771558e+01 5.302357e-03 9.998547e-01 -1.619805e-02 -2.292259e+00 -9.984424e-01 4.393812e-03 -5.561923e-02 9.079052e+01
-6.606314e-02 1.675055e-02 9.976748e-01 3.846153e+01 5.055066e-03 9.998519e-01 -1.645237e-02 -2.316459e+00 -9.978026e-01 3.956417e-03 -6.613803e-02 9.074942e+01
-7.553378e-02 1.699311e-02 9.969984e-01 3.919971e+01 5.251601e-03 9.998477e-01 -1.664381e-02 -2.344202e+00 -9.971294e-01 3.978669e-03 -7.561152e-02 9.069732e+01
-8.455700e-02 1.654074e-02 9.962813e-01 3.993052e+01 6.405726e-03 9.998506e-01 -1.605633e-02 -2.366429e+00 -9.963981e-01 5.024230e-03 -8.465032e-02 9.064619e+01
-9.134663e-02 1.537517e-02 9.957005e-01 4.064956e+01 8.478467e-03 9.998566e-01 -1.466152e-02 -2.390972e+00 -9.957831e-01 7.102732e-03 -9.146388e-02 9.056470e+01
-9.679545e-02 1.391200e-02 9.952071e-01 4.136439e+01 1.078288e-02 9.998583e-01 -1.292826e-02 -2.409333e+00 -9.952459e-01 9.479798e-03 -9.693175e-02 9.049744e+01
-1.003202e-01 1.226799e-02 9.948796e-01 4.206686e+01 1.396040e-02 9.998429e-01 -1.092148e-02 -2.430436e+00 -9.948573e-01 1.279327e-02 -1.004758e-01 9.042780e+01
-1.058626e-01 1.145230e-02 9.943148e-01 4.275741e+01 1.463292e-02 9.998433e-01 -9.958036e-03 -2.446153e+00 -9.942731e-01 1.349555e-02 -1.060136e-01 9.040680e+01
-1.066459e-01 1.039700e-02 9.942427e-01 4.342993e+01 1.464673e-02 9.998533e-01 -8.884606e-03 -2.465340e+00 -9.941892e-01 1.361490e-02 -1.067826e-01 9.032464e+01
-1.070606e-01 1.080708e-02 9.941938e-01 4.408450e+01 1.556693e-02 9.998366e-01 -9.192077e-03 -2.486603e+00 -9.941306e-01 1.449244e-02 -1.072114e-01 9.024423e+01
-1.063384e-01 1.203554e-02 9.942572e-01 4.472524e+01 1.688402e-02 9.998044e-01 -1.029690e-02 -2.499847e+00 -9.941866e-01 1.569211e-02 -1.065208e-01 9.018724e+01
-1.027843e-01 1.344651e-02 9.946128e-01 4.534354e+01 1.783780e-02 9.997728e-01 -1.167290e-02 -2.524082e+00 -9.945437e-01 1.654191e-02 -1.030008e-01 9.010401e+01
-9.763450e-02 1.411355e-02 9.951223e-01 4.594568e+01 1.832445e-02 9.997554e-01 -1.238139e-02 -2.542571e+00 -9.950536e-01 1.702622e-02 -9.786925e-02 9.004850e+01
-8.963564e-02 1.441898e-02 9.958702e-01 4.652828e+01 1.726384e-02 9.997675e-01 -1.292154e-02 -2.573474e+00 -9.958250e-01 1.603431e-02 -8.986372e-02 9.000466e+01
-7.885241e-02 1.420346e-02 9.967851e-01 4.709144e+01 1.500605e-02 9.998021e-01 -1.305937e-02 -2.593439e+00 -9.967734e-01 1.392805e-02 -7.904994e-02 8.997257e+01
-6.459605e-02 1.424092e-02 9.978099e-01 4.763304e+01 1.370319e-02 9.998165e-01 -1.338244e-02 -2.613720e+00 -9.978174e-01 1.280873e-02 -6.477935e-02 8.992829e+01
-4.768576e-02 1.545166e-02 9.987429e-01 4.816854e+01 1.176553e-02 9.998197e-01 -1.490656e-02 -2.627677e+00 -9.987931e-01 1.103991e-02 -4.785895e-02 8.991816e+01
-2.629012e-02 1.834576e-02 9.994860e-01 4.869652e+01 1.107003e-02 9.997756e-01 -1.805989e-02 -2.640658e+00 -9.995931e-01 1.058954e-02 -2.648731e-02 8.991707e+01
-3.348309e-03 2.187649e-02 9.997551e-01 4.921862e+01 9.380036e-03 9.997174e-01 -2.184425e-02 -2.651393e+00 -9.999504e-01 9.304598e-03 -3.552565e-03 8.995957e+01
2.353921e-02 2.514269e-02 9.994067e-01 4.974098e+01 9.330404e-03 9.996346e-01 -2.536819e-02 -2.645369e+00 -9.996794e-01 9.922015e-03 2.329601e-02 9.001364e+01
5.689191e-02 2.510642e-02 9.980646e-01 5.026050e+01 8.078952e-03 9.996395e-01 -2.560655e-02 -2.653174e+00 -9.983477e-01 9.520121e-03 5.666857e-02 9.006478e+01
9.488961e-02 2.269610e-02 9.952290e-01 5.076881e+01 7.258110e-03 9.996977e-01 -2.349003e-02 -2.664979e+00 -9.954613e-01 9.452441e-03 9.469620e-02 9.014069e+01
1.359475e-01 1.904049e-02 9.905331e-01 5.127194e+01 4.804014e-03 9.997909e-01 -1.987779e-02 -2.681697e+00 -9.907044e-01 7.460870e-03 1.358276e-01 9.024518e+01
1.797123e-01 1.470975e-02 9.836092e-01 5.176780e+01 2.451543e-03 9.998784e-01 -1.540096e-02 -2.697850e+00 -9.837162e-01 5.179103e-03 1.796544e-01 9.038882e+01
2.275533e-01 1.137776e-02 9.736992e-01 5.224284e+01 -1.675452e-03 9.999348e-01 -1.129277e-02 -2.707822e+00 -9.737642e-01 9.383210e-04 2.275575e-01 9.053580e+01
2.772152e-01 1.014182e-02 9.607543e-01 5.270409e+01 -5.278342e-03 9.999453e-01 -9.032517e-03 -2.722242e+00 -9.607934e-01 -2.567240e-03 2.772535e-01 9.072621e+01
3.283233e-01 1.017681e-02 9.445106e-01 5.314263e+01 -5.601032e-03 9.999454e-01 -8.827116e-03 -2.729272e+00 -9.445488e-01 -2.392086e-03 3.283624e-01 9.095366e+01
3.838983e-01 1.043241e-02 9.233165e-01 5.354613e+01 -4.143021e-03 9.999456e-01 -9.575636e-03 -2.742661e+00 -9.233661e-01 -1.492492e-04 3.839206e-01 9.118608e+01
4.437064e-01 1.485999e-02 8.960490e-01 5.395743e+01 -3.906008e-03 9.998851e-01 -1.464782e-02 -2.744566e+00 -8.961637e-01 2.999355e-03 4.437135e-01 9.143374e+01
5.005934e-01 1.731117e-02 8.655094e-01 5.431088e+01 -3.480356e-03 9.998322e-01 -1.798481e-02 -2.762457e+00 -8.656755e-01 5.990795e-03 5.005696e-01 9.172101e+01
5.576561e-01 2.092555e-02 8.298083e-01 5.467441e+01 -6.372409e-03 9.997607e-01 -2.092885e-02 -2.774414e+00 -8.300476e-01 6.383223e-03 5.576560e-01 9.203035e+01
6.135382e-01 2.223537e-02 7.893519e-01 5.501727e+01 -8.078869e-03 9.997279e-01 -2.188203e-02 -2.795388e+00 -7.896237e-01 7.048393e-03 6.135509e-01 9.236013e+01
6.658887e-01 2.353517e-02 7.456797e-01 5.531454e+01 -9.245832e-03 9.996859e-01 -2.329563e-02 -2.802272e+00 -7.459938e-01 8.617871e-03 6.658972e-01 9.270109e+01
7.163851e-01 2.184145e-02 6.973631e-01 5.563051e+01 -8.605666e-03 9.997105e-01 -2.247058e-02 -2.806784e+00 -6.976520e-01 1.009631e-02 7.163656e-01 9.305903e+01
7.616557e-01 1.931161e-02 6.476942e-01 5.590189e+01 -1.097915e-02 9.997969e-01 -1.689896e-02 -2.812299e+00 -6.478890e-01 5.760056e-03 7.617130e-01 9.345243e+01
8.031255e-01 1.387293e-02 5.956483e-01 5.613163e+01 -1.034001e-02 9.999029e-01 -9.346555e-03 -2.825137e+00 -5.957201e-01 1.347449e-03 8.031910e-01 9.384741e+01
8.403724e-01 1.163898e-02 5.418845e-01 5.635137e+01 -1.192181e-02 9.999245e-01 -2.988349e-03 -2.827834e+00 -5.418783e-01 -3.948917e-03 8.404477e-01 9.427554e+01
8.721737e-01 7.744085e-03 4.891351e-01 5.654888e+01 -1.155952e-02 9.999218e-01 4.780746e-03 -2.833311e+00 -4.890598e-01 -9.823807e-03 8.721950e-01 9.471548e+01
8.984589e-01 8.361678e-03 4.389780e-01 5.671769e+01 -1.445684e-02 9.998399e-01 1.054388e-02 -2.843125e+00 -4.388195e-01 -1.581948e-02 8.984359e-01 9.515406e+01
9.189405e-01 1.038530e-02 3.942595e-01 5.685669e+01 -1.750862e-02 9.997419e-01 1.447464e-02 -2.855925e+00 -3.940074e-01 -2.020427e-02 9.188852e-01 9.562466e+01
9.346539e-01 1.667047e-02 3.551678e-01 5.697350e+01 -2.437523e-02 9.995544e-01 1.722949e-02 -2.857097e+00 -3.547223e-01 -2.476090e-02 9.346438e-01 9.608955e+01
9.470733e-01 2.106989e-02 3.203252e-01 5.710375e+01 -2.778527e-02 9.994792e-01 1.640758e-02 -2.849992e+00 -3.198126e-01 -2.443950e-02 9.471656e-01 9.656357e+01
9.567782e-01 2.309036e-02 2.899006e-01 5.721581e+01 -2.914243e-02 9.994378e-01 1.657625e-02 -2.841583e+00 -2.893548e-01 -2.430820e-02 9.569132e-01 9.704302e+01
9.632515e-01 1.657005e-02 2.680894e-01 5.733339e+01 -2.183950e-02 9.996222e-01 1.668524e-02 -2.838699e+00 -2.677117e-01 -2.192702e-02 9.632495e-01 9.752495e+01
9.674202e-01 1.361661e-02 2.528096e-01 5.743190e+01 -1.869808e-02 9.996683e-01 1.770820e-02 -2.846195e+00 -2.524846e-01 -2.185833e-02 9.673540e-01 9.802256e+01
9.704783e-01 1.774471e-02 2.405347e-01 5.754063e+01 -2.253990e-02 9.995980e-01 1.719880e-02 -2.836357e+00 -2.401328e-01 -2.211269e-02 9.704882e-01 9.852915e+01
9.725887e-01 2.311716e-02 2.313801e-01 5.763393e+01 -2.789944e-02 9.994590e-01 1.741738e-02 -2.821964e+00 -2.308522e-01 -2.339532e-02 9.727075e-01 9.904629e+01
9.737474e-01 3.121807e-02 2.254803e-01 5.773182e+01 -3.577750e-02 9.992291e-01 1.616214e-02 -2.814184e+00 -2.248019e-01 -2.380496e-02 9.741137e-01 9.957327e+01
9.741752e-01 3.708317e-02 2.227277e-01 5.784053e+01 -4.095533e-02 9.990791e-01 1.278983e-02 -2.814863e+00 -2.220483e-01 -2.158142e-02 9.747968e-01 1.001082e+02
9.742616e-01 3.881662e-02 2.220532e-01 5.794658e+01 -4.218727e-02 9.990550e-01 1.045473e-02 -2.822165e+00 -2.214375e-01 -1.955346e-02 9.749785e-01 1.006545e+02
9.736664e-01 3.744224e-02 2.248818e-01 5.806820e+01 -4.010280e-02 9.991691e-01 7.273232e-03 -2.828693e+00 -2.244227e-01 -1.610009e-02 9.743589e-01 1.012058e+02
9.726353e-01 3.710238e-02 2.293555e-01 5.819251e+01 -3.819771e-02 9.992701e-01 3.363639e-04 -2.813204e+00 -2.291757e-01 -9.088016e-03 9.733427e-01 1.017686e+02
9.717076e-01 3.644660e-02 2.333579e-01 5.832607e+01 -3.631614e-02 9.993285e-01 -4.857189e-03 -2.802302e+00 -2.333782e-01 -3.754890e-03 9.723788e-01 1.023510e+02
9.705113e-01 4.125820e-02 2.374987e-01 5.847806e+01 -4.133722e-02 9.991344e-01 -4.649474e-03 -2.798348e+00 -2.374850e-01 -5.305170e-03 9.713767e-01 1.029406e+02
9.689749e-01 4.426390e-02 2.431633e-01 5.861695e+01 -4.539672e-02 9.989686e-01 -9.457264e-04 -2.798606e+00 -2.429543e-01 -1.012243e-02 9.699849e-01 1.035484e+02
9.681418e-01 4.065477e-02 2.470801e-01 5.879113e+01 -4.288423e-02 9.990734e-01 3.646244e-03 -2.803113e+00 -2.467029e-01 -1.412592e-02 9.689882e-01 1.041575e+02
9.672276e-01 3.548265e-02 2.514194e-01 5.892437e+01 -3.899218e-02 9.991991e-01 8.989273e-03 -2.798201e+00 -2.508991e-01 -1.849807e-02 9.678365e-01 1.047903e+02
9.665621e-01 3.287977e-02 2.543160e-01 5.911451e+01 -3.748937e-02 9.992085e-01 1.329864e-02 -2.793968e+00 -2.536775e-01 -2.238811e-02 9.670297e-01 1.054148e+02
9.659747e-01 2.838078e-02 2.570747e-01 5.929310e+01 -3.311018e-02 9.993524e-01 1.408617e-02 -2.793713e+00 -2.565085e-01 -2.211867e-02 9.662889e-01 1.060521e+02
9.656910e-01 2.540085e-02 2.584487e-01 5.944891e+01 -2.920041e-02 9.995144e-01 1.087277e-02 -2.790457e+00 -2.580471e-01 -1.804654e-02 9.659638e-01 1.066997e+02
9.655712e-01 2.574886e-02 2.588614e-01 5.961051e+01 -2.769531e-02 9.996089e-01 3.874678e-03 -2.787685e+00 -2.586604e-01 -1.091052e-02 9.659067e-01 1.073589e+02
9.655104e-01 2.895193e-02 2.587497e-01 5.976331e+01 -2.905359e-02 9.995720e-01 -3.431856e-03 -2.777996e+00 -2.587383e-01 -4.204116e-03 9.659383e-01 1.080347e+02
9.662373e-01 3.166614e-02 2.557005e-01 5.993892e+01 -3.077039e-02 9.994983e-01 -7.503898e-03 -2.775826e+00 -2.558099e-01 -6.174603e-04 9.667269e-01 1.087264e+02
9.669429e-01 3.015999e-02 2.532030e-01 6.013065e+01 -3.034732e-02 9.995344e-01 -3.166693e-03 -2.778820e+00 -2.531806e-01 -4.622022e-03 9.674080e-01 1.094306e+02
9.673478e-01 2.631505e-02 2.520830e-01 6.032087e+01 -2.830754e-02 9.995901e-01 4.280222e-03 -2.780364e+00 -2.518670e-01 -1.127631e-02 9.676962e-01 1.101452e+02
9.680732e-01 2.626872e-02 2.492875e-01 6.051056e+01 -2.974335e-02 9.995057e-01 1.018104e-02 -2.786950e+00 -2.488968e-01 -1.727064e-02 9.683760e-01 1.108639e+02
9.684338e-01 2.948402e-02 2.475211e-01 6.068239e+01 -3.288582e-02 9.994128e-01 9.619520e-03 -2.795040e+00 -2.470922e-01 -1.745580e-02 9.688347e-01 1.115929e+02
9.687496e-01 3.568737e-02 2.454599e-01 6.085172e+01 -3.809368e-02 9.992614e-01 5.060839e-03 -2.792848e+00 -2.450979e-01 -1.425315e-02 9.693935e-01 1.123351e+02
9.697819e-01 3.577315e-02 2.413365e-01 6.103609e+01 -3.680066e-02 9.993226e-01 -2.498603e-04 -2.793171e+00 -2.411820e-01 -8.639033e-03 9.704415e-01 1.130866e+02
9.708461e-01 3.405962e-02 2.372716e-01 6.122566e+01 -3.423602e-02 9.994081e-01 -3.378210e-03 -2.792505e+00 -2.372462e-01 -4.843512e-03 9.714375e-01 1.138530e+02
9.717186e-01 3.050091e-02 2.341637e-01 6.138943e+01 -3.085051e-02 9.995217e-01 -2.170736e-03 -2.800464e+00 -2.341179e-01 -5.114725e-03 9.721948e-01 1.146339e+02
9.726336e-01 2.677496e-02 2.307965e-01 6.157921e+01 -2.751896e-02 9.996213e-01 4.503037e-06 -2.808207e+00 -2.307089e-01 -6.355657e-03 9.730021e-01 1.154232e+02
9.731969e-01 2.548711e-02 2.285567e-01 6.177897e+01 -2.692675e-02 9.996323e-01 3.182092e-03 -2.815281e+00 -2.283916e-01 -9.251091e-03 9.735254e-01 1.162294e+02
9.735167e-01 2.226818e-02 2.275287e-01 6.195831e+01 -2.413765e-02 9.996939e-01 5.436865e-03 -2.817992e+00 -2.273380e-01 -1.078489e-02 9.737562e-01 1.170411e+02
