1.000000e+00 0.000000e+00 0.000000e+00 0.000000e+00 0.000000e+00 1.000000e+00 0.000000e+00 0.000000e+00 0.000000e+00 0.000000e+00 1.000000e+00 0.000000e+00
9.999863e-01 -4.056249e-03 -3.304530e-03 -2.740915e-02 4.048025e-03 9.999887e-01 -2.491358e-03 1.553423e-02 3.314598e-03 2.477947e-03 9.999914e-01 8.587496e-01
9.999718e-01 -2.686916e-03 -7.016030e-03 -6.389996e-02 2.656175e-03 9.999868e-01 -4.387208e-03 1.894824e-02 7.027726e-03 4.368448e-03 9.999658e-01 1.718406e+00
9.999498e-01 -2.429840e-03 -9.719025e-03 -9.282999e-02 2.373443e-03 9.999803e-01 -5.810077e-03 9.130300e-03 9.732951e-03 5.786718e-03 9.999359e-01 2.577293e+00
9.999009e-01 -2.760978e-04 -1.407239e-02 -1.009869e-01 1.865457e-04 9.999797e-01 -6.364591e-03 -2.144558e-03 1.407386e-02 6.361336e-03 9.998807e-01 3.437616e+00
9.998354e-01 -3.868148e-04 -1.814147e-02 -1.318798e-01 2.540557e-04 9.999732e-01 -7.319725e-03 -3.056058e-03 1.814382e-02 7.313911e-03 9.998086e-01 4.296458e+00
9.997411e-01 1.473333e-03 -2.270763e-02 -1.576892e-01 -1.662929e-03 9.999639e-01 -8.332828e-03 -2.118809e-02 2.269453e-02 8.368432e-03 9.997074e-01 5.156418e+00
9.996468e-01 3.726758e-03 -2.631358e-02 -2.293736e-01 -3.965675e-03 9.999513e-01 -9.033248e-03 -3.314220e-02 2.627863e-02 9.134409e-03 9.996129e-01 6.012786e+00
9.994711e-01 4.210575e-03 -3.224655e-02 -2.204816e-01 -4.473010e-03 9.999574e-01 -8.070589e-03 -3.581142e-02 3.221120e-02 8.210560e-03 9.994474e-01 6.873042e+00
9.992919e-01 2.250799e-03 -3.755723e-02 -2.663370e-01 -2.432199e-03 9.999856e-01 -4.784957e-03 -5.011328e-02 3.754592e-02 4.872915e-03 9.992830e-01 7.732299e+00
9.991495e-01 1.510061e-03 -4.120557e-02 -2.922239e-01 -1.596066e-03 9.999966e-01 -2.054393e-03 -5.972628e-02 4.120233e-02 2.118413e-03 9.991486e-01 8.590989e+00
9.990772e-01 3.504065e-03 -4.280746e-02 -3.446091e-01 -3.613532e-03 9.999904e-01 -2.480087e-03 -7.164864e-02 4.279836e-02 2.632484e-03 9.990803e-01 9.449742e+00
9.989931e-01 2.780365e-03 -4.477694e-02 -4.054934e-01 -2.888934e-03 9.999930e-01 -2.360144e-03 -8.448054e-02 4.477006e-02 2.487126e-03 9.989942e-01 1.030785e+01
9.989607e-01 7.377279e-04 -4.557466e-02 -4.747149e-01 -8.898625e-04 9.999941e-01 -3.317942e-03 -9.005439e-02 4.557194e-02 3.355049e-03 9.989554e-01 1.116463e+01
9.986411e-01 -9.208199e-04 -5.210686e-02 -4.237449e-01 7.192951e-04 9.999922e-01 -3.886149e-03 -6.362847e-02 5.211003e-02 3.843388e-03 9.986340e-01 1.201857e+01
9.984182e-01 -4.590563e-03 -5.603549e-02 -4.139037e-01 4.353562e-03 9.999811e-01 -4.350819e-03 -4.949993e-02 5.605440e-02 4.099983e-03 9.984193e-01 1.288207e+01
9.983044e-01 -5.790115e-03 -5.791981e-02 -4.697733e-01 5.395325e-03 9.999612e-01 -6.970213e-03 -2.528640e-02 5.795792e-02 6.645898e-03 9.982969e-01 1.375066e+01
9.980290e-01 -4.964462e-03 -6.255706e-02 -4.285989e-01 4.384286e-03 9.999461e-01 -9.408209e-03 -4.941990e-02 6.260039e-02 9.115397e-03 9.979970e-01 1.463098e+01
9.978444e-01 -1.784152e-04 -6.562345e-02 -4.664144e-01 -5.723808e-04 9.999346e-01 -1.142199e-02 -5.625403e-02 6.562120e-02 1.143493e-02 9.977791e-01 1.552208e+01
9.977692e-01 2.143264e-03 -6.672314e-02 -5.426940e-01 -2.887269e-03 9.999347e-01 -1.105620e-02 -8.541426e-02 6.669509e-02 1.122418e-02 9.977103e-01 1.642009e+01
9.977156e-01 -1.183199e-03 -6.754321e-02 -6.604854e-01 5.108867e-04 9.999502e-01 -9.970218e-03 -6.962468e-02 6.755164e-02 9.912935e-03 9.976665e-01 1.731843e+01
9.976257e-01 -1.704366e-03 -6.884801e-02 -7.434794e-01 1.104306e-03 9.999611e-01 -8.752854e-03 -7.502587e-02 6.886025e-02 8.656043e-03 9.975888e-01 1.822768e+01
9.976462e-01 -3.188772e-03 -6.849723e-02 -8.502235e-01 2.625451e-03 9.999620e-01 -8.312444e-03 -8.567821e-02 6.852114e-02 8.113042e-03 9.976167e-01 1.913647e+01
9.975272e-01 -2.336087e-03 -7.024279e-02 -8.880658e-01 1.701397e-03 9.999572e-01 -9.094138e-03 -1.057151e-01 7.026103e-02 8.952139e-03 9.974885e-01 2.005398e+01
9.974902e-01 -1.784193e-03 -7.078169e-02 -9.257176e-01 1.119666e-03 9.999549e-01 -9.426970e-03 -1.507066e-01 7.079532e-02 9.324059e-03 9.974473e-01 2.098082e+01
9.974895e-01 -1.989265e-03 -7.078665e-02 -1.000345e+00 1.424655e-03 9.999668e-01 -8.025815e-03 -1.551496e-01 7.080026e-02 7.904820e-03 9.974592e-01 2.191398e+01
9.974810e-01 2.862061e-03 -7.087633e-02 -1.035546e+00 -3.142585e-03 9.999877e-01 -3.846752e-03 -2.134949e-01 7.086445e-02 4.059797e-03 9.974777e-01 2.284883e+01
9.974796e-01 2.351480e-03 -7.091503e-02 -1.117191e+00 -2.363222e-03 9.999972e-01 -8.168350e-05 -2.204438e-01 7.091464e-02 2.490656e-04 9.974824e-01 2.378928e+01
9.975444e-01 -2.314860e-03 -6.999837e-02 -1.180026e+00 2.504899e-03 9.999934e-01 2.627247e-03 -2.015565e-01 6.999182e-02 -2.796134e-03 9.975436e-01 2.473388e+01
9.977314e-01 4.833692e-04 -6.731899e-02 -1.242783e+00 -2.534578e-04 9.999941e-01 3.423752e-03 -2.376953e-01 6.732024e-02 -3.398922e-03 9.977256e-01 2.568054e+01
9.977832e-01 4.016827e-04 -6.654704e-02 -1.289092e+00 -3.333666e-04 9.999994e-01 1.037684e-03 -2.545032e-01 6.654741e-02 -1.013199e-03 9.977827e-01 2.663257e+01
9.979486e-01 2.177826e-03 -6.398263e-02 -1.393178e+00 -2.441909e-03 9.999888e-01 -4.049510e-03 -2.555576e-01 6.397310e-02 4.197443e-03 9.979428e-01 2.758695e+01
9.980681e-01 2.695909e-03 -6.207042e-02 -1.468390e+00 -3.136137e-03 9.999706e-01 -6.996062e-03 -2.614353e-01 6.204974e-02 7.177208e-03 9.980473e-01 2.855388e+01
9.980588e-01 -3.933239e-04 -6.227727e-02 -1.516579e+00 2.602525e-05 9.999826e-01 -5.898498e-03 -2.681274e-01 6.227850e-02 5.885427e-03 9.980415e-01 2.952970e+01
9.980915e-01 -1.974148e-03 -6.172080e-02 -1.594379e+00 1.898265e-03 9.999974e-01 -1.288073e-03 -2.802326e-01 6.172318e-02 1.168453e-03 9.980926e-01 3.050736e+01
9.978915e-01 -2.739187e-03 -6.484580e-02 -1.569962e+00 2.894882e-03 9.999931e-01 2.307173e-03 -3.265999e-01 6.483904e-02 -2.490029e-03 9.978926e-01 3.148658e+01
9.977699e-01 -8.550629e-03 -6.619703e-02 -1.615993e+00 8.625097e-03 9.999625e-01 8.392234e-04 -3.391329e-01 6.618736e-02 -1.408308e-03 9.978062e-01 3.246599e+01
9.975648e-01 -6.684385e-03 -6.942442e-02 -1.613157e+00 6.457708e-03 9.999731e-01 -3.489021e-03 -3.815219e-01 6.944587e-02 3.032202e-03 9.975811e-01 3.345090e+01
9.974732e-01 -6.561590e-03 -7.074003e-02 -1.705178e+00 6.018160e-03 9.999507e-01 -7.892468e-03 -3.722528e-01 7.078834e-02 7.446800e-03 9.974636e-01 3.446003e+01
9.973733e-01 -6.501024e-03 -7.213982e-02 -1.844067e+00 5.873508e-03 9.999431e-01 -8.907344e-03 -3.716038e-01 7.219362e-02 8.460234e-03 9.973548e-01 3.551134e+01
9.972613e-01 -6.151383e-03 -7.370204e-02 -1.906457e+00 5.593452e-03 9.999541e-01 -7.774105e-03 -3.906346e-01 7.374648e-02 7.340566e-03 9.972500e-01 3.655394e+01
9.970281e-01 -3.356343e-03 -7.696605e-02 -1.895554e+00 2.953611e-03 9.999813e-01 -5.345827e-03 -3.907753e-01 7.698256e-02 5.102612e-03 9.970194e-01 3.760042e+01
9.969655e-01 -2.314947e-03 -7.781028e-02 -1.985028e+00 1.984195e-03 9.999887e-01 -4.327794e-03 -4.140841e-01 7.781942e-02 4.160270e-03 9.969588e-01 3.863134e+01
9.969664e-01 -1.620378e-03 -7.781643e-02 -2.108453e+00 1.460443e-03 9.999967e-01 -2.112142e-03 -4.061293e-01 7.781960e-02 1.992088e-03 9.969655e-01 3.966183e+01
9.970300e-01 -2.925021e-03 -7.695865e-02 -2.212498e+00 3.064424e-03 9.999939e-01 1.693370e-03 -4.231358e-01 7.695323e-02 -1.924174e-03 9.970328e-01 4.068217e+01
9.970306e-01 2.304440e-03 -7.697238e-02 -2.343771e+00 -2.017185e-03 9.999907e-01 3.809474e-03 -4.286166e-01 7.698044e-02 -3.642894e-03 9.970259e-01 4.169858e+01
9.970161e-01 2.972359e-03 -7.713712e-02 -2.419573e+00 -2.741507e-03 9.999914e-01 3.098467e-03 -4.409082e-01 7.714567e-02 -2.877749e-03 9.970157e-01 4.270818e+01
9.969909e-01 3.499264e-03 -7.744014e-02 -2.453649e+00 -3.396894e-03 9.999932e-01 1.453621e-03 -4.626036e-01 7.744470e-02 -1.186191e-03 9.969959e-01 4.371528e+01
9.970314e-01 4.929205e-03 -7.683841e-02 -2.579524e+00 -4.980255e-03 9.999875e-01 -4.727746e-04 -4.732218e-01 7.683511e-02 8.540460e-04 9.970434e-01 4.471096e+01
9.969640e-01 3.216746e-03 -7.779802e-02 -2.668216e+00 -3.277848e-03 9.999944e-01 -6.577077e-04 -4.786289e-01 7.779547e-02 9.107209e-04 9.969689e-01 4.570871e+01
9.968876e-01 -2.441746e-05 -7.883604e-02 -2.744093e+00 6.586594e-05 9.999999e-01 5.231551e-04 -4.735653e-01 7.883601e-02 -5.267195e-04 9.968875e-01 4.670343e+01
9.967295e-01 2.198519e-03 -8.078065e-02 -2.799286e+00 -2.086130e-03 9.999967e-01 1.475659e-03 -4.997983e-01 8.078363e-02 -1.302314e-03 9.967308e-01 4.769058e+01
9.967566e-01 3.384001e-03 -8.040377e-02 -2.918939e+00 -3.618970e-03 9.999896e-01 -2.776821e-03 -4.944062e-01 8.039354e-02 3.058793e-03 9.967585e-01 4.866378e+01
9.966994e-01 2.336267e-03 -8.114735e-02 -3.007092e+00 -2.901903e-03 9.999723e-01 -6.853245e-03 -5.050716e-01 8.112909e-02 7.066106e-03 9.966786e-01 4.964425e+01
9.966405e-01 1.468223e-03 -8.188803e-02 -3.111329e+00 -2.198426e-03 9.999586e-01 -8.827640e-03 -4.967367e-01 8.187168e-02 8.978008e-03 9.966024e-01 5.062224e+01
9.965446e-01 -4.834718e-04 -8.305792e-02 -3.159438e+00 3.548543e-05 9.999854e-01 -5.395053e-03 -5.149668e-01 8.305932e-02 5.373464e-03 9.965301e-01 5.160003e+01
9.965598e-01 -2.717493e-03 -8.283207e-02 -3.245092e+00 2.555007e-03 9.999946e-01 -2.067567e-03 -5.410219e-01 8.283724e-02 1.848818e-03 9.965614e-01 5.256850e+01
9.965596e-01 -4.706367e-03 -8.274528e-02 -3.327175e+00 4.585051e-03 9.999881e-01 -1.656108e-03 -5.478884e-01 8.275209e-02 1.271019e-03 9.965694e-01 5.353041e+01
9.966246e-01 -6.541440e-03 -8.183247e-02 -3.418193e+00 6.373060e-03 9.999770e-01 -2.318645e-03 -5.885590e-01 8.184576e-02 1.789296e-03 9.966434e-01 5.449110e+01
9.965663e-01 -8.307741e-03 -8.238137e-02 -3.472651e+00 8.051951e-03 9.999617e-01 -3.436708e-03 -6.202772e-01 8.240677e-02 2.761576e-03 9.965950e-01 5.545004e+01
9.963929e-01 -1.240863e-02 -8.394752e-02 -3.560445e+00 1.223759e-02 9.999219e-01 -2.551810e-03 -6.020631e-01 8.397262e-02 1.515290e-03 9.964669e-01 5.641020e+01
9.962927e-01 -1.409907e-02 -8.486492e-02 -3.631427e+00 1.433057e-02 9.998951e-01 2.119287e-03 -6.433980e-01 8.482614e-02 -3.327593e-03 9.963902e-01 5.737073e+01
9.962723e-01 -1.453412e-02 -8.503117e-02 -3.731678e+00 1.524503e-02 9.998540e-01 7.717224e-03 -6.630568e-01 8.490659e-02 -8.984760e-03 9.963484e-01 5.831958e+01
9.962538e-01 -1.286045e-02 -8.551623e-02 -3.844326e+00 1.372235e-02 9.998607e-01 9.498672e-03 -6.648072e-01 8.538216e-02 -1.063657e-02 9.962915e-01 5.925647e+01
9.962824e-01 -1.086930e-02 -8.545953e-02 -3.945912e+00 1.136020e-02 9.999216e-01 5.260003e-03 -6.746231e-01 8.539566e-02 -6.211286e-03 9.963278e-01 6.017816e+01
9.962620e-01 -8.612572e-03 -8.595258e-02 -4.036445e+00 8.419152e-03 9.999611e-01 -2.612565e-03 -6.840804e-01 8.597174e-02 1.879151e-03 9.962958e-01 6.109119e+01
9.962719e-01 -5.060607e-03 -8.612018e-02 -4.148694e+00 4.422498e-03 9.999613e-01 -7.598695e-03 -7.073187e-01 8.615531e-02 7.189500e-03 9.962558e-01 6.199779e+01
9.961547e-01 -9.586859e-04 -8.760689e-02 -4.219844e+00 3.987762e-04 9.999794e-01 -6.408438e-03 -7.289176e-01 8.761123e-02 6.348860e-03 9.961345e-01 6.289633e+01
9.960717e-01 1.908089e-03 -8.853033e-02 -4.297041e+00 -2.260258e-03 9.999899e-01 -3.877874e-03 -7.620910e-01 8.852204e-02 4.062742e-03 9.960659e-01 6.377830e+01
9.958815e-01 4.453247e-03 -9.055500e-02 -4.321108e+00 -4.603355e-03 9.999884e-01 -1.448859e-03 -8.103455e-01 9.054749e-02 1.859749e-03 9.958904e-01 6.464843e+01
9.957588e-01 5.443935e-03 -9.184139e-02 -4.372153e+00 -5.623059e-03 9.999828e-01 -1.691713e-03 -8.203480e-01 9.183060e-02 2.200968e-03 9.957722e-01 6.550494e+01
9.956200e-01 8.514834e-03 -9.310403e-02 -4.483479e+00 -8.729515e-03 9.999601e-01 -1.898786e-03 -8.140706e-01 9.308415e-02 2.703222e-03 9.956546e-01 6.634371e+01
9.954928e-01 8.898897e-03 -9.441908e-02 -4.557815e+00 -8.988500e-03 9.999595e-01 -5.237299e-04 -8.459690e-01 9.441059e-02 1.370055e-03 9.955324e-01 6.717154e+01
9.953505e-01 8.486858e-03 -9.594505e-02 -4.623096e+00 -8.482177e-03 9.999639e-01 4.566507e-04 -8.662409e-01 9.594547e-02 3.592954e-04 9.953865e-01 6.798830e+01
9.952872e-01 8.740295e-03 -9.657688e-02 -4.731836e+00 -8.583616e-03 9.999611e-01 2.037681e-03 -8.926839e-01 9.659093e-02 -1.199099e-03 9.953234e-01 6.878806e+01
9.952357e-01 1.214486e-02 -9.673894e-02 -4.845590e+00 -1.171380e-02 9.999188e-01 5.022616e-03 -9.109994e-01 9.679208e-02 -3.865507e-03 9.952971e-01 6.957672e+01
9.953072e-01 1.221042e-02 -9.599196e-02 -5.024961e+00 -1.143349e-02 9.998973e-01 8.639575e-03 -8.959826e-01 9.608760e-02 -7.501508e-03 9.953446e-01 7.033506e+01
9.952539e-01 1.534438e-02 -9.609512e-02 -5.180150e+00 -1.447391e-02 9.998477e-01 9.748962e-03 -8.886552e-01 9.623008e-02 -8.311820e-03 9.953244e-01 7.107558e+01
9.952129e-01 1.818956e-02 -9.602350e-02 -5.276468e+00 -1.766498e-02 9.998240e-01 6.310376e-03 -9.170317e-01 9.612139e-02 -4.583915e-03 9.953591e-01 7.180268e+01
9.952050e-01 1.795254e-02 -9.614963e-02 -5.410928e+00 -1.815460e-02 9.998344e-01 -1.227053e-03 -9.179031e-01 9.611168e-02 2.966727e-03 9.953661e-01 7.250593e+01
9.951554e-01 1.730009e-02 -9.678052e-02 -5.495645e+00 -1.803802e-02 9.998145e-01 -6.754977e-03 -9.345714e-01 9.664571e-02 8.467980e-03 9.952828e-01 7.319887e+01
9.950887e-01 1.886938e-02 -9.717192e-02 -5.552430e+00 -1.984965e-02 9.997613e-01 -9.131149e-03 -9.174102e-01 9.697642e-02 1.101513e-02 9.952257e-01 7.387629e+01
9.951258e-01 2.128524e-02 -9.628859e-02 -5.702129e+00 -2.207531e-02 9.997308e-01 -7.147284e-03 -8.973515e-01 9.611054e-02 9.238048e-03 9.953278e-01 7.451861e+01
9.950578e-01 2.134404e-02 -9.697640e-02 -5.797731e+00 -2.197802e-02 9.997435e-01 -5.473773e-03 -8.961098e-01 9.683469e-02 7.578070e-03 9.952716e-01 7.514528e+01
9.952668e-01 1.924549e-02 -9.525518e-02 -5.930588e+00 -2.015795e-02 9.997596e-01 -8.626061e-03 -9.140675e-01 9.506627e-02 1.050538e-02 9.954155e-01 7.574468e+01
9.954080e-01 1.080289e-02 -9.511116e-02 -5.954111e+00 -1.213191e-02 9.998365e-01 -1.340615e-02 -9.388165e-01 9.495079e-02 1.449847e-02 9.953764e-01 7.634046e+01
9.955779e-01 6.019490e-03 -9.374684e-02 -6.044686e+00 -7.778815e-03 9.998002e-01 -1.841265e-02 -9.454931e-01 9.361727e-02 1.906047e-02 9.954258e-01 7.691777e+01
9.959177e-01 7.244785e-03 -8.997471e-02 -6.126728e+00 -8.962975e-03 9.997848e-01 -1.870702e-02 -9.559610e-01 8.981982e-02 1.943709e-02 9.957683e-01 7.748436e+01
9.961707e-01 1.294420e-02 -8.646592e-02 -6.177968e+00 -1.435858e-02 9.997728e-01 -1.575582e-02 -9.703556e-01 8.624233e-02 1.693701e-02 9.961302e-01 7.803884e+01
9.965741e-01 1.150900e-02 -8.189981e-02 -6.232960e+00 -1.261812e-02 9.998354e-01 -1.303777e-02 -9.754872e-01 8.173627e-02 1.402653e-02 9.965553e-01 7.858010e+01
9.971603e-01 7.988721e-03 -7.488391e-02 -6.276904e+00 -8.716560e-03 9.999178e-01 -9.397780e-03 -9.840328e-01 7.480268e-02 1.002382e-02 9.971480e-01 7.911020e+01
9.978380e-01 3.824769e-03 -6.561095e-02 -6.326298e+00 -4.241645e-03 9.999717e-01 -6.215645e-03 -9.944524e-01 6.558531e-02 6.480505e-03 9.978259e-01 7.962035e+01
9.983263e-01 7.734649e-03 -5.731326e-02 -6.289356e+00 -8.150228e-03 9.999421e-01 -7.020816e-03 -9.976558e-01 5.725564e-02 7.476181e-03 9.983316e-01 8.012100e+01
9.990371e-01 1.289248e-02 -4.193664e-02 -6.303475e+00 -1.320306e-02 9.998874e-01 -7.137335e-03 -1.013728e+00 4.183989e-02 7.684155e-03 9.990948e-01 8.060863e+01
9.995773e-01 1.799526e-02 -2.283300e-02 -6.328861e+00 -1.815207e-02 9.998129e-01 -6.678768e-03 -1.021183e+00 2.270854e-02 7.090411e-03 9.997170e-01 8.108253e+01
9.998456e-01 1.674597e-02 -5.329281e-03 -6.246406e+00 -1.678090e-02 9.998376e-01 -6.577550e-03 -1.031068e+00 5.218268e-03 6.665965e-03 9.999642e-01 8.153525e+01
9.998183e-01 1.320213e-02 1.374803e-02 -6.091121e+00 -1.313125e-02 9.999001e-01 -5.233158e-03 -1.048877e+00 -1.381575e-02 5.051679e-03 9.998918e-01 8.196260e+01
9.996065e-01 1.244409e-02 2.513845e-02 -5.789208e+00 -1.237935e-02 9.999196e-01 -2.729056e-03 -1.072184e+00 -2.517039e-02 2.416785e-03 9.996803e-01 8.229571e+01
9.982583e-01 1.170638e-02 5.782225e-02 -5.750506e+00 -1.165249e-02 9.999313e-01 -1.269065e-03 -1.090932e+00 -5.783314e-02 5.930818e-04 9.983261e-01 8.273131e+01
9.954194e-01 1.147118e-02 9.491401e-02 -5.692521e+00 -1.141157e-02 9.999342e-01 -1.170779e-03 -1.088908e+00 -9.492120e-02 8.229768e-05 9.954848e-01 8.316616e+01
9.917127e-01 1.134713e-02 1.279735e-01 -5.502317e+00 -1.116508e-02 9.999354e-01 -2.139889e-03 -1.082031e+00 -1.279895e-01 6.933212e-04 9.917753e-01 8.355384e+01
9.853071e-01 1.147516e-02 1.704061e-01 -5.378896e+00 -1.123731e-02 9.999341e-01 -2.360287e-03 -1.086180e+00 -1.704220e-01 4.107015e-04 9.853711e-01 8.394810e+01
9.774242e-01 1.301940e-02 2.108850e-01 -5.165240e+00 -1.252084e-02 9.999148e-01 -3.699282e-03 -1.111866e+00 -2.109152e-01 9.753105e-04 9.775039e-01 8.430487e+01
9.630758e-01 1.353241e-02 2.688900e-01 -5.077072e+00 -1.229969e-02 9.999047e-01 -6.268670e-03 -1.130443e+00 -2.689492e-01 2.729940e-03 9.631505e-01 8.469145e+01
9.453322e-01 1.260558e-02 3.258651e-01 -4.921268e+00 -1.079924e-02 9.999147e-01 -7.351586e-03 -1.157889e+00 -3.259300e-01 3.430594e-03 9.453877e-01 8.506234e+01
9.228385e-01 1.362716e-02 3.849461e-01 -4.750595e+00 -1.067091e-02 9.998949e-01 -9.814885e-03 -1.155997e+00 -3.850393e-01 4.949829e-03 9.228869e-01 8.542062e+01
8.968924e-01 1.319066e-02 4.420520e-01 -4.537179e+00 -9.218261e-03 9.998955e-01 -1.113330e-02 -1.166920e+00 -4.421526e-01 5.910420e-03 8.969203e-01 8.573314e+01
8.670993e-01 1.184391e-02 4.979944e-01 -4.282628e+00 -6.507270e-03 9.999013e-01 -1.245053e-02 -1.180688e+00 -4.980928e-01 7.555260e-03 8.670908e-01 8.602469e+01
8.317969e-01 1.151856e-02 5.549605e-01 -4.055133e+00 -3.685866e-03 9.998772e-01 -1.522857e-02 -1.176274e+00 -5.550678e-01 1.062157e-02 8.317373e-01 8.632098e+01
7.934096e-01 1.014691e-02 6.086036e-01 -3.800823e+00 -1.920048e-03 9.998978e-01 -1.416766e-02 -1.186034e+00 -6.086851e-01 1.007221e-02 7.933480e-01 8.661408e+01
7.522641e-01 9.985816e-03 6.587860e-01 -3.525937e+00 -1.924602e-03 9.999142e-01 -1.295891e-02 -1.184405e+00 -6.588589e-01 8.480623e-03 7.522187e-01 8.688155e+01
7.078745e-01 9.803306e-03 7.062702e-01 -3.245782e+00 -1.403660e-03 9.999212e-01 -1.247245e-02 -1.194243e+00 -7.063369e-01 7.837564e-03 7.078325e-01 8.713219e+01
6.617898e-01 8.437658e-03 7.496419e-01 -2.948149e+00 8.568090e-04 9.999275e-01 -1.201117e-02 -1.222549e+00 -7.496889e-01 8.591167e-03 6.617346e-01 8.736729e+01
6.156969e-01 5.828839e-03 7.879615e-01 -2.634769e+00 5.629596e-03 9.999146e-01 -1.179558e-02 -1.245103e+00 -7.879630e-01 1.169841e-02 6.156115e-01 8.756458e+01
5.691103e-01 7.785418e-03 8.222243e-01 -2.311719e+00 4.818693e-03 9.999064e-01 -1.280314e-02 -1.254490e+00 -8.222471e-01 1.124845e-02 5.690195e-01 8.776498e+01
5.232478e-01 1.001661e-02 8.521217e-01 -1.970184e+00 3.062278e-03 9.999024e-01 -1.363416e-02 -1.258937e+00 -8.521751e-01 9.743475e-03 5.231660e-01 8.793409e+01
4.794291e-01 1.225700e-02 8.774950e-01 -1.621569e+00 3.979777e-03 9.998618e-01 -1.614063e-02 -1.261019e+00 -8.775716e-01 1.123052e-02 4.793141e-01 8.807621e+01
4.378417e-01 9.043794e-03 8.990066e-01 -1.256759e+00 1.207211e-02 9.998001e-01 -1.593721e-02 -1.267681e+00 -8.989711e-01 1.783089e-02 4.376450e-01 8.820939e+01
3.986577e-01 8.858953e-04 9.170993e-01 -8.888936e-01 2.713112e-02 9.995505e-01 -1.275928e-02 -1.273893e+00 -9.166984e-01 2.996852e-02 3.984545e-01 8.832482e+01
3.644709e-01 -3.250300e-03 9.312091e-01 -5.144700e-01 3.116399e-02 9.994763e-01 -8.708861e-03 -1.289695e+00 -9.306932e-01 3.219432e-02 3.643814e-01 8.841602e+01
3.312009e-01 1.320623e-03 9.435593e-01 -1.438217e-01 2.949821e-02 9.994957e-01 -1.175315e-02 -1.285406e+00 -9.430990e-01 3.172596e-02 3.309949e-01 8.853265e+01
3.007645e-01 8.925670e-03 9.536567e-01 2.325044e-01 1.973680e-02 9.996838e-01 -1.558106e-02 -1.299136e+00 -9.534942e-01 2.350836e-02 3.004933e-01 8.864736e+01
2.715464e-01 1.410294e-02 9.623220e-01 6.185303e-01 1.610660e-02 9.996860e-01 -1.919545e-02 -1.303816e+00 -9.622906e-01 2.071219e-02 2.712340e-01 8.876703e+01
2.461897e-01 1.514115e-02 9.691034e-01 1.021248e+00 1.800498e-02 9.996340e-01 -2.019212e-02 -1.324759e+00 -9.690544e-01 2.241977e-02 2.458269e-01 8.884823e+01
2.229263e-01 1.541115e-02 9.747135e-01 1.439147e+00 2.520427e-02 9.994497e-01 -2.156671e-02 -1.343892e+00 -9.745094e-01 2.937473e-02 2.224152e-01 8.891825e+01
2.039462e-01 2.072884e-02 9.787626e-01 1.865879e+00 3.292523e-02 9.990650e-01 -2.801949e-02 -1.348171e+00 -9.784283e-01 3.794046e-02 2.030730e-01 8.896745e+01
1.837518e-01 2.746028e-02 9.825890e-01 2.309000e+00 3.329458e-02 9.988623e-01 -3.414141e-02 -1.360892e+00 -9.824087e-01 3.898843e-02 1.826284e-01 8.904698e+01
1.662339e-01 2.846521e-02 9.856754e-01 2.770552e+00 3.102069e-02 9.989376e-01 -3.407983e-02 -1.376925e+00 -9.855983e-01 3.624155e-02 1.651742e-01 8.912525e+01
1.508102e-01 2.444844e-02 9.882604e-01 3.240235e+00 2.898351e-02 9.991550e-01 -2.914089e-02 -1.398346e+00 -9.881378e-01 3.303800e-02 1.499742e-01 8.919621e+01
1.357316e-01 2.175416e-02 9.905068e-01 3.722194e+00 2.893392e-02 9.992454e-01 -2.591097e-02 -1.413027e+00 -9.903231e-01 3.217619e-02 1.349997e-01 8.927035e+01
1.231961e-01 1.979071e-02 9.921850e-01 4.218543e+00 3.180958e-02 9.992086e-01 -2.388049e-02 -1.425164e+00 -9.918724e-01 3.450297e-02 1.224691e-01 8.931200e+01
1.121110e-01 1.919754e-02 9.935102e-01 4.732113e+00 3.708201e-02 9.990361e-01 -2.348878e-02 -1.431778e+00 -9.930036e-01 3.947470e-02 1.112910e-01 8.935126e+01
1.022634e-01 1.926414e-02 9.945708e-01 5.261277e+00 4.099182e-02 9.988816e-01 -2.356248e-02 -1.446447e+00 -9.939124e-01 4.317884e-02 1.013594e-01 8.938798e+01
9.408140e-02 2.007985e-02 9.953620e-01 5.803779e+00 4.440404e-02 9.987170e-01 -2.434460e-02 -1.456533e+00 -9.945738e-01 4.648847e-02 9.306906e-02 8.945125e+01
8.809653e-02 2.024039e-02 9.959063e-01 6.365341e+00 4.613806e-02 9.986376e-01 -2.437722e-02 -1.470283e+00 -9.950429e-01 4.809673e-02 8.704265e-02 8.950362e+01
8.217357e-02 2.168230e-02 9.963821e-01 6.946640e+00 4.623612e-02 9.986039e-01 -2.554383e-02 -1.487079e+00 -9.955449e-01 4.816787e-02 8.105634e-02 8.956000e+01
7.520678e-02 2.261779e-02 9.969114e-01 7.547602e+00 4.620852e-02 9.985897e-01 -2.614183e-02 -1.503791e+00 -9.960967e-01 4.803184e-02 7.405558e-02 8.961096e+01
7.070607e-02 2.267947e-02 9.972393e-01 8.166048e+00 4.818105e-02 9.984969e-01 -2.612419e-02 -1.520156e+00 -9.963329e-01 4.989517e-02 6.950707e-02 8.964424e+01
6.744497e-02 2.210134e-02 9.974782e-01 8.803930e+00 4.944207e-02 9.984523e-01 -2.546597e-02 -1.540012e+00 -9.964972e-01 5.103493e-02 6.624785e-02 8.969048e+01
6.479405e-02 2.146387e-02 9.976678e-01 9.458157e+00 5.023949e-02 9.984307e-01 -2.474311e-02 -1.560031e+00 -9.966332e-01 5.172552e-02 6.361403e-02 8.971617e+01
6.185134e-02 2.124401e-02 9.978593e-01 1.012959e+01 5.173480e-02 9.983612e-01 -2.446143e-02 -1.582216e+00 -9.967437e-01 5.313702e-02 6.065092e-02 8.977089e+01
5.986740e-02 2.126919e-02 9.979797e-01 1.081421e+01 5.380288e-02 9.982509e-01 -2.450253e-02 -1.594742e+00 -9.967553e-01 5.516108e-02 5.861834e-02 8.981925e+01
6.135340e-02 2.148004e-02 9.978849e-01 1.152087e+01 5.676941e-02 9.980749e-01 -2.497451e-02 -1.614867e+00 -9.965004e-01 5.818161e-02 6.001587e-02 8.984854e+01
6.332025e-02 2.134427e-02 9.977650e-01 1.224249e+01 5.973891e-02 9.978975e-01 -2.513826e-02 -1.640250e+00 -9.962037e-01 6.119715e-02 6.191204e-02 8.989355e+01
6.545066e-02 2.023472e-02 9.976506e-01 1.297098e+01 6.052027e-02 9.978733e-01 -2.420965e-02 -1.705135e+00 -9.960188e-01 6.196262e-02 6.408685e-02 9.000187e+01
6.842132e-02 1.993561e-02 9.974573e-01 1.372540e+01 5.938155e-02 9.979464e-01 -2.401871e-02 -1.739899e+00 -9.958877e-01 6.087396e-02 6.709700e-02 9.008192e+01
7.200826e-02 1.835704e-02 9.972351e-01 1.449600e+01 5.943847e-02 9.979747e-01 -2.266258e-02 -1.768672e+00 -9.956314e-01 6.090602e-02 7.077130e-02 9.011961e+01
7.591947e-02 1.666917e-02 9.969746e-01 1.528183e+01 5.613834e-02 9.982029e-01 -2.096463e-02 -1.813134e+00 -9.955324e-01 5.756012e-02 7.484726e-02 9.016106e+01
7.775707e-02 1.500271e-02 9.968594e-01 1.606772e+01 5.206436e-02 9.984613e-01 -1.908794e-02 -1.835989e+00 -9.956119e-01 5.338507e-02 7.685631e-02 9.028258e+01
8.259972e-02 1.393148e-02 9.964854e-01 1.687047e+01 5.013451e-02 9.985782e-01 -1.811644e-02 -1.863683e+00 -9.953210e-01 5.145472e-02 8.178383e-02 9.030477e+01
8.351871e-02 1.732017e-02 9.963557e-01 1.765582e+01 5.006421e-02 9.985134e-01 -2.155428e-02 -1.835776e+00 -9.952478e-01 5.168195e-02 8.252743e-02 9.048183e+01
8.709572e-02 2.273739e-02 9.959404e-01 1.846400e+01 4.771161e-02 9.984970e-01 -2.696818e-02 -1.841824e+00 -9.950568e-01 4.986673e-02 8.587998e-02 9.054525e+01
8.650885e-02 2.810710e-02 9.958545e-01 1.926738e+01 4.014893e-02 9.986915e-01 -3.167487e-02 -1.878615e+00 -9.954418e-01 4.272265e-02 8.526719e-02 9.068229e+01
8.653537e-02 3.275889e-02 9.957100e-01 2.008360e+01 3.792012e-02 9.986267e-01 -3.615042e-02 -1.882154e+00 -9.955268e-01 4.088574e-02 8.517431e-02 9.076050e+01
8.566871e-02 3.227658e-02 9.958007e-01 2.089815e+01 3.528203e-02 9.987500e-01 -3.540748e-02 -1.922098e+00 -9.956988e-01 3.816718e-02 8.442284e-02 9.085043e+01
8.614574e-02 3.049762e-02 9.958156e-01 2.171411e+01 3.447991e-02 9.988413e-01 -3.357307e-02 -1.944725e+00 -9.956857e-01 3.722781e-02 8.499437e-02 9.091896e+01
8.746998e-02 2.913278e-02 9.957411e-01 2.253104e+01 3.460761e-02 9.988800e-01 -3.226470e-02 -1.987779e+00 -9.955658e-01 3.728241e-02 8.636380e-02 9.096616e+01
8.473370e-02 2.915888e-02 9.959769e-01 2.333700e+01 3.081689e-02 9.990168e-01 -3.186966e-02 -2.023323e+00 -9.959270e-01 3.339334e-02 8.375181e-02 9.109786e+01
8.629089e-02 2.857166e-02 9.958602e-01 2.414831e+01 2.801872e-02 9.991237e-01 -3.109310e-02 -2.083155e+00 -9.958759e-01 3.058578e-02 8.541474e-02 9.112986e+01
8.733269e-02 2.851013e-02 9.957711e-01 2.495814e+01 2.468557e-02 9.992215e-01 -3.077393e-02 -2.130192e+00 -9.958733e-01 2.726875e-02 8.656091e-02 9.117941e+01
8.594465e-02 3.044137e-02 9.958347e-01 2.576660e+01 2.465910e-02 9.991619e-01 -3.267126e-02 -2.145633e+00 -9.959947e-01 2.736431e-02 8.512196e-02 9.126903e+01
8.351267e-02 3.102262e-02 9.960237e-01 2.657470e+01 2.115891e-02 9.992348e-01 -3.289672e-02 -2.173548e+00 -9.962821e-01 2.382207e-02 8.279236e-02 9.134171e+01
7.868976e-02 3.006307e-02 9.964458e-01 2.738342e+01 1.907019e-02 9.993169e-01 -3.165568e-02 -2.204798e+00 -9.967167e-01 2.149339e-02 7.806270e-02 9.142661e+01
7.206432e-02 2.740254e-02 9.970235e-01 2.818972e+01 1.524946e-02 9.994754e-01 -2.857216e-02 -2.248221e+00 -9.972834e-01 1.726310e-02 7.160864e-02 9.152227e+01
6.660622e-02 2.580524e-02 9.974456e-01 2.899516e+01 1.480669e-02 9.995299e-01 -2.684791e-02 -2.268030e+00 -9.976695e-01 1.655710e-02 6.619282e-02 9.158330e+01
6.046956e-02 2.617117e-02 9.978269e-01 2.979638e+01 1.390942e-02 9.995371e-01 -2.705895e-02 -2.311436e+00 -9.980731e-01 1.551544e-02 6.007754e-02 9.160040e+01
5.078542e-02 2.730173e-02 9.983363e-01 3.059599e+01 1.442138e-02 9.995020e-01 -2.806722e-02 -2.343974e+00 -9.986055e-01 1.582279e-02 5.036640e-02 9.165156e+01
4.032547e-02 2.803276e-02 9.987933e-01 3.139209e+01 1.475905e-02 9.994806e-01 -2.864794e-02 -2.372663e+00 -9.990776e-01 1.589648e-02 3.989078e-02 9.170184e+01
3.060833e-02 2.663824e-02 9.991764e-01 3.218359e+01 1.514987e-02 9.995176e-01 -2.711143e-02 -2.411254e+00 -9.994166e-01 1.596723e-02 3.019000e-02 9.172607e+01
1.998687e-02 2.627282e-02 9.994550e-01 3.297559e+01 1.451758e-02 9.995417e-01 -2.656541e-02 -2.438590e+00 -9.996948e-01 1.504063e-02 1.959629e-02 9.173117e+01
9.215916e-03 2.586599e-02 9.996229e-01 3.376263e+01 1.648719e-02 9.995256e-01 -2.601547e-02 -2.462102e+00 -9.998216e-01 1.672073e-02 8.785086e-03 9.173255e+01
1.435332e-04 2.648295e-02 9.996493e-01 3.454168e+01 1.672898e-02 9.995093e-01 -2.648165e-02 -2.485805e+00 -9.998601e-01 1.672692e-02 -2.995700e-04 9.169419e+01
-1.121478e-02 2.769282e-02 9.995536e-01 3.531796e+01 1.866448e-02 9.994481e-01 -2.748049e-02 -2.503152e+00 -9.997629e-01 1.834796e-02 -1.172546e-02 9.168954e+01
-2.097858e-02 2.787506e-02 9.993913e-01 3.608420e+01 1.639909e-02 9.994864e-01 -2.753348e-02 -2.555992e+00 -9.996454e-01 1.581149e-02 -2.142493e-02 9.163855e+01
-3.006672e-02 2.823120e-02 9.991491e-01 3.684111e+01 1.578773e-02 9.994898e-01 -2.776574e-02 -2.603256e+00 -9.994232e-01 1.493947e-02 -3.049708e-02 9.156523e+01
-4.093882e-02 2.951676e-02 9.987256e-01 3.759574e+01 1.716295e-02 9.994369e-01 -2.883426e-02 -2.623021e+00 -9.990142e-01 1.596064e-02 -4.142236e-02 9.155599e+01
-5.107028e-02 3.097251e-02 9.982147e-01 3.834307e+01 1.907898e-02 9.993668e-01 -3.003215e-02 -2.632780e+00 -9.985128e-01 1.751117e-02 -5.162887e-02 9.154464e+01
-6.102769e-02 3.104111e-02 9.976533e-01 3.908232e+01 1.906783e-02 9.993702e-01 -2.992813e-02 -2.663259e+00 -9.979539e-01 1.719664e-02 -6.158114e-02 9.151354e+01
-7.103204e-02 3.137750e-02 9.969804e-01 3.981507e+01 2.181971e-02 9.993148e-01 -2.989638e-02 -2.676128e+00 -9.972354e-01 1.963022e-02 -7.166802e-02 9.150343e+01
-7.795210e-02 3.028406e-02 9.964970e-01 4.053471e+01 2.304229e-02 9.993262e-01 -2.856754e-02 -2.713776e+00 -9.966908e-01 2.073467e-02 -7.859739e-02 9.143304e+01
-8.483721e-02 2.891443e-02 9.959752e-01 4.125243e+01 2.540057e-02 9.993168e-01 -2.684782e-02 -2.733944e+00 -9.960710e-01 2.302064e-02 -8.551369e-02 9.141493e+01
-8.903363e-02 2.707846e-02 9.956605e-01 4.195634e+01 2.750467e-02 9.993160e-01 -2.471836e-02 -2.765160e+00 -9.956488e-01 2.518455e-02 -8.971751e-02 9.136715e+01
-9.290247e-02 2.531019e-02 9.953535e-01 4.264517e+01 2.743529e-02 9.993624e-01 -2.285142e-02 -2.803806e+00 -9.952972e-01 2.518486e-02 -9.353763e-02 9.132747e+01
-9.417076e-02 2.359214e-02 9.952765e-01 4.331547e+01 2.655473e-02 9.994230e-01 -2.117789e-02 -2.854679e+00 -9.952018e-01 2.443496e-02 -9.474291e-02 9.124077e+01
-9.678960e-02 2.397451e-02 9.950161e-01 4.397435e+01 2.545020e-02 9.994426e-01 -2.160551e-02 -2.885939e+00 -9.949794e-01 2.323217e-02 -9.734581e-02 9.122394e+01
-9.693807e-02 2.386221e-02 9.950043e-01 4.461467e+01 2.505687e-02 9.994542e-01 -2.152777e-02 -2.941774e+00 -9.949750e-01 2.284483e-02 -9.748308e-02 9.119508e+01
-9.397431e-02 2.536414e-02 9.952515e-01 4.523544e+01 2.664480e-02 9.993814e-01 -2.295352e-02 -2.966348e+00 -9.952180e-01 2.436124e-02 -9.459201e-02 9.113303e+01
-8.875688e-02 2.537190e-02 9.957301e-01 4.583834e+01 2.658166e-02 9.993798e-01 -2.309547e-02 -3.005151e+00 -9.956986e-01 2.441827e-02 -8.937626e-02 9.110138e+01
-8.162526e-02 2.568496e-02 9.963321e-01 4.642115e+01 2.483709e-02 9.994098e-01 -2.372950e-02 -3.042009e+00 -9.963536e-01 2.280906e-02 -8.221503e-02 9.106568e+01
-7.100487e-02 2.556242e-02 9.971484e-01 4.698399e+01 2.246672e-02 9.994590e-01 -2.402185e-02 -3.066069e+00 -9.972229e-01 2.069698e-02 -7.154076e-02 9.103087e+01
-5.730796e-02 2.604132e-02 9.980169e-01 4.752671e+01 2.116404e-02 9.994668e-01 -2.486388e-02 -3.095428e+00 -9.981322e-01 1.969717e-02 -5.782854e-02 9.101358e+01
-4.043001e-02 2.789853e-02 9.987928e-01 4.806247e+01 1.968308e-02 9.994384e-01 -2.711981e-02 -3.099222e+00 -9.989885e-01 1.856286e-02 -4.095644e-02 9.101207e+01
-1.803773e-02 3.135597e-02 9.993455e-01 4.859040e+01 1.912422e-02 9.993361e-01 -3.101049e-02 -3.106529e+00 -9.996544e-01 1.855235e-02 -1.862542e-02 9.099889e+01
5.867276e-03 3.436036e-02 9.993923e-01 4.911308e+01 1.619751e-02 9.992751e-01 -3.445142e-02 -3.129079e+00 -9.998516e-01 1.638980e-02 5.306471e-03 9.102714e+01
3.506833e-02 3.595069e-02 9.987381e-01 4.963736e+01 1.395322e-02 9.992377e-01 -3.645861e-02 -3.156678e+00 -9.992875e-01 1.521415e-02 3.453997e-02 9.104111e+01
6.832582e-02 3.591502e-02 9.970164e-01 5.015675e+01 1.246729e-02 9.992430e-01 -3.684961e-02 -3.178336e+00 -9.975852e-01 1.494787e-02 6.782634e-02 9.108946e+01
1.056869e-01 3.292023e-02 9.938544e-01 5.066054e+01 1.170711e-02 9.993414e-01 -3.434692e-02 -3.220783e+00 -9.943305e-01 1.526518e-02 1.052319e-01 9.118261e+01
1.458196e-01 2.873520e-02 9.888938e-01 5.116047e+01 9.613239e-03 9.994897e-01 -3.046064e-02 -3.252651e+00 -9.892645e-01 1.394823e-02 1.454689e-01 9.129833e+01
1.924220e-01 2.427587e-02 9.810120e-01 5.166303e+01 6.416640e-03 9.996415e-01 -2.599547e-02 -3.282480e+00 -9.812913e-01 1.129690e-02 1.921973e-01 9.141370e+01
2.357554e-01 2.178579e-02 9.715682e-01 5.211885e+01 1.292957e-03 9.997408e-01 -2.273125e-02 -3.295285e+00 -9.718116e-01 6.615211e-03 2.356661e-01 9.161227e+01
2.794192e-01 2.040939e-02 9.599523e-01 5.255274e+01 -3.879625e-03 9.997899e-01 -2.012711e-02 -3.307087e+00 -9.601614e-01 1.899646e-03 2.794397e-01 9.185889e+01
3.331770e-01 2.168737e-02 9.426148e-01 5.300629e+01 -4.758496e-03 9.997614e-01 -2.132023e-02 -3.300058e+00 -9.428523e-01 2.617984e-03 3.332007e-01 9.205471e+01
3.870006e-01 2.084750e-02 9.218438e-01 5.340103e+01 -4.427831e-03 9.997749e-01 -2.075106e-02 -3.331978e+00 -9.220688e-01 3.948903e-03 3.870058e-01 9.229999e+01
4.493805e-01 2.414450e-02 8.930141e-01 5.382721e+01 -3.532162e-03 9.996749e-01 -2.525085e-02 -3.353533e+00 -8.933335e-01 8.192970e-03 4.493197e-01 9.252003e+01
5.093269e-01 2.779780e-02 8.601240e-01 5.420421e+01 -2.223669e-03 9.995173e-01 -3.098601e-02 -3.361792e+00 -8.605702e-01 1.386938e-02 5.091429e-01 9.277610e+01
5.678542e-01 3.136811e-02 8.225312e-01 5.458418e+01 -6.640080e-03 9.994157e-01 -3.352965e-02 -3.387081e+00 -8.231024e-01 1.357828e-02 5.677307e-01 9.306414e+01
6.232943e-01 3.384072e-02 7.812547e-01 5.492690e+01 -1.008652e-02 9.993280e-01 -3.523961e-02 -3.403883e+00 -7.819223e-01 1.408451e-02 6.232168e-01 9.339432e+01
6.751355e-01 3.163979e-02 7.370149e-01 5.522344e+01 -8.855001e-03 9.993554e-01 -3.479044e-02 -3.440541e+00 -7.376406e-01 1.696200e-02 6.749805e-01 9.373400e+01
7.237778e-01 2.938780e-02 6.894070e-01 5.551354e+01 -9.244956e-03 9.994160e-01 -3.289689e-02 -3.462057e+00 -6.899712e-01 1.743650e-02 7.236268e-01 9.411263e+01
7.684029e-01 2.635249e-02 6.394236e-01 5.578421e+01 -1.124282e-02 9.995535e-01 -2.768384e-02 -3.469796e+00 -6.398676e-01 1.408342e-02 7.683561e-01 9.450649e+01
8.099843e-01 2.282235e-02 5.860073e-01 5.601787e+01 -1.298890e-02 9.996955e-01 -2.098029e-02 -3.477542e+00 -5.863076e-01 9.382120e-03 8.100342e-01 9.489929e+01
8.462808e-01 1.803437e-02 5.324318e-01 5.623974e+01 -1.302491e-02 9.998285e-01 -1.316328e-02 -3.505672e+00 -5.325779e-01 4.204957e-03 8.463706e-01 9.532541e+01
8.776273e-01 1.409505e-02 4.791363e-01 5.643721e+01 -1.332562e-02 9.998987e-01 -5.006275e-03 -3.522934e+00 -4.791583e-01 -1.991147e-03 8.777262e-01 9.576505e+01
9.028177e-01 1.727391e-02 4.296763e-01 5.657722e+01 -1.921069e-02 9.998154e-01 1.699630e-04 -3.535946e+00 -4.295941e-01 -8.407825e-03 9.029830e-01 9.621358e+01
9.231072e-01 1.899234e-02 3.840733e-01 5.673122e+01 -2.208298e-02 9.997495e-01 3.638319e-03 -3.527889e+00 -3.839080e-01 -1.184004e-02 9.232954e-01 9.667959e+01
9.383170e-01 2.641851e-02 3.447654e-01 5.686035e+01 -3.024869e-02 9.995260e-01 5.733971e-03 -3.523143e+00 -3.444505e-01 -1.580898e-02 9.386714e-01 9.714119e+01
9.502667e-01 3.046759e-02 3.099433e-01 5.698231e+01 -3.355559e-02 9.994261e-01 4.635238e-03 -3.517193e+00 -3.096242e-01 -1.480504e-02 9.507437e-01 9.761742e+01
9.595191e-01 3.409338e-02 2.795725e-01 5.709300e+01 -3.672709e-02 9.993166e-01 4.185903e-03 -3.505920e+00 -2.792387e-01 -1.428434e-02 9.601155e-01 9.809713e+01
9.658027e-01 2.900216e-02 2.576510e-01 5.724450e+01 -3.124152e-02 9.995013e-01 4.600963e-03 -3.498785e+00 -2.573891e-01 -1.249303e-02 9.662271e-01 9.856945e+01
9.696635e-01 2.738072e-02 2.429055e-01 5.734478e+01 -2.966365e-02 9.995434e-01 5.745164e-03 -3.512760e+00 -2.426373e-01 -1.277634e-02 9.700329e-01 9.906657e+01
9.724956e-01 3.270957e-02 2.306132e-01 5.743370e+01 -3.475662e-02 9.993842e-01 4.818596e-03 -3.508398e+00 -2.303136e-01 -1.270140e-02 9.730336e-01 9.957709e+01
9.745517e-01 3.769507e-02 2.209708e-01 5.755640e+01 -3.971495e-02 9.992000e-01 4.703571e-03 -3.499625e+00 -2.206167e-01 -1.335972e-02 9.752691e-01 1.000882e+02
9.755173e-01 4.567235e-02 2.151278e-01 5.767673e+01 -4.753543e-02 9.988634e-01 3.491844e-03 -3.493238e+00 -2.147238e-01 -1.363255e-02 9.765797e-01 1.006105e+02
9.759004e-01 5.001294e-02 2.124079e-01 5.775887e+01 -5.114449e-02 9.986913e-01 -1.674000e-04 -3.498736e+00 -2.121383e-01 -1.070013e-02 9.771811e-01 1.011501e+02
9.761288e-01 5.179438e-02 2.109265e-01 5.791574e+01 -5.230704e-02 9.986261e-01 -3.151849e-03 -3.493283e+00 -2.107999e-01 -7.956328e-03 9.774969e-01 1.016840e+02
9.757274e-01 5.006988e-02 2.131879e-01 5.802917e+01 -4.994766e-02 9.987340e-01 -5.962791e-03 -3.514937e+00 -2.132166e-01 -4.830178e-03 9.769930e-01 1.022367e+02
9.748156e-01 4.941303e-02 2.174694e-01 5.815510e+01 -4.775866e-02 9.987761e-01 -1.286006e-02 -3.514777e+00 -2.178387e-01 2.150137e-03 9.759824e-01 1.027994e+02
9.739956e-01 4.810820e-02 2.214004e-01 5.829383e+01 -4.533319e-02 9.988168e-01 -1.760141e-02 -3.517476e+00 -2.219852e-01 7.106911e-03 9.750241e-01 1.033807e+02
9.728213e-01 5.217593e-02 2.256024e-01 5.841393e+01 -4.962205e-02 9.986237e-01 -1.698002e-02 -3.524276e+00 -2.261779e-01 5.323674e-03 9.740715e-01 1.039776e+02
9.710494e-01 5.578096e-02 2.322748e-01 5.854391e+01 -5.421032e-02 9.984430e-01 -1.314484e-02 -3.530676e+00 -2.326463e-01 1.726020e-04 9.725614e-01 1.045873e+02
9.702863e-01 5.146375e-02 2.364232e-01 5.872673e+01 -5.090888e-02 9.986675e-01 -8.455139e-03 -3.549798e+00 -2.365433e-01 -3.832135e-03 9.716134e-01 1.051935e+02
9.694372e-01 4.782163e-02 2.406337e-01 5.886410e+01 -4.845213e-02 9.988201e-01 -3.299252e-03 -3.553615e+00 -2.405075e-01 -8.460796e-03 9.706104e-01 1.058255e+02
9.686123e-01 4.496152e-02 2.444763e-01 5.901943e+01 -4.667673e-02 9.989093e-01 1.223732e-03 -3.563330e+00 -2.441546e-01 -1.259668e-02 9.696545e-01 1.064595e+02
9.678406e-01 4.188414e-02 2.480532e-01 5.917323e+01 -4.355106e-02 9.990504e-01 1.234043e-03 -3.556072e+00 -2.477660e-01 -1.199733e-02 9.687456e-01 1.071032e+02
9.677991e-01 3.863567e-02 2.487411e-01 5.930481e+01 -3.949982e-02 9.992184e-01 -1.517993e-03 -3.585243e+00 -2.486053e-01 -8.356115e-03 9.685688e-01 1.077555e+02
9.678289e-01 3.725848e-02 2.488353e-01 5.946583e+01 -3.627748e-02 9.993054e-01 -8.528527e-03 -3.592780e+00 -2.489802e-01 -7.729627e-04 9.685083e-01 1.084148e+02
9.680705e-01 4.052291e-02 2.473810e-01 5.965776e+01 -3.784591e-02 9.991623e-01 -1.556891e-02 -3.594090e+00 -2.478047e-01 5.709441e-03 9.687932e-01 1.090806e+02
9.686200e-01 4.220614e-02 2.449365e-01 5.979351e+01 -3.875847e-02 9.990702e-01 -1.888108e-02 -3.619656e+00 -2.455057e-01 8.795228e-03 9.693553e-01 1.097807e+02
9.693883e-01 3.955621e-02 2.423254e-01 5.998449e+01 -3.713572e-02 9.992043e-01 -1.454985e-02 -3.636738e+00 -2.427082e-01 5.105529e-03 9.700859e-01 1.104849e+02
9.699433e-01 3.483053e-02 2.408253e-01 6.014777e+01 -3.416035e-02 9.993921e-01 -6.958412e-03 -3.658452e+00 -2.409213e-01 -1.477412e-03 9.705435e-01 1.112059e+02
9.703476e-01 3.656811e-02 2.389315e-01 6.033582e+01 -3.724019e-02 9.993049e-01 -1.702393e-03 -3.653823e+00 -2.388276e-01 -7.245942e-03 9.710349e-01 1.119250e+02
9.708226e-01 4.017113e-02 2.364101e-01 6.052047e+01 -4.066648e-02 9.991689e-01 -2.782477e-03 -3.659770e+00 -2.363253e-01 -6.912672e-03 9.716494e-01 1.126509e+02
9.710676e-01 4.606535e-02 2.343197e-01 6.067055e+01 -4.545661e-02 9.989343e-01 -8.001106e-03 -3.660197e+00 -2.344386e-01 -2.881764e-03 9.721267e-01 1.133973e+02
9.718519e-01 4.780500e-02 2.306914e-01 6.084065e+01 -4.605331e-02 9.988547e-01 -1.297514e-02 -3.673666e+00 -2.310475e-01 1.985812e-03 9.729404e-01 1.141520e+02
9.729399e-01 4.526822e-02 2.265805e-01 6.102957e+01 -4.293796e-02 9.989620e-01 -1.520508e-02 -3.694030e+00 -2.270336e-01 5.064723e-03 9.738738e-01 1.149182e+02
9.738973e-01 4.372939e-02 2.227368e-01 6.119518e+01 -4.166433e-02 9.990341e-01 -1.396432e-02 -3.705116e+00 -2.231323e-01 4.319635e-03 9.747786e-01 1.156988e+02
9.746576e-01 4.187208e-02 2.197481e-01 6.139036e+01 -4.006899e-02 9.991167e-01 -1.265788e-02 -3.706081e+00 -2.200840e-01 3.532013e-03 9.754745e-01 1.164868e+02
9.748216e-01 4.165819e-02 2.190603e-01 6.152931e+01 -4.066083e-02 9.991319e-01 -9.061326e-03 -3.735347e+00 -2.192476e-01 -7.399556e-05 9.756693e-01 1.173052e+02
9.749767e-01 4.008379e-02 2.186635e-01 6.169689e+01 -3.938355e-02 9.991956e-01 -7.561878e-03 -3.734971e+00 -2.187907e-01 -1.239088e-03 9.757710e-01 1.181194e+02
