1.000000e+00 0.000000e+00 0.000000e+00 0.000000e+00 0.000000e+00 1.000000e+00 0.000000e+00 0.000000e+00 0.000000e+00 0.000000e+00 1.000000e+00 0.000000e+00
9.999968e-01 1.078322e-03 2.269842e-03 -3.391951e-02 -1.066907e-03 9.999868e-01 -5.024372e-03 1.083339e-03 -2.275230e-03 5.021935e-03 9.999848e-01 9.627242e-01
9.999937e-01 -1.694808e-03 3.122323e-03 -3.247453e-02 1.713550e-03 9.999805e-01 -6.009681e-03 5.867484e-04 -3.112077e-03 6.014993e-03 9.999771e-01 1.926474e+00
9.999908e-01 -3.720676e-03 2.156069e-03 -1.709563e-02 3.724213e-03 9.999917e-01 -1.638909e-03 -4.958371e-03 -2.149954e-03 1.646923e-03 9.999963e-01 2.887209e+00
9.999804e-01 -6.129485e-03 1.237185e-03 -1.277061e-02 6.123933e-03 9.999714e-01 4.442892e-03 -9.963540e-03 -1.264382e-03 -4.435228e-03 9.999894e-01 3.845850e+00
9.999538e-01 -9.609075e-03 2.640285e-04 -1.940884e-02 9.607812e-03 9.999440e-01 4.430864e-03 -2.342856e-03 -3.065902e-04 -4.428122e-03 9.999901e-01 4.778545e+00
9.999163e-01 -1.293572e-02 -6.998367e-05 -3.421734e-02 1.293583e-02 9.999148e-01 1.756470e-03 2.890272e-03 4.725649e-05 -1.757228e-03 9.999985e-01 5.715953e+00
9.999195e-01 -1.268776e-02 8.898387e-05 -5.335062e-02 1.268785e-02 9.999189e-01 -1.140546e-03 -1.132482e-03 -7.450568e-05 1.141583e-03 9.999993e-01 6.645724e+00
9.999208e-01 -1.255957e-02 -8.342854e-04 -5.225465e-02 1.255801e-02 9.999194e-01 -1.849369e-03 5.195835e-03 8.574454e-04 1.838746e-03 9.999979e-01 7.575176e+00
9.999255e-01 -1.197528e-02 -2.363715e-03 -5.246610e-02 1.197480e-02 9.999283e-01 -2.162934e-04 8.872299e-03 2.366135e-03 1.879723e-04 9.999972e-01 8.505669e+00
9.999259e-01 -1.194709e-02 -2.317010e-03 -7.589963e-02 1.195541e-02 9.999220e-01 3.610555e-03 -2.482530e-03 2.273694e-03 -3.637988e-03 9.999908e-01 9.428465e+00
9.999229e-01 -1.216806e-02 -2.467082e-03 -1.034709e-01 1.218008e-02 9.999137e-01 4.918657e-03 4.220042e-03 2.407019e-03 -4.948327e-03 9.999849e-01 1.037879e+01
9.998996e-01 -1.365676e-02 -3.772501e-03 -1.023464e-01 1.367957e-02 9.998879e-01 6.088798e-03 1.016865e-02 3.688925e-03 -6.139793e-03 9.999743e-01 1.126293e+01
9.999027e-01 -1.302080e-02 -4.998955e-03 -9.545308e-02 1.305127e-02 9.998961e-01 6.111970e-03 1.742814e-02 4.918853e-03 -6.176618e-03 9.999688e-01 1.217301e+01
9.998857e-01 -1.327764e-02 -7.229326e-03 -7.958719e-02 1.330652e-02 9.999036e-01 3.961457e-03 3.470300e-02 7.176030e-03 -4.057202e-03 9.999660e-01 1.308129e+01
9.998834e-01 -1.313931e-02 -7.778697e-03 -1.107157e-01 1.315647e-02 9.999111e-01 2.159619e-03 3.665088e-02 7.749629e-03 -2.261708e-03 9.999674e-01 1.398516e+01
9.998579e-01 -1.399750e-02 -9.390805e-03 -1.249224e-01 1.400615e-02 9.999015e-01 8.554445e-04 4.103864e-02 9.377906e-03 -9.868519e-04 9.999555e-01 1.488601e+01
9.998554e-01 -1.341510e-02 -1.044890e-02 -1.551047e-01 1.342411e-02 9.999096e-01 7.924437e-04 3.523186e-02 1.043732e-02 -9.325963e-04 9.999451e-01 1.578256e+01
9.998525e-01 -1.149480e-02 -1.276119e-02 -1.611574e-01 1.150242e-02 9.999337e-01 5.241316e-04 2.577457e-02 1.275432e-02 -6.708388e-04 9.999184e-01 1.667443e+01
9.998521e-01 -9.829542e-03 -1.411002e-02 -1.968607e-01 9.844581e-03 9.999510e-01 9.967635e-04 2.708455e-02 1.409953e-02 -1.135523e-03 9.999000e-01 1.756593e+01
9.998082e-01 -1.062150e-02 -1.645680e-02 -1.950404e-01 1.066098e-02 9.999405e-01 2.313474e-03 1.636093e-02 1.643125e-02 -2.488475e-03 9.998619e-01 1.845350e+01
9.998026e-01 -9.505632e-03 -1.744979e-02 -2.219378e-01 9.579795e-03 9.999454e-01 4.171420e-03 8.618262e-03 1.740919e-02 -4.337761e-03 9.998390e-01 1.933395e+01
9.997874e-01 -8.880532e-03 -1.861042e-02 -2.414398e-01 8.972064e-03 9.999480e-01 4.840602e-03 1.156565e-02 1.856646e-02 -5.006547e-03 9.998151e-01 2.020805e+01
9.997396e-01 -1.043148e-02 -2.029715e-02 -2.610908e-01 1.053037e-02 9.999332e-01 4.771487e-03 9.349500e-03 2.024602e-02 -4.983981e-03 9.997826e-01 2.107705e+01
9.996975e-01 -1.076831e-02 -2.211247e-02 -2.723850e-01 1.088475e-02 9.999275e-01 5.152380e-03 4.403838e-03 2.205539e-02 -5.391510e-03 9.997422e-01 2.194018e+01
9.996734e-01 -1.092381e-02 -2.310525e-02 -2.997087e-01 1.105917e-02 9.999224e-01 5.738941e-03 9.140255e-03 2.304076e-02 -5.992591e-03 9.997166e-01 2.279682e+01
9.996391e-01 -1.092290e-02 -2.454219e-02 -3.247553e-01 1.112242e-02 9.999061e-01 8.008054e-03 1.574645e-02 2.445241e-02 -8.278132e-03 9.996667e-01 2.365434e+01
9.996119e-01 -1.250144e-02 -2.489328e-02 -3.513265e-01 1.277192e-02 9.998608e-01 1.073663e-02 1.975006e-02 2.475559e-02 -1.105040e-02 9.996325e-01 2.448085e+01
9.995931e-01 -1.207794e-02 -2.584017e-02 -3.657683e-01 1.240201e-02 9.998460e-01 1.241812e-02 2.681270e-02 2.568621e-02 -1.273354e-02 9.995890e-01 2.530498e+01
9.995792e-01 -1.060706e-02 -2.699960e-02 -3.800987e-01 1.091094e-02 9.998785e-01 1.113268e-02 3.583779e-02 2.687823e-02 -1.142258e-02 9.995735e-01 2.611927e+01
9.995678e-01 -8.920098e-03 -2.801302e-02 -3.922780e-01 9.160392e-03 9.999222e-01 8.461352e-03 4.252480e-02 2.793537e-02 -8.714304e-03 9.995717e-01 2.691607e+01
9.995399e-01 -8.814687e-03 -2.902157e-02 -4.219146e-01 9.017229e-03 9.999358e-01 6.855553e-03 4.625547e-02 2.895928e-02 -7.114093e-03 9.995553e-01 2.770846e+01
9.995012e-01 -8.245938e-03 -3.048688e-02 -4.417908e-01 8.445272e-03 9.999438e-01 6.415370e-03 5.256095e-02 3.043227e-02 -6.669640e-03 9.995146e-01 2.849367e+01
9.994277e-01 -8.297934e-03 -3.279297e-02 -4.517928e-01 8.494309e-03 9.999468e-01 5.853578e-03 5.583723e-02 3.274266e-02 -6.128781e-03 9.994450e-01 2.926589e+01
9.993680e-01 -6.919346e-03 -3.486723e-02 -4.815076e-01 7.063290e-03 9.999670e-01 4.006867e-03 6.785722e-02 3.483835e-02 -4.250612e-03 9.993839e-01 3.003227e+01
9.992808e-01 -7.624379e-03 -3.714426e-02 -5.048903e-01 7.770434e-03 9.999626e-01 3.789322e-03 7.200798e-02 3.711398e-02 -4.075223e-03 9.993027e-01 3.079242e+01
9.992439e-01 -7.460853e-03 -3.815596e-02 -5.528156e-01 7.672093e-03 9.999560e-01 5.392793e-03 6.372459e-02 3.811405e-02 -5.681452e-03 9.992572e-01 3.153548e+01
9.991800e-01 -7.490964e-03 -3.978961e-02 -5.844311e-01 7.760926e-03 9.999479e-01 6.634610e-03 8.355279e-02 3.973784e-02 -6.937974e-03 9.991861e-01 3.227270e+01
9.991045e-01 -6.647119e-03 -4.178640e-02 -6.182649e-01 6.991380e-03 9.999428e-01 8.097847e-03 8.954228e-02 4.173018e-02 -8.382739e-03 9.990938e-01 3.300027e+01
9.990475e-01 -5.207419e-03 -4.332489e-02 -6.762224e-01 5.574364e-03 9.999496e-01 8.353103e-03 9.021476e-02 4.327921e-02 -8.586655e-03 9.990261e-01 3.374037e+01
9.989863e-01 -2.370003e-03 -4.495181e-02 -7.180636e-01 2.683893e-03 9.999724e-01 6.923730e-03 1.135664e-01 4.493417e-02 -7.037358e-03 9.989652e-01 3.442942e+01
9.989391e-01 -1.708428e-04 -4.604968e-02 -7.585317e-01 4.488386e-04 9.999817e-01 6.026594e-03 1.247142e-01 4.604781e-02 -6.040870e-03 9.989210e-01 3.512171e+01
9.988777e-01 3.151623e-04 -4.736359e-02 -8.060144e-01 -2.167718e-05 9.999808e-01 6.196815e-03 1.391259e-01 4.736463e-02 -6.188833e-03 9.988585e-01 3.580854e+01
9.988376e-01 1.884611e-03 -4.816623e-02 -8.604941e-01 -1.508019e-03 9.999680e-01 7.853723e-03 1.486500e-01 4.817949e-02 -7.771958e-03 9.988085e-01 3.648329e+01
9.988039e-01 5.022960e-03 -4.863642e-02 -8.957533e-01 -4.634333e-03 9.999565e-01 8.099918e-03 1.616653e-01 4.867499e-02 -7.864832e-03 9.987837e-01 3.714538e+01
9.988626e-01 9.203908e-03 -4.678354e-02 -9.566543e-01 -8.938520e-03 9.999428e-01 5.878731e-03 1.619222e-01 4.683497e-02 -5.453870e-03 9.988878e-01 3.779565e+01
9.988593e-01 1.136003e-02 -4.637907e-02 -9.693314e-01 -1.122526e-02 9.999320e-01 3.165210e-03 1.657016e-01 4.641188e-02 -2.640982e-03 9.989189e-01 3.843322e+01
9.989666e-01 1.159655e-02 -4.394664e-02 -1.006812e+00 -1.155287e-02 9.999325e-01 1.247802e-03 1.651764e-01 4.395815e-02 -7.388026e-04 9.990331e-01 3.906964e+01
9.990941e-01 1.323254e-02 -4.044602e-02 -1.046400e+00 -1.315504e-02 9.999111e-01 2.181482e-03 1.692523e-01 4.047129e-02 -1.647437e-03 9.991793e-01 3.971854e+01
9.991098e-01 1.824499e-02 -3.803486e-02 -1.060534e+00 -1.806832e-02 9.998243e-01 4.983422e-03 1.724627e-01 3.811911e-02 -4.291759e-03 9.992640e-01 4.032430e+01
9.991699e-01 2.302589e-02 -3.360505e-02 -1.102631e+00 -2.275613e-02 9.997059e-01 8.387930e-03 1.806871e-01 3.378831e-02 -7.616246e-03 9.994000e-01 4.092205e+01
9.991820e-01 2.868583e-02 -2.850391e-02 -1.132098e+00 -2.842091e-02 9.995494e-01 9.656456e-03 1.815217e-01 2.876807e-02 -8.838450e-03 9.995470e-01 4.150647e+01
9.991495e-01 3.291227e-02 -2.484024e-02 -1.141689e+00 -3.266681e-02 9.994140e-01 1.022357e-02 1.811129e-01 2.516217e-02 -9.403421e-03 9.996392e-01 4.207517e+01
9.991626e-01 3.635157e-02 -1.877843e-02 -1.163489e+00 -3.613086e-02 9.992755e-01 1.196191e-02 1.894304e-01 1.919965e-02 -1.127341e-02 9.997521e-01 4.262298e+01
9.990851e-01 4.077305e-02 -1.290782e-02 -1.166583e+00 -4.060236e-02 9.990879e-01 1.322091e-02 1.874910e-01 1.343510e-02 -1.268472e-02 9.998293e-01 4.315009e+01
9.989842e-01 4.448985e-02 -7.160104e-03 -1.156100e+00 -4.439476e-02 9.989304e-01 1.293238e-02 1.930780e-01 7.727805e-03 -1.260137e-02 9.998907e-01 4.365754e+01
9.988527e-01 4.787960e-02 8.975430e-04 -1.174250e+00 -4.788720e-02 9.987694e-01 1.290086e-02 1.940389e-01 -2.787505e-04 -1.292904e-02 9.999164e-01 4.414065e+01
9.986478e-01 5.144856e-02 7.452399e-03 -1.156185e+00 -5.153742e-02 9.985957e-01 1.226677e-02 2.032408e-01 -6.810826e-03 -1.263426e-02 9.998970e-01 4.460425e+01
9.983016e-01 5.615671e-02 1.550508e-02 -1.169438e+00 -5.631117e-02 9.983660e-01 9.711437e-03 2.038091e-01 -1.493439e-02 -1.056805e-02 9.998326e-01 4.504361e+01
9.980947e-01 5.730781e-02 2.286409e-02 -1.149153e+00 -5.748599e-02 9.983203e-01 7.213154e-03 1.920140e-01 -2.241232e-02 -8.513776e-03 9.997126e-01 4.546487e+01
9.978904e-01 5.773835e-02 2.968221e-02 -1.119270e+00 -5.796072e-02 9.982965e-01 6.685971e-03 2.087781e-01 -2.924561e-02 -8.392269e-03 9.995370e-01 4.586098e+01
9.975297e-01 5.817596e-02 3.937184e-02 -1.140897e+00 -5.856812e-02 9.982439e-01 8.880425e-03 1.989441e-01 -3.878607e-02 -1.116442e-02 9.991852e-01 4.623270e+01
9.971547e-01 6.000213e-02 4.563267e-02 -1.071450e+00 -6.048137e-02 9.981270e-01 9.193754e-03 2.057885e-01 -4.499556e-02 -1.192752e-02 9.989160e-01 4.658927e+01
9.964442e-01 6.283649e-02 5.613004e-02 -1.102463e+00 -6.346583e-02 9.979388e-01 9.499065e-03 1.951973e-01 -5.541746e-02 -1.302763e-02 9.983783e-01 4.689916e+01
9.955518e-01 6.770608e-02 6.551743e-02 -1.098958e+00 -6.846266e-02 9.976097e-01 9.369720e-03 1.825760e-01 -6.472644e-02 -1.381354e-02 9.978074e-01 4.719805e+01
9.947035e-01 7.179197e-02 7.355920e-02 -1.075754e+00 -7.266922e-02 9.973126e-01 9.316044e-03 1.805733e-01 -7.269270e-02 -1.461219e-02 9.972473e-01 4.747307e+01
9.941460e-01 7.077327e-02 8.163868e-02 -1.030892e+00 -7.182424e-02 9.973671e-01 1.000563e-02 1.824665e-01 -8.071560e-02 -1.581069e-02 9.966118e-01 4.773713e+01
9.933514e-01 6.982605e-02 9.152813e-02 -9.825570e-01 -7.095918e-02 9.974370e-01 9.180958e-03 1.597490e-01 -9.065247e-02 -1.561468e-02 9.957602e-01 4.799325e+01
9.922961e-01 6.834606e-02 1.033312e-01 -9.383786e-01 -6.918008e-02 9.975940e-01 4.504943e-03 1.600303e-01 -1.027747e-01 -1.161870e-02 9.946368e-01 4.824931e+01
9.907234e-01 7.009216e-02 1.164222e-01 -8.937308e-01 -7.060883e-02 9.975040e-01 3.145124e-04 1.576331e-01 -1.161096e-01 -8.532034e-03 9.931998e-01 4.850347e+01
9.886059e-01 7.195949e-02 1.322128e-01 -8.526984e-01 -7.228978e-02 9.973810e-01 -2.306330e-03 1.603049e-01 -1.320325e-01 -7.277581e-03 9.912187e-01 4.876737e+01
9.863128e-01 7.320439e-02 1.477433e-01 -7.954372e-01 -7.343947e-02 9.972922e-01 -3.870774e-03 1.626499e-01 -1.476266e-01 -7.032395e-03 9.890182e-01 4.900237e+01
9.837163e-01 7.357592e-02 1.639780e-01 -7.278216e-01 -7.379931e-02 9.972619e-01 -4.737622e-03 1.527658e-01 -1.638776e-01 -7.440988e-03 9.864526e-01 4.924480e+01
9.806900e-01 7.223912e-02 1.817380e-01 -6.598774e-01 -7.238138e-02 9.973598e-01 -5.858462e-03 1.461447e-01 -1.816814e-01 -7.409115e-03 9.833295e-01 4.949140e+01
9.769953e-01 7.126238e-02 2.010021e-01 -5.988407e-01 -7.142072e-02 9.974253e-01 -6.473503e-03 1.476608e-01 -2.009459e-01 -8.031136e-03 9.795694e-01 4.972304e+01
9.725560e-01 7.175001e-02 2.213296e-01 -5.309240e-01 -7.185743e-02 9.973861e-01 -7.577336e-03 1.317506e-01 -2.212947e-01 -8.534789e-03 9.751696e-01 4.996231e+01
9.673491e-01 7.395117e-02 2.424188e-01 -4.564395e-01 -7.385003e-02 9.972239e-01 -9.517077e-03 1.191383e-01 -2.424496e-01 -8.696301e-03 9.701250e-01 5.020053e+01
9.608086e-01 7.612069e-02 2.665567e-01 -4.083226e-01 -7.542303e-02 9.970686e-01 -1.286949e-02 1.315151e-01 -2.667549e-01 -7.739395e-03 9.637333e-01 5.045097e+01
9.535260e-01 7.744201e-02 2.911889e-01 -3.294840e-01 -7.666386e-02 9.969573e-01 -1.409875e-02 1.221702e-01 -2.913948e-01 -8.880146e-03 9.565617e-01 5.069623e+01
9.447789e-01 8.060111e-02 3.176417e-01 -2.499762e-01 -7.966160e-02 9.966941e-01 -1.596782e-02 1.297884e-01 -3.178786e-01 -1.021779e-02 9.480764e-01 5.094795e+01
9.347887e-01 8.256649e-02 3.454749e-01 -1.467088e-01 -8.169665e-02 9.965105e-01 -1.710477e-02 1.162364e-01 -3.456816e-01 -1.223479e-02 9.382721e-01 5.118238e+01
9.236277e-01 8.300332e-02 3.741955e-01 -3.179859e-02 -8.190303e-02 9.964616e-01 -1.887172e-02 1.047740e-01 -3.744378e-01 -1.321730e-02 9.271578e-01 5.141684e+01
9.115959e-01 8.083548e-02 4.030615e-01 1.112174e-01 -7.895125e-02 9.966505e-01 -2.131954e-02 9.473132e-02 -4.034349e-01 -1.238740e-02 9.149245e-01 5.164262e+01
8.962619e-01 7.832496e-02 4.365545e-01 2.243700e-01 -7.502886e-02 9.968725e-01 -2.481818e-02 9.130005e-02 -4.371331e-01 -1.051060e-02 8.993354e-01 5.188489e+01
8.789826e-01 7.769213e-02 4.704823e-01 3.805089e-01 -7.215471e-02 9.969474e-01 -2.982522e-02 8.917924e-02 -4.713633e-01 -7.731669e-03 8.819052e-01 5.210859e+01
8.591898e-01 7.941600e-02 5.054563e-01 5.451059e-01 -7.138197e-02 9.968249e-01 -3.528135e-02 8.520798e-02 -5.066533e-01 -5.767089e-03 8.621306e-01 5.234488e+01
8.368468e-01 8.143935e-02 5.413457e-01 7.250347e-01 -7.089029e-02 9.966676e-01 -4.035065e-02 7.665491e-02 -5.428278e-01 -4.608839e-03 8.398313e-01 5.258587e+01
8.126311e-01 8.420634e-02 5.766628e-01 9.335996e-01 -7.149545e-02 9.964365e-01 -4.475205e-02 7.037043e-02 -5.783762e-01 -4.861852e-03 8.157557e-01 5.280687e+01
7.849218e-01 8.826464e-02 6.132757e-01 1.142898e+00 -7.448918e-02 9.960650e-01 -4.801940e-02 5.312634e-02 -6.151009e-01 -7.990928e-03 7.884079e-01 5.305715e+01
7.560172e-01 9.246624e-02 6.479877e-01 1.397655e+00 -7.749979e-02 9.956532e-01 -5.165705e-02 3.826124e-02 -6.499475e-01 -1.116529e-02 7.598970e-01 5.328602e+01
7.227316e-01 9.374116e-02 6.847420e-01 1.663011e+00 -7.704689e-02 9.955113e-01 -5.496401e-02 2.068170e-02 -6.868208e-01 -1.303301e-02 7.267100e-01 5.352837e+01
6.868261e-01 9.215725e-02 7.209556e-01 1.976389e+00 -7.380251e-02 9.956448e-01 -5.696107e-02 1.531931e-02 -7.230651e-01 -1.408598e-02 6.906363e-01 5.375918e+01
6.482783e-01 9.067365e-02 7.559852e-01 2.302062e+00 -7.023602e-02 9.957719e-01 -5.920458e-02 4.358387e-03 -7.581571e-01 -1.471635e-02 6.519058e-01 5.399018e+01
6.059179e-01 9.081000e-02 7.903272e-01 2.637997e+00 -6.834073e-02 9.957326e-01 -6.201687e-02 -4.185183e-03 -7.925863e-01 -1.643440e-02 6.095383e-01 5.422488e+01
5.610070e-01 9.036170e-02 8.228645e-01 3.019528e+00 -6.364513e-02 9.957904e-01 -6.595977e-02 -1.663904e-02 -8.253608e-01 -1.536743e-02 5.643965e-01 5.441837e+01
5.132104e-01 8.965168e-02 8.535676e-01 3.410941e+00 -6.042312e-02 9.958358e-01 -6.826475e-02 -3.530674e-02 -8.561333e-01 -1.654104e-02 5.164903e-01 5.461719e+01
4.627591e-01 8.824461e-02 8.820810e-01 3.812078e+00 -5.873142e-02 9.958989e-01 -6.881930e-02 -6.015810e-02 -8.845364e-01 -1.995911e-02 4.660440e-01 5.483625e+01
4.117075e-01 8.636776e-02 9.072142e-01 4.234795e+00 -5.744389e-02 9.959788e-01 -6.874934e-02 -7.057508e-02 -9.095038e-01 -2.380930e-02 4.150132e-01 5.502629e+01
3.609824e-01 8.653546e-02 9.285491e-01 4.680479e+00 -5.978163e-02 9.957848e-01 -6.956076e-02 -8.534682e-02 -9.306545e-01 -3.039997e-02 3.646340e-01 5.518785e+01
3.115494e-01 8.673900e-02 9.462628e-01 5.148704e+00 -5.612879e-02 9.957661e-01 -7.279677e-02 -1.134348e-01 -9.485708e-01 -3.043281e-02 3.150989e-01 5.532796e+01
2.648871e-01 8.371764e-02 9.606384e-01 5.644296e+00 -4.407384e-02 9.962341e-01 -7.466678e-02 -1.410442e-01 -9.632717e-01 -2.256076e-02 2.675793e-01 5.543032e+01
2.208027e-01 7.757528e-02 9.722285e-01 6.162275e+00 -3.087087e-02 9.968882e-01 -7.253183e-02 -1.867954e-01 -9.748298e-01 -1.399832e-02 2.225104e-01 5.551343e+01
1.792681e-01 7.677785e-02 9.807997e-01 6.674881e+00 -2.053589e-02 9.970249e-01 -7.429447e-02 -2.129962e-01 -9.835859e-01 -6.822962e-03 1.803115e-01 5.556650e+01
1.402047e-01 7.883163e-02 9.869793e-01 7.205147e+00 -1.686701e-02 9.968710e-01 -7.722566e-02 -2.398173e-01 -9.899789e-01 -5.819989e-03 1.410956e-01 5.562510e+01
1.077347e-01 7.971969e-02 9.909783e-01 7.756405e+00 -7.727858e-03 9.968169e-01 -7.934924e-02 -2.772084e-01 -9.941496e-01 8.905258e-04 1.080078e-01 5.565684e+01
7.841459e-02 7.807353e-02 9.938590e-01 8.320698e+00 -1.537103e-04 9.969296e-01 -7.830262e-02 -3.183035e-01 -9.969208e-01 5.987302e-03 7.818583e-02 5.569085e+01
5.403877e-02 7.690578e-02 9.955729e-01 8.897825e+00 7.544865e-03 9.969698e-01 -7.742322e-02 -3.542641e-01 -9.985103e-01 1.169532e-02 5.329477e-02 5.570387e+01
3.453779e-02 7.594529e-02 9.965136e-01 9.480084e+00 1.189495e-02 9.970067e-01 -7.639513e-02 -3.848570e-01 -9.993326e-01 1.449200e-02 3.353104e-02 5.568718e+01
1.882972e-02 7.795931e-02 9.967787e-01 1.008494e+01 1.441476e-02 9.968307e-01 -7.823568e-02 -4.232886e-01 -9.997188e-01 1.584149e-02 1.764628e-02 5.567949e+01
4.587307e-03 7.778365e-02 9.969597e-01 1.068518e+01 1.468440e-02 9.968575e-01 -7.784324e-02 -4.631058e-01 -9.998817e-01 1.499685e-02 3.430685e-03 5.569908e+01
-7.905450e-03 7.838707e-02 9.968917e-01 1.130385e+01 1.583619e-02 9.968076e-01 -7.825488e-02 -5.102268e-01 -9.998433e-01 1.516832e-02 -9.121565e-03 5.569877e+01
-1.665424e-02 8.124712e-02 9.965548e-01 1.193343e+01 2.088351e-02 9.965039e-01 -8.089397e-02 -5.581174e-01 -9.996432e-01 1.946434e-02 -1.829274e-02 5.567957e+01
-2.306049e-02 8.352891e-02 9.962385e-01 1.257219e+01 2.624692e-02 9.962106e-01 -8.291901e-02 -5.894858e-01 -9.993895e-01 2.423604e-02 -2.516548e-02 5.565305e+01
-2.763922e-02 8.340490e-02 9.961324e-01 1.322586e+01 2.647213e-02 9.962247e-01 -8.267811e-02 -6.292128e-01 -9.992674e-01 2.408459e-02 -2.974278e-02 5.564131e+01
-3.154472e-02 8.061920e-02 9.962457e-01 1.388685e+01 2.392891e-02 9.965170e-01 -7.988348e-02 -6.776282e-01 -9.992159e-01 2.131917e-02 -3.336397e-02 5.562344e+01
-3.405365e-02 7.389204e-02 9.966847e-01 1.456688e+01 2.180595e-02 9.970806e-01 -7.317635e-02 -7.213924e-01 -9.991821e-01 1.924173e-02 -3.556552e-02 5.558867e+01
-3.499489e-02 6.850383e-02 9.970369e-01 1.525283e+01 2.327851e-02 9.974332e-01 -6.771401e-02 -7.616987e-01 -9.991163e-01 2.083989e-02 -3.649973e-02 5.555798e+01
-3.566183e-02 6.574822e-02 9.971988e-01 1.594286e+01 2.605570e-02 9.975555e-01 -6.483993e-02 -8.153480e-01 -9.990242e-01 2.367040e-02 -3.728777e-02 5.555265e+01
-3.526712e-02 6.816994e-02 9.970502e-01 1.663856e+01 2.979758e-02 9.972990e-01 -6.713297e-02 -8.570649e-01 -9.989336e-01 2.734210e-02 -3.720317e-02 5.551754e+01
-3.401472e-02 7.531017e-02 9.965798e-01 1.733874e+01 3.079058e-02 9.967625e-01 -7.427304e-02 -9.063862e-01 -9.989469e-01 2.815889e-02 -3.622344e-02 5.546312e+01
-3.247347e-02 8.386091e-02 9.959482e-01 1.805971e+01 3.176485e-02 9.960570e-01 -8.283436e-02 -9.396052e-01 -9.989677e-01 2.894622e-02 -3.500925e-02 5.547593e+01
-3.031188e-02 8.452787e-02 9.959600e-01 1.879671e+01 3.226624e-02 9.959813e-01 -8.354766e-02 -9.881207e-01 -9.990196e-01 2.960339e-02 -3.291747e-02 5.545231e+01
-2.945148e-02 8.011386e-02 9.963505e-01 1.953345e+01 3.095236e-02 9.963780e-01 -7.920113e-02 -1.043086e+00 -9.990869e-01 2.850681e-02 -3.182452e-02 5.547260e+01
-2.671490e-02 7.368803e-02 9.969235e-01 2.026642e+01 3.006804e-02 9.968874e-01 -7.287962e-02 -1.103804e+00 -9.991908e-01 2.802856e-02 -2.884740e-02 5.543358e+01
-2.415687e-02 7.186368e-02 9.971219e-01 2.099201e+01 2.753302e-02 9.970824e-01 -7.119381e-02 -1.159779e+00 -9.993290e-01 2.573396e-02 -2.606502e-02 5.542519e+01
-2.114629e-02 7.654114e-02 9.968422e-01 2.171984e+01 3.459331e-02 9.965241e-01 -7.578288e-02 -1.223197e+00 -9.991777e-01 3.288155e-02 -2.372060e-02 5.542161e+01
-1.827375e-02 8.201142e-02 9.964638e-01 2.245545e+01 3.502359e-02 9.960711e-01 -8.133681e-02 -1.279035e+00 -9.992194e-01 3.341341e-02 -2.107429e-02 5.540282e+01
-1.643620e-02 8.243601e-02 9.964608e-01 2.318459e+01 2.879675e-02 9.962211e-01 -8.194118e-02 -1.331237e+00 -9.994501e-01 2.734803e-02 -1.874798e-02 5.539449e+01
-1.314109e-02 7.923670e-02 9.967692e-01 2.392680e+01 2.503595e-02 9.965688e-01 -7.889070e-02 -1.378492e+00 -9.996002e-01 2.391835e-02 -1.507977e-02 5.538540e+01
-9.667700e-03 7.558371e-02 9.970926e-01 2.466495e+01 2.888277e-02 9.967443e-01 -7.527726e-02 -1.434619e+00 -9.995361e-01 2.807104e-02 -1.181929e-02 5.540342e+01
-6.413332e-03 7.656773e-02 9.970438e-01 2.538798e+01 3.219543e-02 9.965632e-01 -7.632373e-02 -1.490815e+00 -9.994610e-01 3.161077e-02 -8.856421e-03 5.540298e+01
-3.633128e-03 8.175640e-02 9.966457e-01 2.612197e+01 3.184054e-02 9.961564e-01 -8.160019e-02 -1.530441e+00 -9.994864e-01 3.143728e-02 -6.222332e-03 5.539539e+01
2.149110e-04 8.247835e-02 9.965928e-01 2.685900e+01 2.776798e-02 9.962081e-01 -8.245250e-02 -1.583368e+00 -9.996144e-01 2.769109e-02 -2.076161e-03 5.540711e+01
3.894263e-03 8.213569e-02 9.966135e-01 2.759864e+01 2.648083e-02 9.962631e-01 -8.221028e-02 -1.636908e+00 -9.996417e-01 2.671130e-02 1.704690e-03 5.541310e+01
6.708089e-03 7.928854e-02 9.968291e-01 2.833145e+01 2.967644e-02 9.963967e-01 -7.945385e-02 -1.701629e+00 -9.995370e-01 3.011533e-02 4.330915e-03 5.544269e+01
1.045707e-02 7.940749e-02 9.967874e-01 2.906482e+01 3.390884e-02 9.962404e-01 -7.971965e-02 -1.771193e+00 -9.993702e-01 3.463354e-02 7.725144e-03 5.542650e+01
1.378077e-02 7.999910e-02 9.966997e-01 2.979886e+01 3.659021e-02 9.960864e-01 -8.045578e-02 -1.823685e+00 -9.992353e-01 3.757820e-02 1.079965e-02 5.542912e+01
1.619949e-02 8.012490e-02 9.966532e-01 3.053826e+01 3.781897e-02 9.960216e-01 -8.068883e-02 -1.873185e+00 -9.991533e-01 3.899951e-02 1.310480e-02 5.543397e+01
2.045303e-02 7.888717e-02 9.966737e-01 3.127899e+01 3.948169e-02 9.960409e-01 -7.964730e-02 -1.925201e+00 -9.990109e-01 4.097939e-02 1.725745e-02 5.543871e+01
2.454028e-02 7.849498e-02 9.966124e-01 3.201742e+01 4.173248e-02 9.959632e-01 -7.947145e-02 -1.974899e+00 -9.988274e-01 4.354136e-02 2.116542e-02 5.544794e+01
2.748920e-02 7.941566e-02 9.964625e-01 3.276012e+01 3.958721e-02 9.959707e-01 -8.046855e-02 -2.019140e+00 -9.988379e-01 4.165919e-02 2.423460e-02 5.546101e+01
3.041525e-02 8.154939e-02 9.962051e-01 3.350321e+01 3.613159e-02 9.959251e-01 -8.262961e-02 -2.073566e+00 -9.988841e-01 3.850767e-02 2.734480e-02 5.547823e+01
3.408879e-02 8.116260e-02 9.961178e-01 3.425048e+01 3.811285e-02 9.958665e-01 -8.244640e-02 -2.132068e+00 -9.986918e-01 4.077538e-02 3.085455e-02 5.546824e+01
3.670849e-02 8.155391e-02 9.959927e-01 3.499502e+01 3.483533e-02 9.959543e-01 -8.283466e-02 -2.178793e+00 -9.987187e-01 3.773647e-02 3.371902e-02 5.548894e+01
3.947772e-02 8.190026e-02 9.958584e-01 3.575012e+01 3.353758e-02 9.959651e-01 -8.323853e-02 -2.237915e+00 -9.986575e-01 3.668475e-02 3.657170e-02 5.551798e+01
4.187588e-02 8.232544e-02 9.957253e-01 3.650211e+01 3.030835e-02 9.960362e-01 -8.362578e-02 -2.292199e+00 -9.986630e-01 3.368069e-02 3.921475e-02 5.557068e+01
4.588166e-02 8.498212e-02 9.953255e-01 3.725639e+01 2.863799e-02 9.958534e-01 -8.634732e-02 -2.343663e+00 -9.985363e-01 3.246588e-02 4.325769e-02 5.560607e+01
4.885231e-02 8.839675e-02 9.948867e-01 3.801566e+01 2.686992e-02 9.955991e-01 -8.977946e-02 -2.408058e+00 -9.984445e-01 3.111846e-02 4.626211e-02 5.566380e+01
5.097669e-02 9.040620e-02 9.945995e-01 3.877873e+01 2.703011e-02 9.954046e-01 -9.186476e-02 -2.474903e+00 -9.983340e-01 3.156710e-02 4.829874e-02 5.571614e+01
5.391925e-02 9.307444e-02 9.941981e-01 3.955067e+01 2.128689e-02 9.953131e-01 -9.433329e-02 -2.528344e+00 -9.983184e-01 2.624976e-02 5.168527e-02 5.577170e+01
5.617718e-02 9.232699e-02 9.941428e-01 4.032497e+01 1.783739e-02 9.954635e-01 -9.345760e-02 -2.595795e+00 -9.982615e-01 2.298309e-02 5.427546e-02 5.583337e+01
5.956630e-02 9.247620e-02 9.939316e-01 4.109920e+01 2.057869e-02 9.953742e-01 -9.384370e-02 -2.668710e+00 -9.980122e-01 2.604373e-02 5.738772e-02 5.590491e+01
6.378560e-02 9.365488e-02 9.935593e-01 4.188298e+01 1.971926e-02 9.952741e-01 -9.508247e-02 -2.740755e+00 -9.977688e-01 2.565715e-02 6.163735e-02 5.594956e+01
6.734937e-02 9.430543e-02 9.932626e-01 4.267241e+01 1.565700e-02 9.953005e-01 -9.556056e-02 -2.809247e+00 -9.976066e-01 2.198746e-02 6.555631e-02 5.601590e+01
7.191210e-02 9.243988e-02 9.931181e-01 4.347881e+01 1.536970e-02 9.954750e-01 -9.377219e-02 -2.871999e+00 -9.972925e-01 2.200728e-02 7.016593e-02 5.608849e+01
7.590584e-02 9.253593e-02 9.928119e-01 4.425270e+01 1.566054e-02 9.954510e-01 -9.397925e-02 -2.938984e+00 -9.969920e-01 2.268154e-02 7.411138e-02 5.617218e+01
8.072638e-02 9.627155e-02 9.920761e-01 4.504304e+01 1.158961e-02 9.951666e-01 -9.751451e-02 -3.006466e+00 -9.966689e-01 1.936976e-02 7.922045e-02 5.624098e+01
8.687496e-02 1.048475e-01 9.906865e-01 4.584600e+01 9.864354e-03 9.943070e-01 -1.060956e-01 -3.084305e+00 -9.961704e-01 1.898954e-02 8.534613e-02 5.631132e+01
9.517693e-02 1.105723e-01 9.893003e-01 4.666285e+01 7.989874e-03 9.936950e-01 -1.118321e-01 -3.157214e+00 -9.954283e-01 1.854822e-02 9.369338e-02 5.637986e+01
1.016752e-01 1.137923e-01 9.882882e-01 4.745500e+01 3.705170e-03 9.933863e-01 -1.147605e-01 -3.227521e+00 -9.948108e-01 1.533007e-02 1.005811e-01 5.647673e+01
1.087408e-01 1.121433e-01 9.877243e-01 4.826697e+01 -5.737404e-04 9.936232e-01 -1.127499e-01 -3.309141e+00 -9.940700e-01 1.169382e-02 1.081117e-01 5.657962e+01
1.165395e-01 1.110108e-01 9.869626e-01 4.908041e+01 -5.074180e-04 9.937404e-01 -1.117132e-01 -3.390108e+00 -9.931859e-01 1.251821e-02 1.158664e-01 5.668134e+01
1.231587e-01 1.074350e-01 9.865544e-01 4.989479e+01 -1.122043e-03 9.941371e-01 -1.081207e-01 -3.473297e+00 -9.923864e-01 1.220905e-02 1.225572e-01 5.680160e+01
1.305088e-01 1.012082e-01 9.862679e-01 5.070350e+01 -3.728900e-03 9.948191e-01 -1.015922e-01 -3.568400e+00 -9.914401e-01 9.580983e-03 1.302100e-01 5.692052e+01
1.382374e-01 9.436547e-02 9.858933e-01 5.152566e+01 -6.568700e-03 9.955160e-01 -9.436548e-02 -3.636701e+00 -9.903773e-01 6.568801e-03 1.382374e-01 5.704041e+01
1.458085e-01 9.194574e-02 9.850309e-01 5.230789e+01 -8.520911e-03 9.957516e-01 -9.168514e-02 -3.723969e+00 -9.892761e-01 4.975114e-03 1.459725e-01 5.716552e+01
1.535197e-01 9.340994e-02 9.837206e-01 5.309391e+01 -9.081472e-03 9.956133e-01 -9.312196e-02 -3.806723e+00 -9.881039e-01 5.362427e-03 1.536946e-01 5.729684e+01
1.598225e-01 1.004435e-01 9.820223e-01 5.387780e+01 -8.872186e-03 9.949158e-01 -1.003183e-01 -3.873664e+00 -9.871059e-01 7.320445e-03 1.599011e-01 5.741781e+01
1.655823e-01 1.042009e-01 9.806756e-01 5.464055e+01 -1.118141e-02 9.945368e-01 -1.037857e-01 -3.946614e+00 -9.861326e-01 6.219738e-03 1.658428e-01 5.754186e+01
1.696163e-01 1.075260e-01 9.796267e-01 5.540275e+01 -1.339902e-02 9.941898e-01 -1.068045e-01 -4.022779e+00 -9.854191e-01 4.989747e-03 1.700715e-01 5.769698e+01
1.764960e-01 1.065312e-01 9.785194e-01 5.617624e+01 -1.640611e-02 9.943061e-01 -1.052907e-01 -4.108908e+00 -9.841646e-01 2.529693e-03 1.772388e-01 5.783108e+01
1.821297e-01 1.040170e-01 9.777573e-01 5.692238e+01 -1.247326e-02 9.945533e-01 -1.034804e-01 -4.179143e+00 -9.831954e-01 6.651034e-03 1.824351e-01 5.795241e+01
1.875388e-01 9.691551e-02 9.774644e-01 5.767226e+01 -1.028086e-02 9.952598e-01 -9.670741e-02 -4.242469e+00 -9.822034e-01 8.087210e-03 1.876462e-01 5.808638e+01
1.911113e-01 9.033387e-02 9.774028e-01 5.841245e+01 -1.129254e-02 9.958927e-01 -8.983472e-02 -4.312202e+00 -9.815034e-01 6.131066e-03 1.913464e-01 5.822832e+01
1.943136e-01 8.682986e-02 9.770889e-01 5.913162e+01 -1.473710e-02 9.962207e-01 -8.559925e-02 -4.382045e+00 -9.808288e-01 2.233637e-03 1.948588e-01 5.838914e+01
1.973387e-01 8.696751e-02 9.764702e-01 5.984103e+01 -1.629956e-02 9.962107e-01 -8.543162e-02 -4.442647e+00 -9.801999e-01 9.429258e-04 1.980084e-01 5.855064e+01
1.995903e-01 8.894431e-02 9.758343e-01 6.054382e+01 -1.826127e-02 9.960365e-01 -8.705065e-02 -4.500971e+00 -9.797093e-01 -4.455122e-04 2.004235e-01 5.869227e+01
2.014828e-01 9.309692e-02 9.750578e-01 6.123259e+01 -2.192277e-02 9.956521e-01 -9.053319e-02 -4.559431e+00 -9.792467e-01 -3.135088e-03 2.026477e-01 5.885137e+01
2.036350e-01 9.705582e-02 9.742243e-01 6.191013e+01 -2.298232e-02 9.952739e-01 -9.434903e-02 -4.626373e+00 -9.787771e-01 -3.177172e-03 2.049031e-01 5.899113e+01
2.062115e-01 1.025698e-01 9.731168e-01 6.258871e+01 -2.359205e-02 9.947230e-01 -9.984777e-02 -4.685965e+00 -9.782230e-01 -2.368059e-03 2.075431e-01 5.911076e+01
2.081467e-01 1.045087e-01 9.724983e-01 6.325535e+01 -2.255791e-02 9.945237e-01 -1.020475e-01 -4.753514e+00 -9.778375e-01 -6.966778e-04 2.093643e-01 5.925173e+01
2.085053e-01 1.047169e-01 9.723991e-01 6.391114e+01 -2.527948e-02 9.944963e-01 -1.016760e-01 -4.819662e+00 -9.776945e-01 -3.381752e-03 2.100049e-01 5.940631e+01
2.088824e-01 1.021994e-01 9.725859e-01 6.455968e+01 -2.478719e-02 9.947582e-01 -9.920573e-02 -4.877503e+00 -9.776266e-01 -3.385343e-03 2.103207e-01 5.955831e+01
2.091917e-01 9.951995e-02 9.727973e-01 6.519008e+01 -2.497681e-02 9.950270e-01 -9.642307e-02 -4.947038e+00 -9.775556e-01 -4.126469e-03 2.106371e-01 5.971890e+01
2.088595e-01 9.836504e-02 9.729861e-01 6.581829e+01 -2.435568e-02 9.951432e-01 -9.537688e-02 -5.010462e+00 -9.776423e-01 -3.777370e-03 2.102409e-01 5.985125e+01
2.079854e-01 9.755052e-02 9.732553e-01 6.643892e+01 -2.527669e-02 9.952181e-01 -9.435023e-02 -5.079032e+00 -9.778053e-01 -4.977200e-03 2.094566e-01 5.997674e+01
2.059378e-01 9.818332e-02 9.736271e-01 6.705758e+01 -2.594617e-02 9.951519e-01 -9.486591e-02 -5.140755e+00 -9.782210e-01 -5.725415e-03 2.074869e-01 6.013076e+01
2.037536e-01 1.006119e-01 9.738386e-01 6.762964e+01 -2.689134e-02 9.949052e-01 -9.716198e-02 -5.205193e+00 -9.786528e-01 -6.390726e-03 2.054211e-01 6.025876e+01
2.013396e-01 1.045023e-01 9.739310e-01 6.822878e+01 -2.443648e-02 9.945191e-01 -1.016597e-01 -5.260218e+00 -9.792166e-01 -3.331333e-03 2.027897e-01 6.040508e+01
1.993589e-01 1.052024e-01 9.742630e-01 6.880615e+01 -2.034546e-02 9.944505e-01 -1.032191e-01 -5.302606e+00 -9.797153e-01 7.558232e-04 2.003930e-01 6.053729e+01
1.975964e-01 1.037364e-01 9.747792e-01 6.938660e+01 -2.110437e-02 9.946047e-01 -1.015682e-01 -5.356708e+00 -9.800562e-01 -5.025916e-04 1.987196e-01 6.065024e+01
1.941249e-01 1.005472e-01 9.758103e-01 6.994929e+01 -2.106863e-02 9.949312e-01 -9.832606e-02 -5.415421e+00 -9.807506e-01 -1.471449e-03 1.952593e-01 6.078316e+01
1.919591e-01 9.636046e-02 9.766608e-01 7.050042e+01 -2.062222e-02 9.953444e-01 -9.415062e-02 -5.471583e+00 -9.811862e-01 -2.067846e-03 1.930525e-01 6.088537e+01
1.907989e-01 9.489995e-02 9.770311e-01 7.104643e+01 -1.546308e-02 9.954830e-01 -9.367250e-02 -5.522145e+00 -9.815073e-01 2.764704e-03 1.914045e-01 6.098027e+01
1.879661e-01 9.632938e-02 9.774402e-01 7.158411e+01 -1.187605e-02 9.953289e-01 -9.580854e-02 -5.580700e+00 -9.821037e-01 6.400623e-03 1.882321e-01 6.109386e+01
1.860525e-01 9.772537e-02 9.776677e-01 7.212372e+01 -6.720688e-03 9.951447e-01 -9.819336e-02 -5.629674e+00 -9.825168e-01 1.169852e-02 1.858059e-01 6.117810e+01
1.837476e-01 9.935055e-02 9.779398e-01 7.265807e+01 -7.831945e-03 9.949956e-01 -9.961170e-02 -5.684899e+00 -9.829423e-01 1.064424e-02 1.836062e-01 6.128436e+01
1.816666e-01 1.017691e-01 9.780799e-01 7.319849e+01 -8.626794e-03 9.947570e-01 -1.019020e-01 -5.743673e+00 -9.833223e-01 1.007450e-02 1.815921e-01 6.139413e+01
1.812324e-01 9.997311e-02 9.783456e-01 7.373773e+01 -6.592333e-03 9.949207e-01 -1.004457e-01 -5.798233e+00 -9.834182e-01 1.175443e-02 1.809709e-01 6.149512e+01
1.830839e-01 9.937748e-02 9.780616e-01 7.428731e+01 -1.485639e-03 9.949045e-01 -1.008107e-01 -5.844631e+00 -9.830962e-01 1.700378e-02 1.822987e-01 6.155195e+01
1.850451e-01 9.709130e-02 9.779221e-01 7.483460e+01 3.736241e-03 9.950309e-01 -9.949690e-02 -5.902957e+00 -9.827229e-01 2.206517e-02 1.837629e-01 6.165113e+01
1.850905e-01 9.709626e-02 9.779130e-01 7.538484e+01 4.510525e-03 9.950126e-01 -9.964777e-02 -5.971207e+00 -9.827111e-01 2.285476e-02 1.837294e-01 6.176068e+01
1.877482e-01 9.679224e-02 9.774364e-01 7.592744e+01 2.238451e-03 9.950879e-01 -9.897018e-02 -6.019209e+00 -9.822146e-01 2.076941e-02 1.866093e-01 6.189526e+01
1.935663e-01 9.725524e-02 9.762548e-01 7.648503e+01 2.038735e-03 9.950325e-01 -9.953012e-02 -6.064850e+00 -9.810851e-01 2.125601e-02 1.924065e-01 6.201950e+01
1.991124e-01 9.682068e-02 9.751820e-01 7.705830e+01 6.280714e-04 9.950946e-01 -9.892593e-02 -6.133319e+00 -9.799765e-01 2.030987e-02 1.980749e-01 6.215449e+01
2.063048e-01 9.757649e-02 9.736104e-01 7.761778e+01 -2.579661e-03 9.950661e-01 -9.918020e-02 -6.185356e+00 -9.784844e-01 1.794977e-02 2.055386e-01 6.228523e+01
2.148706e-01 9.471651e-02 9.720388e-01 7.818194e+01 -7.761413e-04 9.953024e-01 -9.681177e-02 -6.231236e+00 -9.766422e-01 2.004756e-02 2.139347e-01 6.242494e+01
2.235256e-01 9.416424e-02 9.701389e-01 7.877342e+01 -4.510696e-03 9.954117e-01 -9.557800e-02 -6.295195e+00 -9.746876e-01 1.698813e-02 2.229247e-01 6.257664e+01
2.333789e-01 9.398787e-02 9.678329e-01 7.934338e+01 -5.976647e-03 9.954376e-01 -9.522743e-02 -6.347699e+00 -9.723675e-01 1.643968e-02 2.328759e-01 6.271718e+01
2.435688e-01 9.741771e-02 9.649788e-01 7.995248e+01 -1.045790e-02 9.951488e-01 -9.782381e-02 -6.395324e+00 -9.698272e-01 1.373517e-02 2.434059e-01 6.286591e+01
2.536230e-01 9.915744e-02 9.622074e-01 8.054907e+01 -1.289948e-02 9.949903e-01 -9.913567e-02 -6.445459e+00 -9.672171e-01 1.273112e-02 2.536316e-01 6.303623e+01
2.640868e-01 1.016462e-01 9.591278e-01 8.115218e+01 -1.669706e-02 9.947640e-01 -1.008254e-01 -6.496524e+00 -9.643544e-01 1.061205e-02 2.644012e-01 6.322960e+01
2.743125e-01 1.028477e-01 9.561250e-01 8.176447e+01 -1.756913e-02 9.946344e-01 -1.019494e-01 -6.554474e+00 -9.614801e-01 1.116772e-02 2.746476e-01 6.342063e+01
2.849021e-01 1.041166e-01 9.528854e-01 8.240230e+01 -2.115836e-02 9.945244e-01 -1.023401e-01 -6.612339e+00 -9.583231e-01 8.995429e-03 2.855450e-01 6.359691e+01
2.954276e-01 1.044335e-01 9.496400e-01 8.304223e+01 -2.144596e-02 9.944819e-01 -1.026931e-01 -6.665485e+00 -9.551244e-01 9.972431e-03 2.960371e-01 6.381273e+01
3.058151e-01 1.054138e-01 9.462373e-01 8.369945e+01 -2.379296e-02 9.943876e-01 -1.030883e-01 -6.705093e+00 -9.517936e-01 9.012166e-03 3.066068e-01 6.405218e+01
3.167546e-01 1.002540e-01 9.431944e-01 8.437042e+01 -2.260615e-02 9.949139e-01 -9.815954e-02 -6.759141e+00 -9.482381e-01 9.770492e-03 3.174100e-01 6.427644e+01
3.276533e-01 9.315505e-02 9.401944e-01 8.505057e+01 -1.887665e-02 9.955742e-01 -9.206369e-02 -6.817483e+00 -9.446094e-01 1.241726e-02 3.279616e-01 6.451699e+01
3.389441e-01 8.834886e-02 9.366490e-01 8.574042e+01 -1.694304e-02 9.959927e-01 -8.781525e-02 -6.881816e+00 -9.406540e-01 1.389478e-02 3.390827e-01 6.476668e+01
3.486553e-01 8.571721e-02 9.333231e-01 8.644185e+01 -1.926214e-02 9.962541e-01 -8.430122e-02 -6.955739e+00 -9.370531e-01 1.141426e-02 3.490003e-01 6.503606e+01
3.577487e-01 8.311860e-02 9.301114e-01 8.714299e+01 -1.274665e-02 9.963726e-01 -8.413723e-02 -7.007145e+00 -9.337309e-01 1.824418e-02 3.575105e-01 6.531462e+01
3.665748e-01 7.780773e-02 9.271294e-01 8.786551e+01 -5.645584e-03 9.966646e-01 -8.141117e-02 -7.048447e+00 -9.303715e-01 2.460909e-02 3.657914e-01 6.561173e+01
3.732329e-01 6.996871e-02 9.250954e-01 8.858590e+01 1.716617e-03 9.970982e-01 -7.610714e-02 -7.106370e+00 -9.277361e-01 2.999373e-02 3.720297e-01 6.590071e+01
3.801011e-01 6.482733e-02 9.226704e-01 8.930552e+01 7.050933e-03 9.973088e-01 -7.297615e-02 -7.176333e+00 -9.249181e-01 3.424400e-02 3.786210e-01 6.619620e+01
3.872217e-01 6.486922e-02 9.197018e-01 9.001517e+01 9.490068e-03 9.971885e-01 -7.433018e-02 -7.224173e+00 -9.219378e-01 3.751029e-02 3.855174e-01 6.650334e+01
3.955069e-01 7.109045e-02 9.157076e-01 9.073902e+01 1.236222e-02 9.964976e-01 -8.270196e-02 -7.271676e+00 -9.183798e-01 4.402937e-02 3.932429e-01 6.680639e+01
4.029905e-01 7.439256e-02 9.121757e-01 9.145211e+01 1.666566e-02 9.959291e-01 -8.858581e-02 -7.336690e+00 -9.150524e-01 5.090124e-02 4.001101e-01 6.711481e+01
4.082057e-01 7.650183e-02 9.096788e-01 9.214955e+01 1.489570e-02 9.957916e-01 -9.042795e-02 -7.396676e+00 -9.127684e-01 5.046351e-02 4.053482e-01 6.743532e+01
4.127912e-01 7.719873e-02 9.075482e-01 9.283255e+01 9.701178e-03 9.959725e-01 -8.913286e-02 -7.451029e+00 -9.107740e-01 4.559755e-02 4.103797e-01 6.777388e+01
4.157499e-01 8.086045e-02 9.058773e-01 9.349601e+01 2.474084e-03 9.959356e-01 -9.003471e-02 -7.529225e+00 -9.094756e-01 3.967314e-02 4.138601e-01 6.812108e+01
4.194795e-01 8.432174e-02 9.038400e-01 9.417570e+01 6.839158e-04 9.956468e-01 -9.320406e-02 -7.599857e+00 -9.077645e-01 3.971535e-02 4.175958e-01 6.844534e+01
4.243007e-01 8.888079e-02 9.011488e-01 9.483310e+01 -3.816627e-03 9.953379e-01 -9.637368e-02 -7.673285e+00 -9.055133e-01 3.745207e-02 4.226618e-01 6.874197e+01
4.278159e-01 9.168009e-02 8.992043e-01 9.548622e+01 -5.751925e-03 9.950986e-01 -9.872057e-02 -7.732042e+00 -9.038476e-01 3.706207e-02 4.262463e-01 6.907767e+01
4.327155e-01 9.022384e-02 8.970044e-01 9.615262e+01 -5.944329e-03 9.952435e-01 -9.723751e-02 -7.790259e+00 -9.015109e-01 3.674409e-02 4.311936e-01 6.938896e+01
4.363639e-01 8.700275e-02 8.955541e-01 9.678315e+01 -4.170343e-03 9.954990e-01 -9.468034e-02 -7.852604e+00 -8.997606e-01 3.758032e-02 4.347627e-01 6.969872e+01
4.406634e-01 8.301755e-02 8.938254e-01 9.743081e+01 -2.167628e-03 9.958100e-01 -9.142111e-02 -7.909142e+00 -8.976698e-01 3.834846e-02 4.389970e-01 7.001838e+01
4.438476e-01 8.163239e-02 8.923763e-01 9.802432e+01 -1.683242e-03 9.959162e-01 -9.026676e-02 -7.961160e+00 -8.961007e-01 3.856260e-02 4.421725e-01 7.032695e+01
4.471521e-01 8.368721e-02 8.905343e-01 9.862150e+01 -5.058227e-03 9.958341e-01 -9.104284e-02 -8.029804e+00 -8.944436e-01 3.620548e-02 4.457127e-01 7.064066e+01
4.486634e-01 8.470316e-02 8.896777e-01 9.921329e+01 -5.046215e-03 9.957227e-01 -9.225453e-02 -8.090696e+00 -8.936866e-01 3.690173e-02 4.471718e-01 7.095678e+01
4.507934e-01 8.260946e-02 8.887975e-01 9.980301e+01 -2.684046e-03 9.958293e-01 -9.119622e-02 -8.149852e+00 -8.926243e-01 3.872508e-02 4.491350e-01 7.125365e+01
4.530322e-01 8.116665e-02 8.877915e-01 1.003860e+02 -3.421998e-04 9.958625e-01 -9.087245e-02 -8.209012e+00 -8.914941e-01 4.086435e-02 4.511856e-01 7.154662e+01
4.549309e-01 8.129010e-02 8.868088e-01 1.009572e+02 -1.974730e-03 9.959146e-01 -9.027835e-02 -8.268562e+00 -8.905245e-01 3.931920e-02 4.532329e-01 7.184370e+01
4.573050e-01 8.048083e-02 8.856607e-01 1.015229e+02 -8.000186e-05 9.959003e-01 -9.045710e-02 -8.318786e+00 -8.893099e-01 4.129563e-02 4.554367e-01 7.212328e+01
4.604005e-01 8.193557e-02 8.839219e-01 1.020705e+02 -1.122635e-03 9.957842e-01 -9.171996e-02 -8.378540e+00 -8.877106e-01 4.123559e-02 4.585515e-01 7.240407e+01
4.631691e-01 8.147253e-02 8.825172e-01 1.026133e+02 1.377678e-03 9.956983e-01 -9.264427e-02 -8.443239e+00 -8.862689e-01 4.412579e-02 4.610644e-01 7.269066e+01
4.667141e-01 8.111534e-02 8.806806e-01 1.031566e+02 3.167956e-03 9.956254e-01 -9.338122e-02 -8.496356e+00 -8.844026e-01 4.637228e-02 4.644154e-01 7.295408e+01
4.697002e-01 7.885473e-02 8.792972e-01 1.036831e+02 5.210289e-03 9.957380e-01 -9.208026e-02 -8.568964e+00 -8.828106e-01 4.783151e-02 4.672875e-01 7.323359e+01
4.727805e-01 7.837744e-02 8.776876e-01 1.041955e+02 6.450388e-03 9.957019e-01 -9.239071e-02 -8.617989e+00 -8.811566e-01 4.934195e-02 4.702429e-01 7.352208e+01
4.762869e-01 7.783971e-02 8.758377e-01 1.047090e+02 7.493426e-03 9.956784e-01 -9.256548e-02 -8.671865e+00 -8.792580e-01 5.065075e-02 4.736453e-01 7.379953e+01
