1.000000e+00 0.000000e+00 0.000000e+00 0.000000e+00 0.000000e+00 1.000000e+00 0.000000e+00 0.000000e+00 0.000000e+00 0.000000e+00 1.000000e+00 0.000000e+00
9.990372e-01 -4.780853e-04 4.386921e-02 2.115629e-02 5.921826e-04 9.999965e-01 -2.587892e-03 -2.574796e-02 -4.386782e-02 2.611378e-03 9.990339e-01 9.992408e-01
9.960329e-01 -4.805490e-03 8.885559e-02 1.092185e-01 5.482311e-03 9.999578e-01 -7.374601e-03 -5.096313e-02 -8.881640e-02 7.832480e-03 9.960172e-01 1.996526e+00
9.909754e-01 -4.262278e-03 1.339761e-01 2.626388e-01 5.855565e-03 9.999167e-01 -1.150055e-02 -5.625651e-02 -1.339159e-01 1.218126e-02 9.909178e-01 2.978292e+00
9.836110e-01 -2.158948e-03 1.802908e-01 4.330405e-01 4.848961e-03 9.998834e-01 -1.448103e-02 -5.850756e-02 -1.802385e-01 1.511792e-02 9.835068e-01 3.962202e+00
9.741869e-01 -4.348691e-03 2.257010e-01 6.677832e-01 7.708781e-03 9.998722e-01 -1.400817e-02 -9.072664e-02 -2.256113e-01 1.538646e-02 9.740959e-01 4.925897e+00
9.624847e-01 -4.734004e-03 2.712946e-01 9.204066e-01 9.205286e-03 9.998419e-01 -1.521111e-02 -1.280817e-01 -2.711797e-01 1.713780e-02 9.623761e-01 5.883659e+00
9.489506e-01 -7.064515e-03 3.153457e-01 1.231621e+00 1.336861e-02 9.997516e-01 -1.783246e-02 -1.614214e-01 -3.151414e-01 2.113786e-02 9.488093e-01 6.820443e+00
9.338839e-01 -9.248190e-03 3.574567e-01 1.591038e+00 1.736168e-02 9.996592e-01 -1.949539e-02 -1.919072e-01 -3.571546e-01 2.441248e-02 9.337262e-01 7.739537e+00
9.165218e-01 -8.395958e-03 3.998965e-01 1.980536e+00 1.801794e-02 9.996314e-01 -2.030767e-02 -2.212728e-01 -3.995786e-01 2.581774e-02 9.163353e-01 8.643630e+00
8.970113e-01 -8.994424e-03 4.419161e-01 2.413904e+00 1.940626e-02 9.996303e-01 -1.904555e-02 -2.451327e-01 -4.415814e-01 2.566001e-02 8.968542e-01 9.524145e+00
8.752652e-01 -9.055166e-03 4.835585e-01 2.897350e+00 2.037666e-02 9.996274e-01 -1.816366e-02 -2.750071e-01 -4.832138e-01 2.575132e-02 8.751236e-01 1.037575e+01
8.514289e-01 -9.871485e-03 5.243772e-01 3.405295e+00 2.201605e-02 9.996143e-01 -1.692946e-02 -3.117043e-01 -5.240078e-01 2.595894e-02 8.513178e-01 1.120851e+01
8.258098e-01 -9.630102e-03 5.638665e-01 3.923660e+00 2.354446e-02 9.995712e-01 -1.741063e-02 -3.325935e-01 -5.634570e-01 2.765380e-02 8.256824e-01 1.203355e+01
7.979779e-01 -1.119573e-02 6.025828e-01 4.460483e+00 2.702409e-02 9.994865e-01 -1.721697e-02 -3.480512e-01 -6.020806e-01 3.002301e-02 7.978707e-01 1.283754e+01
7.695572e-01 -9.852329e-03 6.385018e-01 5.085239e+00 2.757583e-02 9.994610e-01 -1.781383e-02 -3.782315e-01 -6.379822e-01 3.131598e-02 7.694141e-01 1.357691e+01
7.388933e-01 -1.303588e-02 6.736964e-01 5.725247e+00 3.256717e-02 9.993353e-01 -1.638193e-02 -4.136046e-01 -6.730350e-01 3.404488e-02 7.388266e-01 1.429838e+01
7.061296e-01 -1.185640e-02 7.079834e-01 6.373963e+00 3.248018e-02 9.993497e-01 -1.565929e-02 -4.461366e-01 -7.073373e-01 3.405291e-02 7.060555e-01 1.500618e+01
6.719783e-01 -1.109680e-02 7.404877e-01 7.074098e+00 3.436929e-02 9.992777e-01 -1.621449e-02 -4.860603e-01 -7.397729e-01 3.634582e-02 6.718743e-01 1.565595e+01
6.365323e-01 -1.212140e-02 7.711547e-01 7.816774e+00 3.878096e-02 9.991147e-01 -1.630628e-02 -5.157102e-01 -7.702744e-01 4.028560e-02 6.364389e-01 1.625199e+01
6.000954e-01 -1.027765e-02 7.998624e-01 8.578016e+00 3.906294e-02 9.991010e-01 -1.646918e-02 -5.336077e-01 -7.989741e-01 4.112806e-02 5.999574e-01 1.682336e+01
5.639537e-01 -9.009805e-03 8.257573e-01 9.425325e+00 4.262263e-02 9.989253e-01 -1.821004e-02 -5.158310e-01 -8.247057e-01 4.546557e-02 5.637316e-01 1.725879e+01
5.279135e-01 -7.735659e-03 8.492629e-01 1.032969e+01 4.953164e-02 9.985369e-01 -2.169420e-02 -3.865232e-01 -8.478525e-01 5.351804e-02 5.275243e-01 1.752838e+01
4.911172e-01 -7.005310e-03 8.710653e-01 9.413934e+00 5.209820e-02 9.984138e-01 -2.134412e-02 -4.464088e-01 -8.695342e-01 5.586340e-02 4.907032e-01 1.724466e+01
4.552481e-01 -1.066953e-02 8.903007e-01 8.456973e+00 5.982952e-02 9.980347e-01 -1.863271e-02 -5.502690e-01 -8.883522e-01 6.174876e-02 4.549917e-01 1.719911e+01
4.182130e-01 -1.198476e-02 9.082699e-01 9.334156e+00 6.428040e-02 9.977966e-01 -1.643185e-02 -5.898477e-01 -9.060717e-01 6.525596e-02 4.180619e-01 1.759964e+01
3.818445e-01 -8.765360e-03 9.241850e-01 1.019835e+01 6.640056e-02 9.976312e-01 -1.797269e-02 -5.788149e-01 -9.218382e-01 6.822918e-02 3.815220e-01 1.805538e+01
3.490615e-01 -9.587440e-03 9.370508e-01 1.113319e+01 6.754921e-02 9.976038e-01 -1.495581e-02 -5.960633e-01 -9.346621e-01 6.851754e-02 3.488727e-01 1.837213e+01
3.158739e-01 -1.100369e-02 9.487374e-01 1.207160e+01 7.029675e-02 9.974559e-01 -1.183596e-02 -6.078074e-01 -9.461935e-01 7.043183e-02 3.158438e-01 1.869666e+01
2.828698e-01 -1.059183e-02 9.590998e-01 1.302582e+01 7.035454e-02 9.974746e-01 -9.734222e-03 -6.225140e-01 -9.565746e-01 7.023055e-02 2.829006e-01 1.897028e+01
2.500113e-01 -7.217598e-03 9.682160e-01 1.398449e+01 6.758879e-02 9.976630e-01 -1.001556e-02 -6.406876e-01 -9.658810e-01 6.794455e-02 2.499148e-01 1.925628e+01
2.195673e-01 -5.627787e-03 9.755811e-01 1.497549e+01 6.785439e-02 9.976498e-01 -9.516424e-03 -6.650168e-01 -9.732348e-01 6.828696e-02 2.194331e-01 1.947678e+01
1.896559e-01 -5.057413e-03 9.818376e-01 1.598641e+01 7.000132e-02 9.975117e-01 -8.383600e-03 -6.737827e-01 -9.793521e-01 7.031992e-02 1.895380e-01 1.965791e+01
1.591358e-01 -5.279501e-03 9.872426e-01 1.701233e+01 7.171587e-02 9.974057e-01 -6.226186e-03 -6.920362e-01 -9.846485e-01 7.179177e-02 1.591016e-01 1.982341e+01
1.283439e-01 -5.722995e-03 9.917132e-01 1.805189e+01 7.036196e-02 9.975159e-01 -3.349503e-03 -7.005719e-01 -9.892305e-01 7.020877e-02 1.284277e-01 1.998953e+01
9.929200e-02 -6.219295e-03 9.950389e-01 1.911266e+01 7.072280e-02 9.974957e-01 -8.225693e-04 -7.133072e-01 -9.925419e-01 7.045361e-02 9.948319e-02 2.007442e+01
7.192572e-02 -5.227186e-03 9.973963e-01 2.018749e+01 7.316047e-02 9.973202e-01 -4.906945e-05 -6.928842e-01 -9.947232e-01 7.297351e-02 7.211539e-02 2.015152e+01
4.595874e-02 -5.310137e-03 9.989292e-01 2.127681e+01 7.668201e-02 9.970540e-01 1.772182e-03 -7.137073e-01 -9.959958e-01 7.651845e-02 4.623054e-02 2.023023e+01
2.190230e-02 -5.236537e-03 9.997464e-01 2.237639e+01 8.094438e-02 9.967127e-01 3.447329e-03 -7.298481e-01 -9.964779e-01 8.084835e-02 2.225417e-02 2.032791e+01
1.206429e-03 -5.249232e-03 9.999855e-01 2.349253e+01 8.610858e-02 9.962726e-01 5.125856e-03 -7.212844e-01 -9.962850e-01 8.610115e-02 1.653936e-03 2.031827e+01
-1.628400e-02 -5.960584e-03 9.998496e-01 2.462127e+01 9.048749e-02 9.958700e-01 7.410580e-03 -7.258731e-01 -9.957645e-01 9.059456e-02 -1.567739e-02 2.027844e+01
-3.243327e-02 -5.825950e-03 9.994569e-01 2.575653e+01 9.345683e-02 9.955841e-01 8.836133e-03 -7.258394e-01 -9.950949e-01 9.369266e-02 -3.174557e-02 2.026240e+01
-4.663464e-02 -6.552132e-03 9.988905e-01 2.689832e+01 9.602819e-02 9.953177e-01 1.101191e-02 -7.307246e-01 -9.942856e-01 9.643518e-02 -4.578709e-02 2.021962e+01
-6.030665e-02 -7.580125e-03 9.981511e-01 2.804684e+01 9.596350e-02 9.952952e-01 1.335639e-02 -7.248713e-01 -9.935563e-01 9.659156e-02 -5.929550e-02 2.017265e+01
-7.275256e-02 -7.338841e-03 9.973230e-01 2.920493e+01 9.586135e-02 9.952917e-01 1.431677e-02 -7.190554e-01 -9.927324e-01 9.664631e-02 -7.170651e-02 2.008274e+01
-8.335323e-02 -4.763894e-03 9.965087e-01 3.037882e+01 9.612983e-02 9.952865e-01 1.279886e-02 -7.239916e-01 -9.918726e-01 9.686104e-02 -8.250240e-02 1.996274e+01
-9.345898e-02 -1.515797e-03 9.956220e-01 3.157496e+01 9.626836e-02 9.952995e-01 1.055201e-02 -7.164957e-01 -9.909580e-01 9.683308e-02 -9.287375e-02 1.982902e+01
-1.024106e-01 2.357512e-05 9.947422e-01 3.279784e+01 9.818676e-02 9.951169e-01 1.008493e-02 -7.456651e-01 -9.898845e-01 9.870332e-02 -1.019129e-01 1.972137e+01
-1.095994e-01 8.291658e-04 9.939755e-01 3.404328e+01 9.850718e-02 9.950858e-01 1.003167e-02 -7.500947e-01 -9.890826e-01 9.901319e-02 -1.091425e-01 1.959432e+01
-1.143949e-01 1.597692e-03 9.934341e-01 3.530230e+01 9.863408e-02 9.950759e-01 9.757481e-03 -7.438352e-01 -9.885267e-01 9.910266e-02 -1.139892e-01 1.943304e+01
-1.205342e-01 3.131731e-03 9.927042e-01 3.658934e+01 9.925316e-02 9.950223e-01 8.912280e-03 -7.323497e-01 -9.877349e-01 9.960327e-02 -1.202451e-01 1.929053e+01
-1.253142e-01 4.629338e-03 9.921063e-01 3.789780e+01 9.860171e-02 9.950963e-01 7.811216e-03 -7.380933e-01 -9.872052e-01 9.880223e-02 -1.251562e-01 1.915035e+01
-1.291633e-01 5.720860e-03 9.916068e-01 3.922615e+01 9.897326e-02 9.950644e-01 7.151114e-03 -7.255296e-01 -9.866717e-01 9.906622e-02 -1.290921e-01 1.896383e+01
-1.318886e-01 4.940026e-03 9.912522e-01 4.057904e+01 9.873076e-02 9.950806e-01 8.177266e-03 -7.136114e-01 -9.863355e-01 9.894558e-02 -1.317275e-01 1.878334e+01
-1.342665e-01 3.168926e-03 9.909402e-01 4.194912e+01 9.894412e-02 9.950405e-01 1.022430e-02 -6.956742e-01 -9.859932e-01 9.942048e-02 -1.339142e-01 1.858817e+01
-1.354956e-01 2.395072e-03 9.907751e-01 4.333766e+01 9.931373e-02 9.949934e-01 1.117659e-02 -6.778484e-01 -9.857879e-01 9.991195e-02 -1.350550e-01 1.837472e+01
-1.372669e-01 3.074886e-03 9.905293e-01 4.475014e+01 1.031864e-01 9.945988e-01 1.121198e-02 -6.841207e-01 -9.851449e-01 1.037482e-01 -1.368427e-01 1.818957e+01
-1.377766e-01 2.981116e-03 9.904588e-01 4.618229e+01 1.032533e-01 9.945901e-01 1.136938e-02 -6.705329e-01 -9.850667e-01 1.038346e-01 -1.373391e-01 1.797481e+01
-1.384324e-01 4.432107e-03 9.903620e-01 4.763364e+01 1.052622e-01 9.943915e-01 1.026336e-02 -6.571901e-01 -9.847621e-01 1.056684e-01 -1.381225e-01 1.778324e+01
-1.385799e-01 4.657392e-03 9.903403e-01 4.910890e+01 1.059078e-01 9.943242e-01 1.014371e-02 -6.573139e-01 -9.846721e-01 1.062905e-01 -1.382866e-01 1.759737e+01
-1.382083e-01 5.952858e-03 9.903853e-01 5.059745e+01 1.018728e-01 9.947633e-01 8.237173e-03 -6.057580e-01 -9.851499e-01 1.020317e-01 -1.380910e-01 1.734529e+01
-1.368773e-01 5.910193e-03 9.905704e-01 5.211268e+01 1.026312e-01 9.946853e-01 8.246873e-03 -5.960540e-01 -9.852570e-01 1.027923e-01 -1.367564e-01 1.713251e+01
-1.353224e-01 5.562594e-03 9.907860e-01 5.364850e+01 1.017080e-01 9.947796e-01 8.306351e-03 -5.766665e-01 -9.855675e-01 1.018949e-01 -1.351817e-01 1.691054e+01
-1.338778e-01 7.189233e-03 9.909718e-01 5.520003e+01 1.037071e-01 9.945847e-01 6.795130e-03 -5.683702e-01 -9.855565e-01 1.036806e-01 -1.338984e-01 1.667681e+01
-1.328402e-01 8.078004e-03 9.911045e-01 5.678270e+01 1.027698e-01 9.946890e-01 5.667271e-03 -5.479644e-01 -9.857950e-01 1.026084e-01 -1.329649e-01 1.645501e+01
-1.317865e-01 8.935068e-03 9.912379e-01 5.838488e+01 1.038681e-01 9.945793e-01 4.844224e-03 -5.380320e-01 -9.858214e-01 1.035964e-01 -1.320001e-01 1.625159e+01
-1.306520e-01 8.719574e-03 9.913899e-01 6.000658e+01 1.041554e-01 9.945486e-01 4.978951e-03 -5.453850e-01 -9.859420e-01 1.039092e-01 -1.308480e-01 1.604397e+01
-1.297561e-01 7.065351e-03 9.915208e-01 6.164170e+01 1.062146e-01 9.943199e-01 6.814563e-03 -5.473342e-01 -9.858407e-01 1.061982e-01 -1.297695e-01 1.581900e+01
-1.288352e-01 4.796471e-03 9.916544e-01 6.328665e+01 1.084398e-01 9.940597e-01 9.280332e-03 -5.631994e-01 -9.857192e-01 1.087304e-01 -1.285900e-01 1.559795e+01
-1.284937e-01 5.579473e-03 9.916946e-01 6.495630e+01 1.093794e-01 9.939630e-01 8.580023e-03 -5.662231e-01 -9.856599e-01 1.095734e-01 -1.283282e-01 1.543915e+01
-1.275550e-01 7.499156e-03 9.918032e-01 6.663163e+01 1.102450e-01 9.938821e-01 6.663639e-03 -5.384296e-01 -9.856854e-01 1.101913e-01 -1.276013e-01 1.521388e+01
-1.274787e-01 6.940971e-03 9.918170e-01 6.832731e+01 1.095418e-01 9.939567e-01 7.123515e-03 -5.463917e-01 -9.857737e-01 1.095535e-01 -1.274686e-01 1.503569e+01
-1.280949e-01 6.879871e-03 9.917380e-01 7.004515e+01 1.100409e-01 9.939001e-01 7.318236e-03 -5.454759e-01 -9.856382e-01 1.100691e-01 -1.280707e-01 1.486897e+01
-1.280472e-01 6.876328e-03 9.917442e-01 7.176781e+01 1.089789e-01 9.940181e-01 7.178513e-03 -5.077736e-01 -9.857624e-01 1.089984e-01 -1.280306e-01 1.463932e+01
-1.275293e-01 7.027302e-03 9.918099e-01 7.351335e+01 1.116932e-01 9.937158e-01 7.320973e-03 -5.237991e-01 -9.855257e-01 1.117120e-01 -1.275128e-01 1.445475e+01
-1.283177e-01 6.600108e-03 9.917111e-01 7.527425e+01 1.134183e-01 9.935146e-01 8.063110e-03 -5.416461e-01 -9.852263e-01 1.135129e-01 -1.282341e-01 1.426178e+01
-1.285641e-01 7.788829e-03 9.916706e-01 7.704378e+01 1.148253e-01 9.933604e-01 7.084305e-03 -5.522841e-01 -9.850312e-01 1.147797e-01 -1.286048e-01 1.405438e+01
-1.302746e-01 7.565213e-03 9.914491e-01 7.883387e+01 1.157907e-01 9.932443e-01 7.635767e-03 -6.045624e-01 -9.846934e-01 1.157953e-01 -1.302704e-01 1.391439e+01
-1.316748e-01 8.394021e-03 9.912574e-01 8.063336e+01 1.149709e-01 9.933452e-01 6.860598e-03 -5.929553e-01 -9.846032e-01 1.148691e-01 -1.317636e-01 1.371309e+01
-1.317540e-01 9.138397e-03 9.912403e-01 8.244587e+01 1.144180e-01 9.934143e-01 6.049816e-03 -5.883285e-01 -9.846570e-01 1.142129e-01 -1.319319e-01 1.344624e+01
-1.327867e-01 8.459080e-03 9.911085e-01 8.427530e+01 1.136452e-01 9.934985e-01 6.746471e-03 -5.879007e-01 -9.846078e-01 1.135306e-01 -1.328847e-01 1.322071e+01
-1.340285e-01 7.778206e-03 9.909470e-01 8.612021e+01 1.138166e-01 9.934727e-01 7.596001e-03 -6.026847e-01 -9.844197e-01 1.138043e-01 -1.340389e-01 1.298223e+01
-1.336589e-01 6.637990e-03 9.910052e-01 8.796921e+01 1.115884e-01 9.937191e-01 8.393986e-03 -6.055325e-01 -9.847250e-01 1.117066e-01 -1.335601e-01 1.269152e+01
-1.354314e-01 7.367045e-03 9.907593e-01 8.984400e+01 1.112101e-01 9.937662e-01 7.812418e-03 -6.002171e-01 -9.845256e-01 1.112405e-01 -1.354065e-01 1.244661e+01
-1.365034e-01 8.425064e-03 9.906038e-01 9.172275e+01 1.111907e-01 9.937753e-01 6.869834e-03 -6.056312e-01 -9.843797e-01 1.110836e-01 -1.365905e-01 1.213950e+01
-1.407983e-01 9.350883e-03 9.899941e-01 9.361992e+01 1.108139e-01 9.938207e-01 6.373071e-03 -5.952490e-01 -9.838171e-01 1.106024e-01 -1.409645e-01 1.187820e+01
-1.454371e-01 8.444784e-03 9.893315e-01 9.552541e+01 1.089628e-01 9.940173e-01 7.533342e-03 -5.954840e-01 -9.833489e-01 1.088959e-01 -1.454872e-01 1.160154e+01
-1.485764e-01 8.406348e-03 9.888652e-01 9.743059e+01 1.073204e-01 9.941949e-01 7.673173e-03 -5.713359e-01 -9.830602e-01 1.072655e-01 -1.486160e-01 1.128774e+01
-1.526256e-01 8.776184e-03 9.882451e-01 9.935119e+01 1.056754e-01 9.943725e-01 7.490017e-03 -5.702208e-01 -9.826180e-01 1.055763e-01 -1.526941e-01 1.097989e+01
-1.573847e-01 1.057447e-02 9.874808e-01 1.012803e+02 1.063062e-01 9.943135e-01 6.295436e-03 -5.759628e-01 -9.817989e-01 1.059661e-01 -1.576139e-01 1.067110e+01
-1.609681e-01 1.165050e-02 9.868908e-01 1.032196e+02 1.064932e-01 9.942975e-01 5.631764e-03 -6.030063e-01 -9.811975e-01 1.060037e-01 -1.612909e-01 1.033781e+01
-1.622571e-01 1.098406e-02 9.866874e-01 1.051577e+02 1.058094e-01 9.943663e-01 6.330411e-03 -6.277006e-01 -9.810591e-01 1.054279e-01 -1.625052e-01 9.936356e+00
-1.694532e-01 1.099015e-02 9.854770e-01 1.071298e+02 1.033528e-01 9.946223e-01 6.679421e-03 -6.311333e-01 -9.801040e-01 1.029837e-01 -1.696778e-01 9.671100e+00
-1.753555e-01 9.838182e-03 9.844560e-01 1.091053e+02 1.024004e-01 9.947086e-01 8.299356e-03 -6.501734e-01 -9.791653e-01 1.022640e-01 -1.754351e-01 9.352160e+00
-1.807234e-01 9.170457e-03 9.834912e-01 1.110819e+02 1.022369e-01 9.947146e-01 9.511627e-03 -6.554655e-01 -9.782059e-01 1.022680e-01 -1.807057e-01 8.991543e+00
-1.857754e-01 8.917527e-03 9.825518e-01 1.130533e+02 1.020976e-01 9.947213e-01 1.027607e-02 -6.488486e-01 -9.772735e-01 1.022253e-01 -1.857052e-01 8.569121e+00
-1.929839e-01 1.024340e-02 9.811484e-01 1.150506e+02 1.030677e-01 9.946252e-01 9.888487e-03 -6.572917e-01 -9.757737e-01 1.030331e-01 -1.930024e-01 8.228388e+00
-1.978653e-01 1.168202e-02 9.801596e-01 1.170538e+02 1.023726e-01 9.947071e-01 8.810594e-03 -6.368300e-01 -9.748688e-01 1.020848e-01 -1.980139e-01 7.834969e+00
-2.039104e-01 1.192791e-02 9.789169e-01 1.190805e+02 1.032411e-01 9.946121e-01 9.386180e-03 -6.323187e-01 -9.735306e-01 1.029784e-01 -2.040432e-01 7.528657e+00
-2.099973e-01 1.211298e-02 9.776269e-01 1.211002e+02 1.019188e-01 9.947467e-01 9.567375e-03 -6.137531e-01 -9.723753e-01 1.016477e-01 -2.101287e-01 7.152563e+00
-2.151610e-01 1.370708e-02 9.764824e-01 1.231297e+02 1.014429e-01 9.948060e-01 8.387942e-03 -5.902177e-01 -9.712956e-01 1.008620e-01 -2.154339e-01 6.751040e+00
-2.203576e-01 1.414786e-02 9.753166e-01 1.251558e+02 1.007002e-01 9.948820e-01 8.319969e-03 -5.926820e-01 -9.702072e-01 1.000480e-01 -2.206545e-01 6.303911e+00
-2.279375e-01 1.303528e-02 9.735885e-01 1.272180e+02 1.017139e-01 9.947583e-01 1.049464e-02 -5.992340e-01 -9.683485e-01 1.014196e-01 -2.280686e-01 5.969094e+00
-2.324613e-01 1.338056e-02 9.725136e-01 1.292703e+02 1.032868e-01 9.945907e-01 1.100446e-02 -5.774551e-01 -9.671058e-01 1.030059e-01 -2.325858e-01 5.553939e+00
-2.362415e-01 1.429291e-02 9.715893e-01 1.313323e+02 1.050077e-01 9.944116e-01 1.090393e-02 -5.830017e-01 -9.660038e-01 1.046003e-01 -2.364221e-01 5.126123e+00
-2.406568e-01 1.445735e-02 9.705026e-01 1.334036e+02 1.050458e-01 9.944039e-01 1.123495e-02 -5.792370e-01 -9.649092e-01 1.046510e-01 -2.408288e-01 4.704554e+00
-2.441484e-01 1.396200e-02 9.696374e-01 1.354741e+02 1.040775e-01 9.944982e-01 1.188606e-02 -5.748432e-01 -9.641366e-01 1.038193e-01 -2.442583e-01 4.207468e+00
-2.475871e-01 1.464584e-02 9.687549e-01 1.375325e+02 1.014088e-01 9.947854e-01 1.087794e-02 -5.440420e-01 -9.635439e-01 1.009335e-01 -2.477813e-01 3.669603e+00
-2.509037e-01 1.561384e-02 9.678861e-01 1.396098e+02 9.959535e-02 9.949801e-01 9.767038e-03 -5.326402e-01 -9.628749e-01 9.884755e-02 -2.511993e-01 3.145550e+00
-2.544787e-01 1.501487e-02 9.669618e-01 1.416799e+02 9.749332e-02 9.951839e-01 1.020455e-02 -5.092719e-01 -9.621516e-01 9.686916e-02 -2.547169e-01 2.556389e+00
-2.586152e-01 1.570227e-02 9.658528e-01 1.437701e+02 9.764940e-02 9.951710e-01 9.967537e-03 -5.037375e-01 -9.610322e-01 9.689270e-02 -2.588996e-01 2.032137e+00
-2.623239e-01 1.635796e-02 9.648412e-01 1.458628e+02 9.764833e-02 9.951739e-01 9.676695e-03 -4.895539e-01 -9.600266e-01 9.675357e-02 -2.626552e-01 1.474293e+00
-2.658960e-01 1.618375e-02 9.638659e-01 1.479430e+02 9.647673e-02 9.952860e-01 9.903163e-03 -4.729947e-01 -9.591619e-01 9.562384e-02 -2.662039e-01 8.118848e-01
-2.707290e-01 1.485850e-02 9.625409e-01 1.500446e+02 9.568472e-02 9.953447e-01 1.154788e-02 -4.870208e-01 -9.578884e-01 9.522680e-02 -2.708904e-01 2.300572e-01
-2.742711e-01 1.491455e-02 9.615367e-01 1.521423e+02 9.644974e-02 9.952646e-01 1.207385e-02 -4.844943e-01 -9.568034e-01 9.605148e-02 -2.744108e-01 -4.128471e-01
-2.786634e-01 1.620476e-02 9.602521e-01 1.542684e+02 9.803990e-02 9.951142e-01 1.165792e-02 -4.724104e-01 -9.553716e-01 9.739165e-02 -2.788906e-01 -9.806828e-01
-2.811479e-01 1.688117e-02 9.595160e-01 1.563712e+02 9.795872e-02 9.951275e-01 1.119520e-02 -4.741740e-01 -9.546517e-01 9.714046e-02 -2.814317e-01 -1.646798e+00
-2.858827e-01 1.770160e-02 9.581011e-01 1.585137e+02 9.714470e-02 9.952138e-01 1.059920e-02 -4.806593e-01 -9.533279e-01 9.610457e-02 -2.862340e-01 -2.237574e+00
-2.890047e-01 1.906135e-02 9.571379e-01 1.606454e+02 9.821701e-02 9.951164e-01 9.838613e-03 -4.707734e-01 -9.522761e-01 9.685063e-02 -2.894654e-01 -2.885316e+00
-2.923011e-01 1.977961e-02 9.561218e-01 1.627862e+02 9.831527e-02 9.951103e-01 9.470303e-03 -4.844903e-01 -9.512593e-01 9.676955e-02 -2.928164e-01 -3.532104e+00
-2.961334e-01 1.945809e-02 9.549484e-01 1.649385e+02 9.782807e-02 9.951525e-01 1.005959e-02 -4.699865e-01 -9.501235e-01 9.639973e-02 -2.966014e-01 -4.172045e+00
-2.999235e-01 1.984728e-02 9.537568e-01 1.671042e+02 9.707198e-02 9.952290e-01 9.815472e-03 -4.366565e-01 -9.490116e-01 9.552695e-02 -3.004191e-01 -4.800693e+00
-3.028231e-01 2.084593e-02 9.528188e-01 1.692514e+02 9.971587e-02 9.949665e-01 9.923471e-03 -4.376206e-01 -9.478159e-01 9.801621e-02 -3.033775e-01 -5.515041e+00
-3.059665e-01 2.161563e-02 9.517969e-01 1.714212e+02 1.025791e-01 9.946706e-01 1.038597e-02 -4.371896e-01 -9.464999e-01 1.008122e-01 -3.065532e-01 -6.182279e+00
-3.075372e-01 2.081158e-02 9.513084e-01 1.735955e+02 1.035359e-01 9.945567e-01 1.171318e-02 -4.534109e-01 -9.458865e-01 1.020968e-01 -3.080179e-01 -6.871306e+00
-3.103766e-01 1.996019e-02 9.504041e-01 1.757591e+02 1.032653e-01 9.945710e-01 1.283590e-02 -4.645185e-01 -9.449882e-01 1.021277e-01 -3.107527e-01 -7.612387e+00
-3.120271e-01 2.111562e-02 9.498385e-01 1.779269e+02 1.027007e-01 9.946444e-01 1.162606e-02 -4.330855e-01 -9.445060e-01 1.011768e-01 -3.125245e-01 -8.363317e+00
-3.148097e-01 2.320073e-02 9.488712e-01 1.801011e+02 1.021505e-01 9.947229e-01 9.568915e-03 -4.300671e-01 -9.436420e-01 9.994005e-02 -3.155184e-01 -9.129625e+00
-3.200109e-01 2.439333e-02 9.470998e-01 1.823120e+02 1.003847e-01 9.949141e-01 8.293651e-03 -4.307718e-01 -9.420807e-01 9.772835e-02 -3.208321e-01 -9.815910e+00
-3.230690e-01 2.562053e-02 9.460285e-01 1.844983e+02 9.866173e-02 9.950982e-01 6.743563e-03 -3.888689e-01 -9.412185e-01 9.551544e-02 -3.240132e-01 -1.058867e+01
-3.275473e-01 2.640254e-02 9.444658e-01 1.867271e+02 9.673251e-02 9.952940e-01 5.724072e-03 -4.014803e-01 -9.398700e-01 9.323545e-02 -3.285599e-01 -1.124947e+01
-3.321967e-01 2.595613e-02 9.428529e-01 1.889340e+02 9.571004e-02 9.953892e-01 6.319229e-03 -3.881356e-01 -9.383416e-01 9.233972e-02 -3.331492e-01 -1.203517e+01
-3.363880e-01 2.498454e-02 9.413920e-01 1.911732e+02 9.510065e-02 9.954389e-01 7.563413e-03 -3.797283e-01 -9.369093e-01 9.207123e-02 -3.372298e-01 -1.274584e+01
-3.420630e-01 2.419014e-02 9.393656e-01 1.934042e+02 9.335664e-02 9.955977e-01 8.356922e-03 -3.558425e-01 -9.350280e-01 9.055461e-02 -3.428154e-01 -1.349180e+01
-3.459039e-01 2.389852e-02 9.379656e-01 1.956363e+02 9.371645e-02 9.955565e-01 9.194956e-03 -3.713236e-01 -9.335779e-01 9.108338e-02 -3.466065e-01 -1.428061e+01
-3.501934e-01 2.355204e-02 9.363813e-01 1.978590e+02 9.291000e-02 9.956272e-01 9.704831e-03 -3.895704e-01 -9.320581e-01 9.039775e-02 -3.508503e-01 -1.504741e+01
-3.551424e-01 2.431777e-02 9.344959e-01 2.000918e+02 9.139711e-02 9.957754e-01 8.821818e-03 -3.698476e-01 -9.303335e-01 8.854322e-02 -3.558647e-01 -1.587267e+01
-3.560051e-01 2.511198e-02 9.341465e-01 2.022889e+02 9.244610e-02 9.956817e-01 8.465213e-03 -3.934298e-01 -9.299000e-01 8.937186e-02 -3.567893e-01 -1.674431e+01
-3.600773e-01 2.551316e-02 9.325736e-01 2.045217e+02 9.327454e-02 9.956017e-01 8.776890e-03 -4.036753e-01 -9.282479e-01 9.014573e-02 -3.608733e-01 -1.756404e+01
-3.624118e-01 2.482995e-02 9.316872e-01 2.067357e+02 9.365704e-02 9.955553e-01 9.899063e-03 -4.020851e-01 -9.273004e-01 9.084661e-02 -3.631265e-01 -1.844659e+01
-3.654995e-01 2.408035e-02 9.305000e-01 2.089649e+02 9.468820e-02 9.954413e-01 1.143247e-02 -4.043441e-01 -9.259829e-01 9.228593e-02 -3.661135e-01 -1.929829e+01
-3.676890e-01 2.484389e-02 9.296169e-01 2.111763e+02 9.612571e-02 9.953037e-01 1.142100e-02 -4.045057e-01 -9.249674e-01 9.355946e-02 -3.683504e-01 -2.018707e+01
-3.701808e-01 2.567884e-02 9.286048e-01 2.133988e+02 9.596375e-02 9.953270e-01 1.073126e-02 -3.963702e-01 -9.239898e-01 9.308490e-02 -3.709151e-01 -2.107552e+01
-3.732301e-01 2.544160e-02 9.273899e-01 2.156395e+02 9.513474e-02 9.954039e-01 1.097972e-02 -4.010497e-01 -9.228481e-01 9.232496e-02 -3.739350e-01 -2.196009e+01
-3.762774e-01 2.645263e-02 9.261293e-01 2.178670e+02 9.530747e-02 9.953947e-01 1.029149e-02 -4.331243e-01 -9.215920e-01 9.213950e-02 -3.770657e-01 -2.281432e+01
-3.789553e-01 2.739068e-02 9.250095e-01 2.200745e+02 9.467954e-02 9.954643e-01 9.311117e-03 -4.224288e-01 -9.205589e-01 9.110797e-02 -3.798298e-01 -2.375244e+01
-3.810433e-01 2.725220e-02 9.241555e-01 2.222953e+02 9.227912e-02 9.956953e-01 8.686255e-03 -4.123437e-01 -9.199405e-01 8.859010e-02 -3.819178e-01 -2.466981e+01
-3.844485e-01 2.810114e-02 9.227186e-01 2.245420e+02 9.348073e-02 9.955837e-01 8.628303e-03 -4.350687e-01 -9.184012e-01 8.957354e-02 -3.853776e-01 -2.551782e+01
-3.879596e-01 2.777339e-02 9.212578e-01 2.267623e+02 9.501356e-02 9.954257e-01 1.000271e-02 -4.391675e-01 -9.167659e-01 9.141264e-02 -3.888238e-01 -2.644650e+01
-3.912584e-01 2.667053e-02 9.198943e-01 2.289763e+02 9.432528e-02 9.954778e-01 1.125743e-02 -4.201736e-01 -9.154341e-01 9.117385e-02 -3.920048e-01 -2.738470e+01
-3.951430e-01 2.641839e-02 9.182397e-01 2.311907e+02 9.285939e-02 9.956149e-01 1.131535e-02 -3.818753e-01 -9.139142e-01 8.973835e-02 -3.958635e-01 -2.831934e+01
-3.986390e-01 2.633183e-02 9.167298e-01 2.334134e+02 9.155289e-02 9.957371e-01 1.121047e-02 -4.039454e-01 -9.125267e-01 8.839819e-02 -3.993504e-01 -2.925317e+01
-4.016808e-01 2.568907e-02 9.154194e-01 2.355906e+02 8.966165e-02 9.959071e-01 1.139525e-02 -3.787547e-01 -9.113799e-01 8.665527e-02 -4.023400e-01 -3.028088e+01
-4.061270e-01 2.519203e-02 9.134693e-01 2.378112e+02 8.876378e-02 9.959805e-01 1.199667e-02 -3.785975e-01 -9.094954e-01 8.595516e-02 -4.067307e-01 -3.121455e+01
-4.098690e-01 2.543677e-02 9.117897e-01 2.400334e+02 8.823813e-02 9.960286e-01 1.187809e-02 -3.811937e-01 -9.078664e-01 8.532308e-02 -4.104857e-01 -3.213721e+01
-4.143715e-01 2.600339e-02 9.097363e-01 2.422435e+02 8.803896e-02 9.960491e-01 1.162994e-02 -3.490637e-01 -9.058396e-01 8.491135e-02 -4.150236e-01 -3.308146e+01
-4.187282e-01 2.652722e-02 9.077241e-01 2.444127e+02 8.714588e-02 9.961338e-01 1.108902e-02 -2.963528e-01 -9.039205e-01 8.374770e-02 -4.194211e-01 -3.411697e+01
-4.225212e-01 2.643986e-02 9.059673e-01 2.465806e+02 8.573578e-02 9.962582e-01 1.091017e-02 -2.726998e-01 -9.022889e-01 8.228360e-02 -4.232071e-01 -3.515096e+01
-4.255026e-01 2.695362e-02 9.045557e-01 2.487164e+02 8.527764e-02 9.963027e-01 1.042710e-02 -2.618825e-01 -9.009302e-01 8.157513e-02 -4.262279e-01 -3.625844e+01
-4.294057e-01 2.803314e-02 9.026765e-01 2.509264e+02 8.618527e-02 9.962283e-01 1.006013e-02 -2.514310e-01 -8.989899e-01 8.211729e-02 -4.302022e-01 -3.718882e+01
-4.331131e-01 2.900198e-02 9.008729e-01 2.531163e+02 8.636239e-02 9.962190e-01 9.449004e-03 -2.015242e-01 -8.971926e-01 8.189402e-02 -4.339801e-01 -3.818671e+01
-4.347291e-01 2.947606e-02 9.000788e-01 2.552009e+02 8.458479e-02 9.963823e-01 8.223777e-03 -1.744691e-01 -8.965802e-01 7.970809e-02 -4.356496e-01 -3.939918e+01
-4.387095e-01 2.985934e-02 8.981327e-01 2.573670e+02 8.477323e-02 9.963658e-01 8.283849e-03 -1.572953e-01 -8.946214e-01 7.977181e-02 -4.396464e-01 -4.046222e+01
-4.435691e-01 3.025068e-02 8.957295e-01 2.595666e+02 8.444071e-02 9.963951e-01 8.165032e-03 -1.388307e-01 -8.922534e-01 7.925779e-02 -4.445245e-01 -4.146564e+01
-4.454853e-01 3.158561e-02 8.947319e-01 2.616787e+02 8.524997e-02 9.963330e-01 7.273488e-03 -1.034457e-01 -8.912212e-01 7.951610e-02 -4.465444e-01 -4.263574e+01
-4.472091e-01 3.361499e-02 8.937975e-01 2.637741e+02 8.681536e-02 9.962065e-01 5.971312e-03 -6.720565e-02 -8.902062e-01 8.026578e-02 -4.484309e-01 -4.388156e+01
-4.485216e-01 3.419430e-02 8.931177e-01 2.658256e+02 8.683133e-02 9.962080e-01 5.465224e-03 -1.368422e-02 -8.895441e-01 8.000186e-02 -4.497899e-01 -4.515630e+01
-4.520755e-01 3.707351e-02 8.912089e-01 2.680341e+02 8.880601e-02 9.960424e-01 3.613338e-03 1.014942e-02 -8.875479e-01 8.077821e-02 -4.535787e-01 -4.618982e+01
-4.550451e-01 3.963856e-02 8.895857e-01 2.702351e+02 9.036758e-02 9.959068e-01 1.849196e-03 1.472971e-02 -8.858711e-01 8.123118e-02 -4.567646e-01 -4.727261e+01
-4.579962e-01 4.111660e-02 8.880027e-01 2.724080e+02 9.088863e-02 9.958608e-01 7.660391e-04 6.410344e-02 -8.842956e-01 8.106020e-02 -4.598375e-01 -4.841290e+01
-4.613323e-01 4.333246e-02 8.861686e-01 2.746307e+02 9.155749e-02 9.957993e-01 -1.029152e-03 9.342855e-02 -8.824906e-01 8.066059e-02 -4.633618e-01 -4.950390e+01
-4.657441e-01 4.411969e-02 8.838189e-01 2.768731e+02 9.079799e-02 9.958676e-01 -1.865465e-03 1.164565e-01 -8.802489e-01 7.938015e-02 -4.678255e-01 -5.056324e+01
-4.688015e-01 4.536216e-02 8.821380e-01 2.790751e+02 9.084011e-02 9.958612e-01 -2.934282e-03 1.342432e-01 -8.786201e-01 7.875791e-02 -4.709819e-01 -5.175935e+01
-4.705658e-01 4.612305e-02 8.811586e-01 2.812108e+02 8.987576e-02 9.959444e-01 -4.134938e-03 1.429316e-01 -8.777757e-01 7.724903e-02 -4.728027e-01 -5.303971e+01
-4.744659e-01 4.541289e-02 8.791017e-01 2.834283e+02 8.758653e-02 9.961481e-01 -4.187396e-03 1.129574e-01 -8.759057e-01 7.501069e-02 -4.766158e-01 -5.421500e+01
-4.772861e-01 4.492948e-02 8.775986e-01 2.856257e+02 8.637539e-02 9.962545e-01 -4.028520e-03 1.339073e-01 -8.744926e-01 7.388017e-02 -4.793793e-01 -5.547107e+01
-4.798568e-01 4.483999e-02 8.762002e-01 2.878402e+02 8.656780e-02 9.962396e-01 -3.573644e-03 1.431791e-01 -8.730656e-01 7.413589e-02 -4.819340e-01 -5.671014e+01
-4.822122e-01 4.452077e-02 8.749224e-01 2.900935e+02 8.610642e-02 9.962807e-01 -3.238704e-03 1.577070e-01 -8.718125e-01 7.377470e-02 -4.842523e-01 -5.791019e+01
-4.846491e-01 4.390981e-02 8.736059e-01 2.923450e+02 8.581738e-02 9.963078e-01 -2.468365e-03 1.228841e-01 -8.704887e-01 7.377427e-02 -4.866279e-01 -5.912293e+01
-4.880627e-01 4.323830e-02 8.717369e-01 2.946137e+02 8.486802e-02 9.963904e-01 -1.905750e-03 1.098236e-01 -8.686727e-01 7.305246e-02 -4.899705e-01 -6.034551e+01
-4.913248e-01 4.357810e-02 8.698856e-01 2.968896e+02 8.630235e-02 9.962683e-01 -1.164512e-03 9.463683e-02 -8.666902e-01 7.450101e-02 -4.932522e-01 -6.155083e+01
-4.940493e-01 4.315722e-02 8.683621e-01 2.991622e+02 8.652628e-02 9.962495e-01 -2.845798e-04 6.944979e-02 -8.651176e-01 7.499555e-02 -4.959306e-01 -6.279969e+01
-4.957815e-01 4.406058e-02 8.673288e-01 3.013995e+02 8.511518e-02 9.963692e-01 -1.962424e-03 7.961212e-02 -8.642662e-01 7.284992e-02 -4.977317e-01 -6.412673e+01
-4.997100e-01 4.549781e-02 8.649970e-01 3.036760e+02 8.181478e-02 9.966342e-01 -5.157248e-03 8.547126e-02 -8.623202e-01 6.819241e-02 -5.017505e-01 -6.541272e+01
-5.037287e-01 4.575972e-02 8.626491e-01 3.059800e+02 7.919657e-02 9.968370e-01 -6.632361e-03 1.181856e-01 -8.602240e-01 6.497793e-02 -5.057594e-01 -6.667783e+01
-5.064992e-01 4.355471e-02 8.611397e-01 3.082008e+02 7.600001e-02 9.970914e-01 -5.729717e-03 9.138113e-02 -8.588845e-01 6.254453e-02 -5.083361e-01 -6.810565e+01
-5.128791e-01 3.951231e-02 8.575511e-01 3.104972e+02 7.030418e-02 9.975179e-01 -3.914280e-03 9.985036e-02 -8.555772e-01 5.828187e-02 -5.143840e-01 -6.943006e+01
-5.156532e-01 3.889658e-02 8.559140e-01 3.127479e+02 7.036616e-02 9.975169e-01 -2.938918e-03 6.623375e-02 -8.539030e-01 5.871192e-02 -5.171098e-01 -7.084384e+01
-5.216641e-01 3.972384e-02 8.522257e-01 3.150766e+02 7.085453e-02 9.974818e-01 -3.123045e-03 6.039079e-02 -8.502036e-01 5.875487e-02 -5.231650e-01 -7.213917e+01
-5.255339e-01 4.114250e-02 8.497773e-01 3.173495e+02 7.349277e-02 9.972917e-01 -2.833839e-03 2.451290e-02 -8.475924e-01 6.096321e-02 -5.271343e-01 -7.355681e+01
-5.303622e-01 4.268319e-02 8.466960e-01 3.196675e+02 7.330066e-02 9.973004e-01 -4.360555e-03 4.712541e-02 -8.445963e-01 5.975070e-02 -5.320591e-01 -7.492615e+01
-5.348765e-01 4.259314e-02 8.438560e-01 3.219651e+02 7.439108e-02 9.972241e-01 -3.181654e-03 -3.284771e-03 -8.416490e-01 6.107357e-02 -5.365603e-01 -7.632428e+01
-5.409877e-01 4.040792e-02 8.400592e-01 3.243019e+02 7.312170e-02 9.973226e-01 -8.830316e-04 -3.453252e-02 -8.378458e-01 6.094885e-02 -5.424940e-01 -7.766349e+01
-5.459538e-01 3.823716e-02 8.369423e-01 3.266054e+02 7.108407e-02 9.974700e-01 7.983820e-04 -5.336785e-02 -8.347943e-01 5.992914e-02 -5.472906e-01 -7.905643e+01
-5.481179e-01 3.785261e-02 8.355441e-01 3.288398e+02 7.080741e-02 9.974892e-01 1.260538e-03 -8.881547e-02 -8.333985e-01 5.985364e-02 -5.494219e-01 -8.056996e+01
-5.517089e-01 3.771582e-02 8.331835e-01 3.310827e+02 7.124747e-02 9.974566e-01 2.025928e-03 -1.184036e-01 -8.309880e-01 6.047994e-02 -5.529929e-01 -8.207636e+01
-5.545649e-01 3.793790e-02 8.312752e-01 3.333254e+02 7.408814e-02 9.972440e-01 3.913665e-03 -1.802479e-01 -8.288358e-01 6.375802e-02 -5.558473e-01 -8.358310e+01
-5.585510e-01 3.845184e-02 8.285785e-01 3.355834e+02 7.644146e-02 9.970602e-01 5.259188e-03 -2.101676e-01 -8.259404e-01 6.627527e-02 -5.598482e-01 -8.507250e+01
-5.616507e-01 3.719285e-02 8.265381e-01 3.378165e+02 7.545063e-02 9.971290e-01 6.401192e-03 -2.478013e-01 -8.239270e-01 6.595805e-02 -5.628444e-01 -8.659785e+01
-5.645298e-01 3.707167e-02 8.245798e-01 3.400663e+02 7.658217e-02 9.970343e-01 7.605325e-03 -2.780766e-01 -8.218523e-01 6.744154e-02 -5.656946e-01 -8.811871e+01
-5.673875e-01 3.698866e-02 8.226197e-01 3.423379e+02 7.760549e-02 9.969462e-01 8.699866e-03 -2.783637e-01 -8.197858e-01 6.877600e-02 -5.685254e-01 -8.960581e+01
-5.692979e-01 3.591667e-02 8.213464e-01 3.445554e+02 7.534340e-02 9.971204e-01 8.619503e-03 -2.900351e-01 -8.186717e-01 6.679009e-02 -5.703646e-01 -9.117408e+01
-5.706770e-01 3.592668e-02 8.203884e-01 3.467842e+02 7.327815e-02 9.972848e-01 7.300226e-03 -2.995627e-01 -8.178986e-01 6.428262e-02 -5.717601e-01 -9.273314e+01
-5.705909e-01 3.589170e-02 8.204498e-01 3.489726e+02 7.105110e-02 9.974559e-01 5.778198e-03 -3.188772e-01 -8.181551e-01 6.159085e-02 -5.716894e-01 -9.434084e+01
-5.746889e-01 3.335720e-02 8.176918e-01 3.512652e+02 6.876311e-02 9.976038e-01 7.631397e-03 -3.087306e-01 -8.154779e-01 6.061271e-02 -5.756056e-01 -9.582103e+01
-5.777129e-01 3.266385e-02 8.155862e-01 3.535040e+02 6.989409e-02 9.975086e-01 9.559069e-03 -3.228731e-01 -8.132420e-01 6.252706e-02 -5.785566e-01 -9.736526e+01
-5.791959e-01 3.319326e-02 8.145123e-01 3.557036e+02 6.991278e-02 9.975119e-01 9.063730e-03 -3.317374e-01 -8.121849e-01 6.219450e-02 -5.800754e-01 -9.896486e+01
-5.814697e-01 3.287959e-02 8.129034e-01 3.579371e+02 6.895178e-02 9.975796e-01 8.971986e-03 -3.242738e-01 -8.106409e-01 6.126807e-02 -5.823295e-01 -1.005370e+02
-5.850614e-01 2.888739e-02 8.104743e-01 3.601445e+02 6.705237e-02 9.976668e-01 1.284405e-02 -3.397329e-01 -8.082123e-01 6.185878e-02 -5.856333e-01 -1.021277e+02
-5.871140e-01 2.670160e-02 8.090637e-01 3.623359e+02 6.484935e-02 9.977950e-01 1.412898e-02 -3.314050e-01 -8.069025e-01 6.076258e-02 -5.875510e-01 -1.037417e+02
-5.874744e-01 2.621027e-02 8.088181e-01 3.644369e+02 6.380759e-02 9.978639e-01 1.400939e-02 -3.001614e-01 -8.067232e-01 5.983890e-02 -5.878919e-01 -1.054679e+02
-5.872715e-01 2.848582e-02 8.088886e-01 3.666157e+02 6.579890e-02 9.977529e-01 1.263462e-02 -2.338798e-01 -8.067111e-01 6.064393e-02 -5.878261e-01 -1.070965e+02
-5.889114e-01 2.761368e-02 8.077257e-01 3.688059e+02 6.563523e-02 9.977490e-01 1.374453e-02 -2.331774e-01 -8.055280e-01 6.110957e-02 -5.893982e-01 -1.086978e+02
-5.917172e-01 2.671063e-02 8.057030e-01 3.709784e+02 6.494317e-02 9.977819e-01 1.461656e-02 -2.255502e-01 -8.035255e-01 6.097378e-02 -5.921393e-01 -1.103306e+02
-5.922387e-01 2.564080e-02 8.053545e-01 3.731382e+02 6.187322e-02 9.979896e-01 1.372622e-02 -2.337755e-01 -8.033835e-01 5.795907e-02 -5.926346e-01 -1.119846e+02
-5.949380e-01 2.165428e-02 8.034798e-01 3.753207e+02 5.093382e-02 9.986436e-01 1.079997e-02 -2.596003e-01 -8.021561e-01 4.734961e-02 -5.952340e-01 -1.135594e+02
-6.013385e-01 2.516923e-02 7.985978e-01 3.775541e+02 4.376550e-02 9.990408e-01 1.468568e-03 -2.329634e-01 -7.977948e-01 3.583414e-02 -6.018633e-01 -1.150861e+02
-5.912202e-01 3.602704e-02 8.057051e-01 3.776812e+02 5.112708e-02 9.986666e-01 -7.138645e-03 1.888480e-01 -8.048880e-01 3.697284e-02 -5.922739e-01 -1.177577e+02
-6.183319e-01 2.634176e-02 7.854755e-01 3.801701e+02 5.189651e-02 9.986253e-01 7.363334e-03 -4.791265e-01 -7.842018e-01 4.531642e-02 -6.188489e-01 -1.169027e+02
-6.200659e-01 1.607405e-02 7.843851e-01 3.822580e+02 4.858500e-02 9.986579e-01 1.794198e-02 -4.831108e-01 -7.830439e-01 4.923456e-02 -6.200146e-01 -1.186385e+02
-6.225163e-01 5.917324e-03 7.825844e-01 3.843755e+02 4.290190e-02 9.987258e-01 2.657521e-02 -4.232676e-01 -7.814300e-01 5.011786e-02 -6.219770e-01 -1.203270e+02
-6.271630e-01 9.160380e-05 7.788880e-01 3.865545e+02 3.781688e-02 9.988242e-01 3.033279e-02 -3.743511e-01 -7.779695e-01 4.847872e-02 -6.264290e-01 -1.219204e+02
-6.271630e-01 9.160380e-05 7.788880e-01 3.865545e+02 3.781688e-02 9.988242e-01 3.033279e-02 -3.743511e-01 -7.779695e-01 4.847872e-02 -6.264290e-01 -1.219204e+02
-6.310997e-01 7.758949e-03 7.756629e-01 3.891375e+02 4.604613e-02 9.985614e-01 2.747574e-02 -7.969568e-01 -7.743338e-01 5.305620e-02 -6.305491e-01 -1.212872e+02
-6.341517e-01 1.412525e-02 7.730796e-01 3.912859e+02 5.038968e-02 9.984627e-01 2.309098e-02 -7.525171e-01 -7.715650e-01 5.359842e-02 -6.338886e-01 -1.229134e+02
-6.394363e-01 1.644206e-02 7.686683e-01 3.934603e+02 5.084776e-02 9.984868e-01 2.094104e-02 -7.534167e-01 -7.671608e-01 5.247552e-02 -6.393047e-01 -1.245087e+02
-6.437350e-01 1.642267e-02 7.650723e-01 3.954848e+02 5.007582e-02 9.985309e-01 2.070002e-02 -5.759037e-01 -7.636083e-01 5.163695e-02 -6.436116e-01 -1.262818e+02
-6.522822e-01 1.498054e-02 7.578282e-01 3.981281e+02 4.994893e-02 9.984810e-01 2.325464e-02 -7.311608e-01 -7.563287e-01 5.302130e-02 -6.520396e-01 -1.267783e+02
-6.629021e-01 1.364312e-02 7.485818e-01 4.008095e+02 4.934838e-02 9.984560e-01 2.550301e-02 -8.020177e-01 -7.470780e-01 5.384730e-02 -6.625518e-01 -1.269041e+02
-6.674268e-01 1.440432e-02 7.445361e-01 4.029192e+02 4.973421e-02 9.984428e-01 2.526682e-02 -6.739478e-01 -7.430127e-01 5.389267e-02 -6.671039e-01 -1.285826e+02
-6.694189e-01 1.335565e-02 7.427651e-01 4.049942e+02 4.805628e-02 9.985227e-01 2.535642e-02 -6.493285e-01 -7.413292e-01 5.266860e-02 -6.690718e-01 -1.302961e+02
-6.718327e-01 1.271245e-02 7.405939e-01 4.068733e+02 4.657591e-02 9.985991e-01 2.511036e-02 -5.869821e-01 -7.392371e-01 5.136379e-02 -6.714836e-01 -1.322258e+02
-6.760296e-01 1.188497e-02 7.367786e-01 4.089316e+02 4.750876e-02 9.984926e-01 2.748489e-02 -5.588253e-01 -7.353413e-01 5.358404e-02 -6.755752e-01 -1.339648e+02
-6.819644e-01 1.136455e-02 7.312970e-01 4.108850e+02 4.888713e-02 9.983514e-01 3.007460e-02 -5.039909e-01 -7.297496e-01 5.626082e-02 -6.813958e-01 -1.358051e+02
-6.790806e-01 1.200508e-02 7.339656e-01 4.096951e+02 5.138498e-02 9.981909e-01 3.121561e-02 -7.424746e-03 -7.322630e-01 5.891272e-02 -6.784690e-01 -1.381750e+02
-6.823077e-01 1.206334e-02 7.309656e-01 4.117377e+02 5.012464e-02 9.982828e-01 3.031305e-02 1.285903e-02 -7.293447e-01 5.732221e-02 -6.817407e-01 -1.399198e+02
-6.752027e-01 1.413424e-02 7.374968e-01 4.107516e+02 4.716976e-02 9.985974e-01 2.404720e-02 5.340631e-01 -7.361225e-01 5.102428e-02 -6.749223e-01 -1.423606e+02
-6.700750e-01 1.475821e-02 7.421467e-01 4.102399e+02 4.517027e-02 9.987602e-01 2.092249e-02 8.378224e-01 -7.409178e-01 4.754261e-02 -6.699108e-01 -1.449774e+02
-6.789204e-01 1.434606e-02 7.340717e-01 4.128596e+02 4.330536e-02 9.988509e-01 2.053113e-02 9.302239e-01 -7.329337e-01 4.572824e-02 -6.787615e-01 -1.443995e+02
-6.833151e-01 1.230359e-02 7.300200e-01 4.151059e+02 3.809853e-02 9.990967e-01 1.882253e-02 1.031209e+00 -7.291290e-01 4.067441e-02 -6.831666e-01 -1.458718e+02
-6.809386e-01 9.569409e-03 7.322780e-01 4.169207e+02 3.008611e-02 9.994360e-01 1.491617e-02 1.164960e+00 -7.317222e-01 3.218839e-02 -6.808425e-01 -1.478406e+02
-6.825901e-01 8.871450e-03 7.307476e-01 4.188940e+02 2.891875e-02 9.994710e-01 1.487914e-02 1.165778e+00 -7.302291e-01 3.128866e-02 -6.824855e-01 -1.496592e+02
-6.825184e-01 7.465803e-03 7.308303e-01 4.208312e+02 2.940651e-02 9.994186e-01 1.725300e-02 1.183791e+00 -7.302766e-01 3.326666e-02 -6.823411e-01 -1.515030e+02
-6.820279e-01 7.556599e-03 7.312871e-01 4.228471e+02 3.320931e-02 9.992351e-01 2.064696e-02 1.218576e+00 -7.305717e-01 3.836734e-02 -6.817572e-01 -1.532689e+02
-6.809377e-01 6.284959e-03 7.323144e-01 4.248356e+02 3.739820e-02 9.989569e-01 2.620110e-02 1.251879e+00 -7.313858e-01 4.522856e-02 -6.804625e-01 -1.550533e+02
-6.773808e-01 6.013243e-03 7.356080e-01 4.267592e+02 4.162315e-02 9.986779e-01 3.016475e-02 1.294599e+00 -7.344541e-01 5.105134e-02 -6.767355e-01 -1.569111e+02
-6.753036e-01 3.566554e-03 7.375312e-01 4.287808e+02 3.632150e-02 9.989358e-01 2.842629e-02 1.336061e+00 -7.366449e-01 4.598462e-02 -6.747145e-01 -1.586574e+02
-6.737843e-01 3.342647e-03 7.389206e-01 4.307365e+02 3.018544e-02 9.992796e-01 2.300414e-02 1.379346e+00 -7.383113e-01 3.780447e-02 -6.733997e-01 -1.604623e+02
-6.721210e-01 1.606919e-03 7.404396e-01 4.326774e+02 2.596890e-02 9.994336e-01 2.140382e-02 1.450610e+00 -7.399858e-01 3.361436e-02 -6.717820e-01 -1.623081e+02
