1.000000e+00 0.000000e+00 0.000000e+00 0.000000e+00 0.000000e+00 1.000000e+00 0.000000e+00 0.000000e+00 0.000000e+00 0.000000e+00 1.000000e+00 0.000000e+00
9.999982e-01 9.924514e-04 1.587957e-03 -8.406936e-03 -9.853133e-04 9.999894e-01 -4.489671e-03 -6.086078e-03 -1.592396e-03 4.488098e-03 9.999887e-01 9.632662e-01
9.999969e-01 -1.154782e-03 2.223107e-03 1.442082e-03 1.165591e-03 9.999875e-01 -4.867052e-03 -1.168854e-02 -2.217459e-03 4.869628e-03 9.999857e-01 1.926950e+00
9.999950e-01 -2.947604e-03 1.105030e-03 1.777612e-02 2.948761e-03 9.999951e-01 -1.046442e-03 -7.959844e-03 -1.101940e-03 1.049695e-03 9.999988e-01 2.887678e+00
9.999886e-01 -4.658893e-03 1.077270e-03 2.429403e-02 4.653241e-03 9.999757e-01 5.190843e-03 -1.044253e-02 -1.101427e-03 -5.185771e-03 9.999859e-01 3.846317e+00
9.999667e-01 -8.113174e-03 -8.218844e-04 4.789466e-02 8.117018e-03 9.999556e-01 4.787363e-03 1.604926e-03 7.830072e-04 -4.793875e-03 9.999882e-01 4.778690e+00
9.999414e-01 -1.067371e-02 -1.831100e-03 4.269576e-02 1.067698e-02 9.999414e-01 1.785212e-03 1.043245e-02 1.811937e-03 -1.804658e-03 9.999967e-01 5.716174e+00
9.999354e-01 -1.078719e-02 -3.573520e-03 6.616864e-02 1.078238e-02 9.999409e-01 -1.362558e-03 7.303414e-03 3.588007e-03 1.323939e-03 9.999927e-01 6.645849e+00
9.999332e-01 -1.053389e-02 -4.751856e-03 6.953518e-02 1.052164e-02 9.999413e-01 -2.595357e-03 2.382035e-02 4.778916e-03 2.545186e-03 9.999853e-01 7.575171e+00
9.999265e-01 -1.047841e-02 -6.093446e-03 6.627278e-02 1.047688e-02 9.999451e-01 -2.818696e-04 1.317638e-02 6.096065e-03 2.180085e-04 9.999814e-01 8.505604e+00
9.999284e-01 -9.578390e-03 -7.167520e-03 7.054574e-02 9.594817e-03 9.999514e-01 2.261083e-03 2.609562e-02 7.145514e-03 -2.329692e-03 9.999718e-01 9.428667e+00
9.999317e-01 -8.963335e-03 -7.506179e-03 5.357347e-02 8.986799e-03 9.999548e-01 3.098053e-03 4.341160e-02 7.478071e-03 -3.165298e-03 9.999670e-01 1.037911e+01
9.999035e-01 -1.045206e-02 -9.147961e-03 6.324858e-02 1.048283e-02 9.999395e-01 3.322583e-03 5.841246e-02 9.112680e-03 -3.418159e-03 9.999526e-01 1.126309e+01
9.998913e-01 -1.067759e-02 -1.016688e-02 5.598812e-02 1.071006e-02 9.999377e-01 3.144258e-03 6.408143e-02 1.013267e-02 -3.252804e-03 9.999434e-01 1.217317e+01
9.998823e-01 -1.083341e-02 -1.085968e-02 4.352464e-02 1.085266e-02 9.999396e-01 1.715481e-03 6.227631e-02 1.084044e-02 -1.833136e-03 9.999396e-01 1.308167e+01
9.998647e-01 -1.139405e-02 -1.186039e-02 1.665063e-02 1.139463e-02 9.999351e-01 -1.901912e-05 5.710848e-02 1.185984e-02 -1.161282e-04 9.999297e-01 1.398567e+01
9.998199e-01 -1.338445e-02 -1.345350e-02 -4.374970e-03 1.338666e-02 9.999104e-01 7.352735e-05 3.630796e-02 1.345131e-02 -2.536115e-04 9.999095e-01 1.488615e+01
9.997993e-01 -1.324836e-02 -1.502872e-02 -2.879168e-02 1.324774e-02 9.999122e-01 -1.409374e-04 3.027941e-02 1.502927e-02 -5.818747e-05 9.998871e-01 1.578287e+01
9.997746e-01 -1.281301e-02 -1.693017e-02 -4.629025e-02 1.279319e-02 9.999173e-01 -1.278775e-03 3.195695e-02 1.694515e-02 1.061896e-03 9.998559e-01 1.667465e+01
9.997631e-01 -1.150689e-02 -1.847268e-02 -7.807875e-02 1.147374e-02 9.999324e-01 -1.899933e-03 4.303318e-02 1.849329e-02 1.687532e-03 9.998276e-01 1.756622e+01
9.997478e-01 -1.126350e-02 -1.942787e-02 -1.108186e-01 1.124878e-02 9.999364e-01 -8.672152e-04 4.179087e-02 1.943640e-02 6.484568e-04 9.998109e-01 1.845326e+01
9.997305e-01 -1.036872e-02 -2.076854e-02 -1.421510e-01 1.037374e-02 9.999462e-01 1.339624e-04 4.124435e-02 2.076604e-02 -3.493737e-04 9.997843e-01 1.933359e+01
9.996678e-01 -1.059194e-02 -2.349599e-02 -1.486830e-01 1.060991e-02 9.999435e-01 6.404661e-04 4.331522e-02 2.348788e-02 -8.895437e-04 9.997237e-01 2.020789e+01
9.996186e-01 -1.208561e-02 -2.483024e-02 -1.820341e-01 1.210104e-02 9.999267e-01 4.710824e-04 4.245293e-02 2.482272e-02 -7.713743e-04 9.996916e-01 2.107647e+01
9.995721e-01 -1.167822e-02 -2.681887e-02 -1.961379e-01 1.168050e-02 9.999318e-01 -7.153160e-05 4.361730e-02 2.681788e-02 -2.417570e-04 9.996403e-01 2.193957e+01
9.995384e-01 -1.143331e-02 -2.814646e-02 -2.214698e-01 1.142527e-02 9.999346e-01 -4.465180e-04 5.384706e-02 2.814973e-02 1.247310e-04 9.996037e-01 2.279623e+01
9.995129e-01 -1.116222e-02 -2.914465e-02 -2.555737e-01 1.120596e-02 9.999363e-01 1.338020e-03 5.689201e-02 2.912786e-02 -1.663962e-03 9.995743e-01 2.365345e+01
9.994765e-01 -1.154684e-02 -3.022329e-02 -2.693922e-01 1.166405e-02 9.999251e-01 3.704687e-03 6.121707e-02 3.017825e-02 -4.055274e-03 9.995363e-01 2.448027e+01
9.994647e-01 -1.124890e-02 -3.072242e-02 -3.072011e-01 1.140493e-02 9.999229e-01 4.908068e-03 6.704852e-02 3.066484e-02 -5.255828e-03 9.995159e-01 2.530367e+01
9.994363e-01 -1.117147e-02 -3.165777e-02 -3.381519e-01 1.129610e-02 9.999291e-01 3.760524e-03 6.731865e-02 3.161352e-02 -4.116014e-03 9.994917e-01 2.611755e+01
9.994285e-01 -9.838932e-03 -3.233979e-02 -3.803463e-01 9.888600e-03 9.999502e-01 1.376219e-03 6.826215e-02 3.232464e-02 -1.695227e-03 9.994760e-01 2.691335e+01
9.993811e-01 -9.735061e-03 -3.380181e-02 -3.987387e-01 9.726239e-03 9.999526e-01 -4.254231e-04 6.679918e-02 3.380435e-02 9.639528e-05 9.994285e-01 2.770609e+01
9.993822e-01 -7.967616e-03 -3.422948e-02 -4.401881e-01 7.944386e-03 9.999681e-01 -8.146197e-04 6.959387e-02 3.423488e-02 5.421843e-04 9.994137e-01 2.849048e+01
9.993361e-01 -8.508930e-03 -3.542570e-02 -4.745037e-01 8.474214e-03 9.999635e-01 -1.130005e-03 6.652016e-02 3.543402e-02 8.290497e-04 9.993717e-01 2.926200e+01
9.992584e-01 -8.520056e-03 -3.755024e-02 -5.045565e-01 8.453207e-03 9.999624e-01 -1.938677e-03 6.101493e-02 3.756535e-02 1.619820e-03 9.992929e-01 3.002844e+01
9.991852e-01 -8.521926e-03 -3.944992e-02 -5.385967e-01 8.450858e-03 9.999624e-01 -1.967871e-03 5.953128e-02 3.946520e-02 1.632881e-03 9.992196e-01 3.078820e+01
9.990949e-01 -7.890048e-03 -4.179880e-02 -5.676321e-01 7.840243e-03 9.999683e-01 -1.355318e-03 6.754112e-02 4.180817e-02 1.026379e-03 9.991251e-01 3.153224e+01
9.990255e-01 -7.881907e-03 -4.342750e-02 -6.042195e-01 7.935851e-03 9.999679e-01 1.069900e-03 6.589785e-02 4.341768e-02 -1.413491e-03 9.990560e-01 3.226950e+01
9.989948e-01 -6.812109e-03 -4.430607e-02 -6.664988e-01 6.946023e-03 9.999718e-01 2.869209e-03 5.685869e-02 4.428528e-02 -3.174076e-03 9.990139e-01 3.299516e+01
9.988863e-01 -5.067097e-03 -4.690892e-02 -6.994525e-01 5.194017e-03 9.999832e-01 2.584173e-03 7.148559e-02 4.689503e-02 -2.824941e-03 9.988958e-01 3.373665e+01
9.988558e-01 -1.778370e-03 -4.779133e-02 -7.482731e-01 1.852927e-03 9.999971e-01 1.515800e-03 8.111645e-02 4.778850e-02 -1.602619e-03 9.988562e-01 3.442557e+01
9.987812e-01 -5.732749e-04 -4.935379e-02 -7.943397e-01 6.527414e-04 9.999985e-01 1.594037e-03 7.262819e-02 4.935280e-02 -1.624309e-03 9.987801e-01 3.511754e+01
9.987067e-01 5.511856e-07 -5.084259e-02 -8.329678e-01 1.452730e-04 9.999959e-01 2.864454e-03 7.331387e-02 5.084239e-02 -2.868136e-03 9.987026e-01 3.580508e+01
9.986501e-01 1.095759e-03 -5.193086e-02 -8.779271e-01 -8.719284e-04 9.999902e-01 4.332623e-03 8.569099e-02 5.193510e-02 -4.281494e-03 9.986413e-01 3.648049e+01
9.986480e-01 3.390168e-03 -5.187249e-02 -9.244925e-01 -3.129407e-03 9.999821e-01 5.107345e-03 8.144295e-02 5.188888e-02 -4.938110e-03 9.986407e-01 3.714198e+01
9.986756e-01 7.326268e-03 -5.092539e-02 -9.607263e-01 -7.204833e-03 9.999707e-01 2.567735e-03 8.913991e-02 5.094272e-02 -2.197425e-03 9.986992e-01 3.779405e+01
9.987344e-01 8.701101e-03 -4.953626e-02 -9.870661e-01 -8.758743e-03 9.999612e-01 -9.466623e-04 9.987543e-02 4.952610e-02 1.379340e-03 9.987719e-01 3.843112e+01
9.988283e-01 8.240004e-03 -4.768835e-02 -1.021046e+00 -8.376216e-03 9.999614e-01 -2.657154e-03 9.848117e-02 4.766461e-02 3.053489e-03 9.988587e-01 3.906774e+01
9.989518e-01 8.628434e-03 -4.495488e-02 -1.059375e+00 -8.732317e-03 9.999596e-01 -2.114950e-03 1.033570e-01 4.493482e-02 2.505293e-03 9.989868e-01 3.971671e+01
9.990367e-01 1.331105e-02 -4.181561e-02 -1.089124e+00 -1.329829e-02 9.999114e-01 5.832546e-04 1.052705e-01 4.181967e-02 -2.661654e-05 9.991252e-01 4.032191e+01
9.991106e-01 1.826929e-02 -3.800233e-02 -1.108678e+00 -1.813088e-02 9.998277e-01 3.983685e-03 1.027904e-01 3.806856e-02 -3.291126e-03 9.992697e-01 4.092087e+01
9.991688e-01 2.287893e-02 -3.373687e-02 -1.133217e+00 -2.272514e-02 9.997296e-01 4.934880e-03 1.035129e-01 3.384065e-02 -4.164104e-03 9.994186e-01 4.150551e+01
9.992442e-01 2.653890e-02 -2.840421e-02 -1.156515e+00 -2.641249e-02 9.996395e-01 4.816334e-03 1.135599e-01 2.852179e-02 -4.062468e-03 9.995849e-01 4.207374e+01
9.993166e-01 3.004414e-02 -2.153410e-02 -1.206225e+00 -2.990851e-02 9.995309e-01 6.593299e-03 1.246792e-01 2.172209e-02 -5.944740e-03 9.997464e-01 4.261967e+01
9.992937e-01 3.466250e-02 -1.450930e-02 -1.232752e+00 -3.455250e-02 9.993727e-01 7.765067e-03 1.313524e-01 1.476936e-02 -7.258250e-03 9.998646e-01 4.314609e+01
9.992788e-01 3.724193e-02 -7.409854e-03 -1.240514e+00 -3.718711e-02 9.992809e-01 7.403273e-03 1.290403e-01 7.680238e-03 -7.122382e-03 9.999451e-01 4.365360e+01
9.991515e-01 4.118598e-02 -2.488450e-05 -1.248111e+00 -4.118480e-02 9.991272e-01 6.982037e-03 1.352076e-01 3.124248e-04 -6.975087e-03 9.999756e-01 4.413696e+01
9.989170e-01 4.595337e-02 7.287262e-03 -1.245540e+00 -4.600087e-02 9.989203e-01 6.491333e-03 1.400558e-01 -6.981096e-03 -6.819524e-03 9.999524e-01 4.460097e+01
9.986372e-01 5.009503e-02 1.463720e-02 -1.245194e+00 -5.015290e-02 9.987350e-01 3.613607e-03 1.464642e-01 -1.443766e-02 -4.342781e-03 9.998863e-01 4.504048e+01
9.983413e-01 5.245100e-02 2.373918e-02 -1.258142e+00 -5.248093e-02 9.986217e-01 6.391659e-04 1.375243e-01 -2.367293e-02 -1.883960e-03 9.997180e-01 4.546210e+01
9.981403e-01 5.242049e-02 3.111214e-02 -1.236986e+00 -5.245935e-02 9.986230e-01 4.333765e-04 1.379705e-01 -3.104658e-02 -2.064693e-03 9.995158e-01 4.585912e+01
9.978999e-01 5.158046e-02 3.918328e-02 -1.220068e+00 -5.169091e-02 9.986615e-01 1.810397e-03 1.359973e-01 -3.903745e-02 -3.832014e-03 9.992304e-01 4.623121e+01
9.974829e-01 5.319930e-02 4.687937e-02 -1.196450e+00 -5.337833e-02 9.985710e-01 2.574495e-03 1.346208e-01 -4.667542e-02 -5.070358e-03 9.988972e-01 4.659378e+01
9.968332e-01 5.648590e-02 5.597186e-02 -1.189486e+00 -5.673816e-02 9.983848e-01 2.926686e-03 1.258395e-01 -5.571614e-02 -6.093158e-03 9.984281e-01 4.690520e+01
9.961085e-01 6.109534e-02 6.352373e-02 -1.145435e+00 -6.138267e-02 9.981110e-01 2.579739e-03 1.251460e-01 -6.324613e-02 -6.468956e-03 9.979770e-01 4.720111e+01
9.952298e-01 6.512539e-02 7.263800e-02 -1.130117e+00 -6.547779e-02 9.978509e-01 2.478294e-03 1.324898e-01 -7.232049e-02 -7.222647e-03 9.973553e-01 4.747659e+01
9.945808e-01 6.445178e-02 8.157870e-02 -1.095469e+00 -6.492562e-02 9.978851e-01 3.166288e-03 1.291136e-01 -8.120209e-02 -8.445676e-03 9.966619e-01 4.774217e+01
9.937262e-01 6.358880e-02 9.200384e-02 -1.054487e+00 -6.400721e-02 9.979482e-01 1.601173e-03 1.259577e-01 -9.171325e-02 -7.480038e-03 9.957574e-01 4.800055e+01
9.926598e-01 6.228134e-02 1.036707e-01 -1.017093e+00 -6.234452e-02 9.980512e-01 -2.634080e-03 1.159994e-01 -1.036328e-01 -3.848558e-03 9.946082e-01 4.825749e+01
9.912215e-01 6.312010e-02 1.161712e-01 -9.620556e-01 -6.281198e-02 9.980054e-01 -6.315002e-03 1.046294e-01 -1.163381e-01 -1.037377e-03 9.932091e-01 4.850937e+01
9.892314e-01 6.416207e-02 1.315468e-01 -9.207007e-01 -6.354516e-02 9.979394e-01 -8.886527e-03 1.161909e-01 -1.318459e-01 4.316687e-04 9.912701e-01 4.877298e+01
9.868742e-01 6.541165e-02 1.476502e-01 -8.787753e-01 -6.455864e-02 9.978580e-01 -1.056742e-02 1.265131e-01 -1.480251e-01 8.966161e-04 9.889832e-01 4.901098e+01
9.841574e-01 6.616574e-02 1.644882e-01 -8.248296e-01 -6.515527e-02 9.978084e-01 -1.153700e-02 1.166714e-01 -1.648911e-01 6.369535e-04 9.863116e-01 4.925681e+01
9.810983e-01 6.506567e-02 1.822431e-01 -7.589325e-01 -6.381968e-02 9.978806e-01 -1.269948e-02 1.150282e-01 -1.826831e-01 8.287448e-04 9.831715e-01 4.950405e+01
9.774325e-01 6.375917e-02 2.013962e-01 -6.949046e-01 -6.241079e-02 9.979653e-01 -1.304441e-02 1.126120e-01 -2.018181e-01 1.807351e-04 9.794230e-01 4.973488e+01
9.730477e-01 6.399591e-02 2.215463e-01 -6.247784e-01 -6.235434e-02 9.979501e-01 -1.440327e-02 1.122854e-01 -2.220139e-01 2.006944e-04 9.750435e-01 4.997404e+01
9.678412e-01 6.590692e-02 2.427748e-01 -5.607694e-01 -6.368853e-02 9.978253e-01 -1.698365e-02 1.223798e-01 -2.433662e-01 9.755042e-04 9.699340e-01 5.021540e+01
9.616589e-01 6.663413e-02 2.660302e-01 -4.928942e-01 -6.389927e-02 9.977767e-01 -1.893275e-02 1.183224e-01 -2.667003e-01 1.207708e-03 9.637787e-01 5.046150e+01
9.544720e-01 6.796743e-02 2.904541e-01 -4.073641e-01 -6.491205e-02 9.976875e-01 -2.015298e-02 1.171633e-01 -2.911521e-01 3.814836e-04 9.566767e-01 5.070468e+01
9.544720e-01 6.796743e-02 2.904541e-01 -4.073641e-01 -6.491205e-02 9.976875e-01 -2.015298e-02 1.171633e-01 -2.911521e-01 3.814836e-04 9.566767e-01 5.070468e+01
9.362781e-01 7.269414e-02 3.436551e-01 -3.093080e-01 -6.921129e-02 9.973503e-01 -2.240766e-02 1.128780e-01 -3.443734e-01 -2.805012e-03 9.388286e-01 5.094986e+01
9.362781e-01 7.269414e-02 3.436551e-01 -3.093080e-01 -6.921129e-02 9.973503e-01 -2.240766e-02 1.128780e-01 -3.443734e-01 -2.805012e-03 9.388286e-01 5.094986e+01
9.128453e-01 7.132628e-02 4.020273e-01 -1.882067e-01 -6.668971e-02 9.974469e-01 -2.553753e-02 1.014571e-01 -4.028224e-01 -3.499267e-03 9.152715e-01 5.117571e+01
8.981279e-01 6.838083e-02 4.343849e-01 -5.532962e-02 -6.224176e-02 9.976581e-01 -2.836107e-02 9.749414e-02 -4.353070e-01 -1.565016e-03 9.002807e-01 5.140073e+01
8.810180e-01 6.795685e-02 4.681764e-01 9.803789e-02 -5.956438e-02 9.976878e-01 -3.272792e-02 9.454440e-02 -4.693180e-01 9.472460e-04 8.830287e-01 5.161983e+01
8.619926e-01 7.067200e-02 5.019703e-01 2.674925e-01 -5.951140e-02 9.974948e-01 -3.824244e-02 9.180477e-02 -5.034155e-01 3.091741e-03 8.640390e-01 5.182667e+01
8.398101e-01 7.317817e-02 5.379255e-01 4.174021e-01 -5.960910e-02 9.973119e-01 -4.261025e-02 7.727575e-02 -5.395977e-01 3.719267e-03 8.419148e-01 5.205414e+01
8.153264e-01 7.470468e-02 5.741620e-01 6.057618e-01 -5.921945e-02 9.972005e-01 -4.565324e-02 6.636634e-02 -5.759652e-01 3.220734e-03 8.174679e-01 5.227172e+01
7.882853e-01 7.715825e-02 6.104530e-01 7.946938e-01 -6.030434e-02 9.970182e-01 -4.814646e-02 5.841921e-02 -6.123477e-01 1.140181e-03 7.905878e-01 5.250574e+01
7.588135e-01 8.139357e-02 6.462021e-01 1.012591e+00 -6.358493e-02 9.966789e-01 -5.087286e-02 4.430418e-02 -6.481968e-01 -2.485702e-03 7.614688e-01 5.271718e+01
7.262399e-01 8.199034e-02 6.825344e-01 1.262948e+00 -6.249333e-02 9.966251e-01 -5.322586e-02 3.314468e-02 -6.845949e-01 -3.999103e-03 7.289128e-01 5.292679e+01
6.903889e-01 7.884180e-02 7.191294e-01 1.531730e+00 -5.799678e-02 9.968761e-01 -5.361367e-02 1.238521e-02 -7.211099e-01 -4.692912e-03 6.928048e-01 5.313852e+01
6.520675e-01 7.742792e-02 7.541968e-01 1.828470e+00 -5.495426e-02 9.969817e-01 -5.484023e-02 -6.541581e-03 -7.561666e-01 -5.686797e-03 6.543544e-01 5.334111e+01
6.105705e-01 7.702173e-02 7.882077e-01 2.159357e+00 -5.273113e-02 9.970047e-01 -5.657767e-02 -2.297633e-02 -7.902045e-01 -7.018429e-03 6.128031e-01 5.354544e+01
5.658364e-01 7.643394e-02 8.209671e-01 2.511741e+00 -4.910213e-02 9.970505e-01 -5.898498e-02 -6.061447e-02 -8.230542e-01 -6.935388e-03 5.679205e-01 5.372970e+01
5.182865e-01 7.535686e-02 8.518805e-01 2.878119e+00 -4.586439e-02 9.971260e-01 -6.030117e-02 -8.125513e-02 -8.539763e-01 -7.817704e-03 5.202531e-01 5.391233e+01
4.693665e-01 7.346079e-02 8.799424e-01 3.263558e+00 -4.364673e-02 9.972454e-01 -5.997224e-02 -9.341610e-02 -8.819240e-01 -1.025765e-02 4.712799e-01 5.409792e+01
4.203516e-01 7.102544e-02 9.045772e-01 3.675372e+00 -4.329158e-02 9.973662e-01 -5.819370e-02 -1.242441e-01 -9.063280e-01 -1.469877e-02 4.223192e-01 5.424807e+01
3.700831e-01 7.076362e-02 9.262996e-01 4.099020e+00 -4.546874e-02 9.972794e-01 -5.801998e-02 -1.354081e-01 -9.278853e-01 -2.064547e-02 3.722938e-01 5.442102e+01
3.210699e-01 7.120060e-02 9.443752e-01 4.545115e+00 -4.372535e-02 9.972210e-01 -6.031908e-02 -1.554986e-01 -9.460456e-01 -2.192649e-02 3.232909e-01 5.454556e+01
2.741910e-01 6.772773e-02 9.592874e-01 5.008275e+00 -3.256071e-02 9.975988e-01 -6.112584e-02 -1.847917e-01 -9.611239e-01 -1.447492e-02 2.757379e-01 5.464342e+01
2.300133e-01 6.159118e-02 9.712365e-01 5.490933e+00 -2.028005e-02 9.980819e-01 -5.849076e-02 -2.198105e-01 -9.729762e-01 -6.243074e-03 2.308212e-01 5.471739e+01
1.869693e-01 6.102228e-02 9.804686e-01 5.991500e+00 -1.154847e-02 9.981364e-01 -5.991967e-02 -2.371621e-01 -9.822979e-01 -1.197716e-04 1.873256e-01 5.479474e+01
1.485998e-01 6.276194e-02 9.869038e-01 6.514494e+00 -8.005002e-03 9.980276e-01 -6.226403e-02 -2.568604e-01 -9.888650e-01 1.352258e-03 1.488091e-01 5.485297e+01
1.160050e-01 6.346900e-02 9.912187e-01 7.028019e+00 7.218555e-04 9.979506e-01 -6.398453e-02 -2.891576e-01 -9.932484e-01 8.138041e-03 1.157214e-01 5.489191e+01
8.714663e-02 6.179102e-02 9.942773e-01 7.560662e+00 7.764468e-03 9.980020e-01 -6.270305e-02 -3.214776e-01 -9.961652e-01 1.318439e-02 8.649274e-02 5.491604e+01
6.146828e-02 6.021536e-02 9.962910e-01 8.112500e+00 1.508307e-02 9.980085e-01 -6.124975e-02 -3.487638e-01 -9.979951e-01 1.879204e-02 6.043763e-02 5.494801e+01
4.090893e-02 5.940916e-02 9.973951e-01 8.678175e+00 1.920429e-02 9.979996e-01 -6.023284e-02 -3.765000e-01 -9.989783e-01 2.161832e-02 3.968618e-02 5.497068e+01
2.479791e-02 6.154733e-02 9.977961e-01 9.255800e+00 2.049302e-02 9.978620e-01 -6.206070e-02 -4.044978e-01 -9.994824e-01 2.198683e-02 2.348360e-02 5.498087e+01
1.137009e-02 6.132549e-02 9.980531e-01 9.838146e+00 2.104206e-02 9.978819e-01 -6.155469e-02 -4.370891e-01 -9.997139e-01 2.170097e-02 1.005560e-02 5.498797e+01
-3.852390e-04 6.226393e-02 9.980596e-01 1.044335e+01 2.191596e-02 9.978205e-01 -6.224055e-02 -4.700936e-01 -9.997597e-01 2.184946e-02 -1.748973e-03 5.499291e+01
-8.963092e-03 6.566512e-02 9.978015e-01 1.104325e+01 2.676112e-02 9.974999e-01 -6.540488e-02 -4.891174e-01 -9.996017e-01 2.611606e-02 -1.069796e-02 5.494792e+01
-1.563729e-02 6.756827e-02 9.975921e-01 1.166258e+01 3.088999e-02 9.972705e-01 -6.706229e-02 -5.255721e-01 -9.994005e-01 2.976694e-02 -1.768179e-02 5.493963e+01
-2.030871e-02 6.692483e-02 9.975513e-01 1.229325e+01 3.173216e-02 9.972976e-01 -6.626179e-02 -5.607484e-01 -9.992901e-01 3.030876e-02 -2.237749e-02 5.493253e+01
-2.415787e-02 6.405670e-02 9.976538e-01 1.293228e+01 2.874196e-02 9.975770e-01 -6.335580e-02 -5.958829e-01 -9.992949e-01 2.714399e-02 -2.594045e-02 5.492267e+01
-2.673280e-02 5.723079e-02 9.980030e-01 1.358619e+01 2.686105e-02 9.980404e-01 -5.651343e-02 -6.319346e-01 -9.992817e-01 2.529664e-02 -2.821769e-02 5.491224e+01
-2.799615e-02 5.185418e-02 9.982622e-01 1.424789e+01 2.747579e-02 9.983162e-01 -5.108643e-02 -6.562641e-01 -9.992304e-01 2.599782e-02 -2.937374e-02 5.487863e+01
-2.882237e-02 4.893673e-02 9.983859e-01 1.492835e+01 2.971628e-02 9.984014e-01 -4.807961e-02 -6.990613e-01 -9.991427e-01 2.828255e-02 -3.023052e-02 5.485182e+01
-2.865677e-02 5.104345e-02 9.982852e-01 1.561478e+01 3.276143e-02 9.982068e-01 -5.009899e-02 -7.371282e-01 -9.990523e-01 3.126958e-02 -3.027764e-02 5.483073e+01
-2.791283e-02 5.845863e-02 9.978995e-01 1.630551e+01 3.351822e-02 9.977819e-01 -5.751418e-02 -7.689290e-01 -9.990482e-01 3.184243e-02 -2.981034e-02 5.479991e+01
-2.569538e-02 6.663091e-02 9.974468e-01 1.700279e+01 3.425594e-02 9.972489e-01 -6.573522e-02 -7.943336e-01 -9.990827e-01 3.247938e-02 -2.790720e-02 5.478933e+01
-2.284949e-02 6.712215e-02 9.974831e-01 1.770510e+01 3.499388e-02 9.971859e-01 -6.630054e-02 -8.317318e-01 -9.991263e-01 3.339087e-02 -2.513405e-02 5.475738e+01
-2.105584e-02 6.265207e-02 9.978133e-01 1.842586e+01 3.392950e-02 9.975044e-01 -6.191670e-02 -8.706764e-01 -9.992024e-01 3.255160e-02 -2.312905e-02 5.475087e+01
-1.858494e-02 5.598201e-02 9.982588e-01 1.916354e+01 3.314336e-02 9.979170e-01 -5.534580e-02 -9.129212e-01 -9.992778e-01 3.205705e-02 -2.040166e-02 5.473933e+01
-1.598549e-02 5.431674e-02 9.983958e-01 1.990113e+01 3.119229e-02 9.980645e-01 -5.379929e-02 -9.562078e-01 -9.993856e-01 3.028224e-02 -1.764882e-02 5.475699e+01
-1.291293e-02 5.982327e-02 9.981255e-01 2.063663e+01 3.912687e-02 9.974744e-01 -5.927805e-02 -9.932954e-01 -9.991508e-01 3.828807e-02 -1.522101e-02 5.474706e+01
-9.387452e-03 6.543158e-02 9.978129e-01 2.136299e+01 4.136616e-02 9.970281e-01 -6.499095e-02 -1.029530e+00 -9.991000e-01 4.066559e-02 -1.206621e-02 5.471912e+01
-7.553003e-03 6.621691e-02 9.977767e-01 2.209266e+01 3.567662e-02 9.971877e-01 -6.590775e-02 -1.065851e+00 -9.993348e-01 3.509949e-02 -9.894157e-03 5.472458e+01
-3.877160e-03 6.289532e-02 9.980126e-01 2.282964e+01 3.127047e-02 9.975396e-01 -6.274403e-02 -1.103696e+00 -9.995034e-01 3.096506e-02 -5.834387e-03 5.473017e+01
5.137318e-04 5.917756e-02 9.982473e-01 2.355924e+01 3.519801e-02 9.976278e-01 -5.915895e-02 -1.148849e+00 -9.993802e-01 3.516671e-02 -1.570419e-03 5.472134e+01
3.719617e-03 5.980851e-02 9.982029e-01 2.430082e+01 3.905155e-02 9.974397e-01 -5.990830e-02 -1.205715e+00 -9.992303e-01 3.920420e-02 1.374479e-03 5.471684e+01
7.994624e-03 6.597116e-02 9.977895e-01 2.504097e+01 4.017605e-02 9.969945e-01 -6.624050e-02 -1.212726e+00 -9.991606e-01 4.061680e-02 5.320136e-03 5.469495e+01
1.122121e-02 6.679006e-02 9.977040e-01 2.576469e+01 3.606081e-02 9.970907e-01 -6.715458e-02 -1.255299e+00 -9.992866e-01 3.673157e-02 8.780062e-03 5.471312e+01
1.479036e-02 6.649795e-02 9.976769e-01 2.649726e+01 3.610209e-02 9.971000e-01 -6.699470e-02 -1.301729e+00 -9.992387e-01 3.700910e-02 1.234676e-02 5.475261e+01
1.875986e-02 6.366881e-02 9.977947e-01 2.723516e+01 4.011791e-02 9.971187e-01 -6.437994e-02 -1.341521e+00 -9.990188e-01 4.123719e-02 1.615155e-02 5.474420e+01
2.218430e-02 6.443638e-02 9.976752e-01 2.797543e+01 4.446718e-02 9.968696e-01 -6.537313e-02 -1.385150e+00 -9.987645e-01 4.581406e-02 1.924955e-02 5.475289e+01
2.552673e-02 6.532479e-02 9.975375e-01 2.870970e+01 4.778477e-02 9.966423e-01 -6.648896e-02 -1.427405e+00 -9.985314e-01 4.936434e-02 2.231949e-02 5.478633e+01
2.831193e-02 6.510241e-02 9.974769e-01 2.944470e+01 4.828012e-02 9.966232e-01 -6.641706e-02 -1.474272e+00 -9.984325e-01 5.003870e-02 2.507318e-02 5.480911e+01
3.111252e-02 6.399927e-02 9.974648e-01 3.017881e+01 4.982573e-02 9.966079e-01 -6.549843e-02 -1.513172e+00 -9.982732e-01 5.173724e-02 2.781817e-02 5.484298e+01
3.505193e-02 6.287745e-02 9.974055e-01 3.091798e+01 5.185782e-02 9.965599e-01 -6.464658e-02 -1.562854e+00 -9.980391e-01 5.398927e-02 3.167066e-02 5.486129e+01
3.820213e-02 6.272021e-02 9.972997e-01 3.165851e+01 5.023674e-02 9.966457e-01 -6.460342e-02 -1.616047e+00 -9.980064e-01 5.256908e-02 3.492313e-02 5.487562e+01
4.044776e-02 6.431915e-02 9.971093e-01 3.239573e+01 4.735156e-02 9.966814e-01 -6.621236e-02 -1.664201e+00 -9.980590e-01 4.989283e-02 3.726791e-02 5.492066e+01
4.299607e-02 6.389514e-02 9.970300e-01 3.313727e+01 4.847628e-02 9.966440e-01 -6.596090e-02 -1.721766e+00 -9.978985e-01 5.116837e-02 3.975437e-02 5.494346e+01
4.556788e-02 6.382822e-02 9.969200e-01 3.387951e+01 4.605935e-02 9.967611e-01 -6.592336e-02 -1.764502e+00 -9.978988e-01 4.892148e-02 4.248041e-02 5.499544e+01
4.783034e-02 6.419200e-02 9.967907e-01 3.462717e+01 4.424440e-02 9.968172e-01 -6.631674e-02 -1.805974e+00 -9.978751e-01 4.727436e-02 4.483797e-02 5.503034e+01
5.107940e-02 6.446363e-02 9.966119e-01 3.537126e+01 4.116120e-02 9.969308e-01 -6.659390e-02 -1.850579e+00 -9.978460e-01 4.442332e-02 4.826923e-02 5.506649e+01
5.386848e-02 6.668105e-02 9.963191e-01 3.612466e+01 3.904821e-02 9.968640e-01 -6.882875e-02 -1.899895e+00 -9.977843e-01 4.261218e-02 5.109577e-02 5.513335e+01
5.718569e-02 7.159008e-02 9.957935e-01 3.687820e+01 3.766708e-02 9.965608e-01 -7.380836e-02 -1.930190e+00 -9.976527e-01 4.172941e-02 5.429243e-02 5.518304e+01
5.959906e-02 7.387373e-02 9.954851e-01 3.762970e+01 3.807569e-02 9.963639e-01 -7.621851e-02 -1.978697e+00 -9.974960e-01 4.244634e-02 5.656956e-02 5.525872e+01
6.317146e-02 7.635766e-02 9.950773e-01 3.839146e+01 3.221313e-02 9.963932e-01 -7.850366e-02 -2.022076e+00 -9.974827e-01 3.701374e-02 6.048389e-02 5.530125e+01
6.618874e-02 7.546882e-02 9.949490e-01 3.915518e+01 2.885070e-02 9.965739e-01 -7.751136e-02 -2.074935e+00 -9.973899e-01 3.383535e-02 6.378465e-02 5.535978e+01
6.970360e-02 7.600703e-02 9.946680e-01 3.992658e+01 3.084352e-02 9.964522e-01 -7.830480e-02 -2.131622e+00 -9.970908e-01 3.613719e-02 6.711198e-02 5.541943e+01
7.408375e-02 7.726806e-02 9.942541e-01 4.070309e+01 3.070893e-02 9.963443e-01 -7.971868e-02 -2.184705e+00 -9.967791e-01 3.643833e-02 7.144010e-02 5.546545e+01
7.784961e-02 7.816947e-02 9.938959e-01 4.147991e+01 2.670788e-02 9.964001e-01 -8.045840e-02 -2.238120e+00 -9.966073e-01 3.280851e-02 7.548162e-02 5.552509e+01
8.223422e-02 7.646592e-02 9.936752e-01 4.226383e+01 2.638799e-02 9.965356e-01 -7.886984e-02 -2.287327e+00 -9.962636e-01 3.270689e-02 7.993155e-02 5.559247e+01
8.701766e-02 7.631131e-02 9.932797e-01 4.305259e+01 2.711287e-02 9.965110e-01 -7.893482e-02 -2.348055e+00 -9.958377e-01 3.379939e-02 8.464504e-02 5.567290e+01
9.210638e-02 7.982715e-02 9.925442e-01 4.385795e+01 2.352932e-02 9.963286e-01 -8.231499e-02 -2.412104e+00 -9.954711e-01 3.093563e-02 8.988994e-02 5.575518e+01
9.800306e-02 8.853380e-02 9.912402e-01 4.463215e+01 2.165358e-02 9.956095e-01 -9.106492e-02 -2.477090e+00 -9.949505e-01 3.038854e-02 9.565571e-02 5.583758e+01
1.053542e-01 9.336533e-02 9.900421e-01 4.542068e+01 2.072352e-02 9.951604e-01 -9.605328e-02 -2.536185e+00 -9.942188e-01 3.063678e-02 1.029095e-01 5.593061e+01
1.124788e-01 9.641609e-02 9.889653e-01 4.622095e+01 1.600329e-02 9.949764e-01 -9.882224e-02 -2.609126e+00 -9.935252e-01 2.694211e-02 1.103708e-01 5.603063e+01
1.191516e-01 9.507271e-02 9.883137e-01 4.703163e+01 1.109366e-02 9.952153e-01 -9.707408e-02 -2.682163e+00 -9.928141e-01 2.253055e-02 1.175268e-01 5.615197e+01
1.265730e-01 9.341775e-02 9.875487e-01 4.782131e+01 1.120901e-02 9.953574e-01 -9.559306e-02 -2.752636e+00 -9.918940e-01 2.316895e-02 1.249383e-01 5.626713e+01
1.338513e-01 9.002347e-02 9.869040e-01 4.863365e+01 1.006802e-02 9.956905e-01 -9.219045e-02 -2.825013e+00 -9.909503e-01 2.227598e-02 1.323681e-01 5.637395e+01
1.412801e-01 8.435372e-02 9.863693e-01 4.944441e+01 8.508495e-03 9.962229e-01 -8.641508e-02 -2.889579e+00 -9.899331e-01 2.060125e-02 1.400287e-01 5.650468e+01
1.483721e-01 7.690859e-02 9.859365e-01 5.025830e+01 5.926653e-03 9.968843e-01 -7.865447e-02 -2.955155e+00 -9.889138e-01 1.751343e-02 1.474540e-01 5.663835e+01
1.561170e-01 7.455950e-02 9.849205e-01 5.106632e+01 6.084604e-03 9.970554e-01 -7.644258e-02 -3.019170e+00 -9.877198e-01 1.792683e-02 1.552036e-01 5.678050e+01
1.629892e-01 7.643763e-02 9.836625e-01 5.188421e+01 5.706873e-03 9.969047e-01 -7.841225e-02 -3.085537e+00 -9.866114e-01 1.839398e-02 1.620484e-01 5.692759e+01
1.689138e-01 8.318458e-02 9.821143e-01 5.266602e+01 6.618953e-03 9.963140e-01 -8.552568e-02 -3.143746e+00 -9.856086e-01 2.094704e-02 1.677406e-01 5.707092e+01
1.735025e-01 8.688071e-02 9.809937e-01 5.344841e+01 5.292425e-03 9.960045e-01 -8.914616e-02 -3.202863e+00 -9.848192e-01 2.065891e-02 1.723494e-01 5.723308e+01
1.782150e-01 9.014272e-02 9.798539e-01 5.422604e+01 4.154087e-03 9.957172e-01 -9.235762e-02 -3.267883e+00 -9.839828e-01 2.052991e-02 1.770773e-01 5.739007e+01
1.835022e-01 8.960172e-02 9.789272e-01 5.498401e+01 1.636013e-03 9.958080e-01 -9.145351e-02 -3.334604e+00 -9.830179e-01 1.838346e-02 1.825864e-01 5.754351e+01
1.891330e-01 8.650026e-02 9.781341e-01 5.575049e+01 5.821452e-03 9.959962e-01 -8.920552e-02 -3.400489e+00 -9.819342e-01 2.256587e-02 1.878722e-01 5.768128e+01
1.930005e-01 7.992574e-02 9.779380e-01 5.652057e+01 6.458688e-03 9.965518e-01 -8.272167e-02 -3.463133e+00 -9.811774e-01 2.228152e-02 1.918187e-01 5.784479e+01
1.962007e-01 7.323747e-02 9.778249e-01 5.725674e+01 4.186616e-03 9.971352e-01 -7.552382e-02 -3.535494e+00 -9.805548e-01 1.891161e-02 1.953321e-01 5.801568e+01
1.994352e-01 7.016891e-02 9.773955e-01 5.800296e+01 2.087977e-04 9.974298e-01 -7.164982e-02 -3.588262e+00 -9.799110e-01 1.449358e-02 1.989080e-01 5.817263e+01
2.030374e-01 7.081980e-02 9.766066e-01 5.874489e+01 -9.945033e-04 9.973954e-01 -7.212057e-02 -3.628783e+00 -9.791705e-01 1.367193e-02 2.025790e-01 5.831687e+01
2.047328e-01 7.290369e-02 9.760991e-01 5.946227e+01 -2.454216e-03 9.972575e-01 -7.396923e-02 -3.679266e+00 -9.788148e-01 1.274837e-02 2.043503e-01 5.849225e+01
2.058858e-01 7.681050e-02 9.755569e-01 6.017098e+01 -6.569252e-03 9.970008e-01 -7.711249e-02 -3.740458e+00 -9.785540e-01 9.467690e-03 2.057729e-01 5.865654e+01
2.077606e-01 8.079216e-02 9.748375e-01 6.087082e+01 -7.825964e-03 9.966886e-01 -8.093523e-02 -3.798713e+00 -9.781484e-01 9.186113e-03 2.077049e-01 5.881216e+01
2.103130e-01 8.612470e-02 9.738331e-01 6.156448e+01 -7.919705e-03 9.962295e-01 -8.639504e-02 -3.850308e+00 -9.776020e-01 1.045753e-02 2.102021e-01 5.895108e+01
2.123299e-01 8.793635e-02 9.732334e-01 6.224155e+01 -6.940254e-03 9.960534e-01 -8.848410e-02 -3.907823e+00 -9.771734e-01 1.203334e-02 2.121023e-01 5.909718e+01
2.140608e-01 8.726500e-02 9.729146e-01 6.291377e+01 -7.536596e-03 9.961195e-01 -8.768815e-02 -3.957341e+00 -9.767913e-01 1.143813e-02 2.138879e-01 5.925214e+01
2.145357e-01 8.432074e-02 9.730696e-01 6.357896e+01 -7.801284e-03 9.963827e-01 -8.462094e-02 -4.016336e+00 -9.766850e-01 1.056302e-02 2.144175e-01 5.940343e+01
2.152548e-01 8.168090e-02 9.731360e-01 6.423605e+01 -7.845229e-03 9.966084e-01 -8.191573e-02 -4.076553e+00 -9.765264e-01 9.998281e-03 2.151656e-01 5.955484e+01
2.150325e-01 8.050200e-02 9.732833e-01 6.488788e+01 -7.348940e-03 9.967020e-01 -8.081536e-02 -4.132977e+00 -9.765792e-01 1.022533e-02 2.149150e-01 5.969264e+01
2.141670e-01 8.052477e-02 9.734723e-01 6.552506e+01 -7.593247e-03 9.967034e-01 -8.077589e-02 -4.175947e+00 -9.767675e-01 9.907716e-03 2.140724e-01 5.983469e+01
2.127656e-01 8.124306e-02 9.737198e-01 6.615221e+01 -8.507791e-03 9.966536e-01 -8.129753e-02 -4.230230e+00 -9.770662e-01 9.013117e-03 2.127448e-01 5.997584e+01
2.110670e-01 8.409850e-02 9.738471e-01 6.677235e+01 -9.327428e-03 9.964199e-01 -8.402624e-02 -4.282345e+00 -9.774271e-01 8.651677e-03 2.110958e-01 6.011131e+01
2.095963e-01 8.768067e-02 9.738488e-01 6.739859e+01 -7.608484e-03 9.960874e-01 -8.804540e-02 -4.341856e+00 -9.777584e-01 1.104448e-02 2.094433e-01 6.023192e+01
2.082649e-01 8.910707e-02 9.740050e-01 6.797592e+01 -5.622556e-03 9.959339e-01 -8.991102e-02 -4.382578e+00 -9.780563e-01 1.324891e-02 2.079191e-01 6.034515e+01
2.055769e-01 8.823504e-02 9.746552e-01 6.858069e+01 -7.078096e-03 9.960352e-01 -8.867763e-02 -4.431761e+00 -9.786154e-01 1.133137e-02 2.053864e-01 6.046862e+01
2.034256e-01 8.498507e-02 9.753951e-01 6.915974e+01 -6.061951e-03 9.963160e-01 -8.554362e-02 -4.477340e+00 -9.790716e-01 1.148896e-02 2.031913e-01 6.059215e+01
2.012567e-01 8.096594e-02 9.761866e-01 6.974018e+01 -6.027401e-03 9.966615e-01 -8.142150e-02 -4.535628e+00 -9.795200e-01 1.050275e-02 2.010728e-01 6.070303e+01
1.992171e-01 8.002911e-02 9.766821e-01 7.030591e+01 -2.217847e-03 9.966940e-01 -8.121650e-02 -4.584188e+00 -9.799529e-01 1.401358e-02 1.987360e-01 6.082684e+01
1.979315e-01 8.141984e-02 9.768285e-01 7.085982e+01 1.099975e-03 9.965252e-01 -8.328446e-02 -4.632752e+00 -9.802152e-01 1.755910e-02 1.971542e-01 6.091718e+01
1.951593e-01 8.341844e-02 9.772176e-01 7.140391e+01 4.888781e-03 9.962812e-01 -8.602211e-02 -4.680360e+00 -9.807594e-01 2.156542e-02 1.940257e-01 6.102396e+01
1.921795e-01 8.621307e-02 9.775655e-01 7.194130e+01 2.947620e-03 9.960785e-01 -8.842522e-02 -4.724699e+00 -9.813554e-01 1.987500e-02 1.911717e-01 6.114509e+01
1.907432e-01 8.864152e-02 9.776296e-01 7.247676e+01 3.146012e-03 9.958543e-01 -9.090776e-02 -4.772416e+00 -9.816349e-01 2.041568e-02 1.896736e-01 6.125316e+01
1.897381e-01 8.699740e-02 9.779728e-01 7.301254e+01 4.860088e-03 9.959712e-01 -8.954140e-02 -4.820875e+00 -9.818227e-01 2.174245e-02 1.885509e-01 6.135544e+01
1.900740e-01 8.586144e-02 9.780080e-01 7.355375e+01 1.147024e-02 9.959062e-01 -8.966198e-02 -4.857084e+00 -9.817028e-01 2.826040e-02 1.883110e-01 6.147096e+01
1.928053e-01 8.397733e-02 9.776369e-01 7.409707e+01 1.660979e-02 9.959090e-01 -8.882257e-02 -4.897351e+00 -9.810965e-01 3.336380e-02 1.906216e-01 6.155540e+01
1.937681e-01 8.295483e-02 9.775338e-01 7.463484e+01 1.975620e-02 9.958866e-01 -8.842837e-02 -4.948693e+00 -9.808484e-01 3.644695e-02 1.913322e-01 6.168027e+01
1.958964e-01 8.300447e-02 9.771054e-01 7.517903e+01 1.647833e-02 9.959919e-01 -8.791255e-02 -4.997876e+00 -9.804861e-01 3.332282e-02 1.937434e-01 6.179945e+01
2.014385e-01 8.337574e-02 9.759462e-01 7.573021e+01 1.499979e-02 9.959912e-01 -8.818421e-02 -5.051248e+00 -9.793863e-01 3.240268e-02 1.993803e-01 6.191244e+01
2.087137e-01 8.164867e-02 9.745625e-01 7.627979e+01 1.539545e-02 9.961110e-01 -8.675112e-02 -5.113061e+00 -9.778556e-01 3.310998e-02 2.066450e-01 6.200720e+01
2.168961e-01 8.151446e-02 9.727854e-01 7.683826e+01 1.342058e-02 9.961644e-01 -8.646581e-02 -5.160230e+00 -9.761024e-01 3.180944e-02 2.149702e-01 6.212685e+01
2.260777e-01 7.936787e-02 9.708705e-01 7.741503e+01 1.428840e-02 9.962978e-01 -8.477374e-02 -5.201457e+00 -9.740045e-01 3.303763e-02 2.241067e-01 6.225793e+01
2.348616e-01 7.899664e-02 9.688135e-01 7.797115e+01 1.108840e-02 9.964095e-01 -8.393489e-02 -5.246156e+00 -9.719656e-01 3.045567e-02 2.331423e-01 6.240472e+01
2.445158e-01 7.851057e-02 9.664616e-01 7.853139e+01 1.031908e-02 9.964495e-01 -8.355738e-02 -5.290178e+00 -9.695904e-01 3.040409e-02 2.428375e-01 6.255994e+01
2.545361e-01 8.275319e-02 9.635161e-01 7.911938e+01 5.319407e-03 9.961971e-01 -8.696531e-02 -5.329982e+00 -9.670486e-01 2.726115e-02 2.531280e-01 6.273206e+01
2.641440e-01 8.461813e-02 9.607641e-01 7.968328e+01 2.848234e-03 9.960711e-01 -8.851082e-02 -5.367873e+00 -9.644790e-01 2.611608e-02 2.628652e-01 6.289926e+01
2.748447e-01 8.709748e-02 9.575356e-01 8.028248e+01 -1.150743e-03 9.959177e-01 -9.025841e-02 -5.419145e+00 -9.614880e-01 2.370516e-02 2.738229e-01 6.308288e+01
2.851415e-01 8.874332e-02 9.543684e-01 8.087350e+01 -2.479807e-03 9.957696e-01 -9.185217e-02 -5.472793e+00 -9.584822e-01 2.382421e-02 2.841553e-01 6.327068e+01
2.947385e-01 8.975453e-02 9.513534e-01 8.147295e+01 -5.562430e-03 9.957234e-01 -9.221728e-02 -5.516686e+00 -9.555618e-01 2.188815e-02 2.939773e-01 6.347678e+01
3.044357e-01 8.987083e-02 9.482838e-01 8.207789e+01 -6.392180e-03 9.957095e-01 -9.231333e-02 -5.569751e+00 -9.525114e-01 2.204187e-02 3.037040e-01 6.369119e+01
3.145066e-01 9.103818e-02 9.448797e-01 8.270230e+01 -1.095967e-02 9.956724e-01 -9.228404e-02 -5.618845e+00 -9.491920e-01 1.866837e-02 3.141433e-01 6.391246e+01
3.254319e-01 8.590998e-02 9.416547e-01 8.333974e+01 -1.020803e-02 9.961252e-01 -8.735164e-02 -5.674377e+00 -9.455104e-01 1.881458e-02 3.250479e-01 6.413494e+01
3.361459e-01 7.940209e-02 9.384568e-01 8.399309e+01 -6.254382e-03 9.966060e-01 -8.208179e-02 -5.714499e+00 -9.417892e-01 2.172199e-02 3.355016e-01 6.438467e+01
3.469196e-01 7.501832e-02 9.348899e-01 8.465167e+01 -5.017589e-03 9.969302e-01 -7.813469e-02 -5.770471e+00 -9.378815e-01 2.241556e-02 3.462310e-01 6.464264e+01
3.573695e-01 7.135552e-02 9.312333e-01 8.531848e+01 -4.181735e-03 9.971894e-01 -7.480461e-02 -5.803045e+00 -9.339537e-01 2.283872e-02 3.566635e-01 6.492225e+01
3.667910e-01 6.935324e-02 9.277147e-01 8.600341e+01 8.863401e-04 9.971908e-01 -7.489751e-02 -5.855800e+00 -9.303030e-01 2.829400e-02 3.656991e-01 6.518769e+01
3.754079e-01 6.384918e-02 9.246579e-01 8.670070e+01 8.173983e-03 9.973576e-01 -7.218783e-02 -5.886477e+00 -9.268236e-01 3.465802e-02 3.738940e-01 6.547556e+01
3.825168e-01 5.409701e-02 9.223635e-01 8.740004e+01 1.803269e-02 9.976572e-01 -6.599142e-02 -5.932766e+00 -9.237726e-01 4.187552e-02 3.806451e-01 6.575951e+01
3.892832e-01 5.042961e-02 9.197366e-01 8.811529e+01 2.265579e-02 9.976739e-01 -6.429213e-02 -5.979019e+00 -9.208395e-01 4.586520e-02 3.872351e-01 6.607305e+01
3.964063e-01 5.032022e-02 9.166951e-01 8.882170e+01 2.500775e-02 9.975344e-01 -6.557183e-02 -6.025831e+00 -9.177345e-01 4.891757e-02 3.941706e-01 6.639646e+01
4.039378e-01 5.634699e-02 9.130494e-01 8.953505e+01 2.727217e-02 9.969158e-01 -7.358798e-02 -6.075278e+00 -9.143798e-01 5.462581e-02 4.011553e-01 6.671071e+01
4.113465e-01 6.076334e-02 9.094514e-01 9.024315e+01 3.105109e-02 9.962621e-01 -8.060790e-02 -6.122228e+00 -9.109500e-01 6.139723e-02 4.079222e-01 6.702155e+01
4.170474e-01 6.261709e-02 9.067252e-01 9.095978e+01 2.880102e-02 9.962125e-01 -8.204396e-02 -6.186875e+00 -9.084283e-01 6.033083e-02 4.136644e-01 6.733826e+01
4.204763e-01 6.481009e-02 9.049858e-01 9.164655e+01 2.141241e-02 9.964589e-01 -8.130956e-02 -6.239552e+00 -9.070508e-01 5.356667e-02 4.175996e-01 6.770354e+01
4.243295e-01 6.862442e-02 9.029037e-01 9.233363e+01 1.454780e-02 9.964788e-01 -8.257341e-02 -6.302641e+00 -9.053910e-01 4.817360e-02 4.218370e-01 6.804515e+01
4.279801e-01 7.217744e-02 9.009014e-01 9.301021e+01 1.277989e-02 9.962230e-01 -8.588550e-02 -6.369048e+00 -9.036978e-01 4.827071e-02 4.254413e-01 6.839426e+01
4.321326e-01 7.648412e-02 8.985608e-01 9.368400e+01 9.659941e-03 9.959472e-01 -8.941913e-02 -6.426036e+00 -9.017583e-01 4.732097e-02 4.296424e-01 6.872534e+01
4.355227e-01 7.967435e-02 8.966448e-01 9.435699e+01 7.874463e-03 9.957000e-01 -9.230105e-02 -6.461752e+00 -9.001433e-01 4.725980e-02 4.330226e-01 6.906874e+01
4.394680e-01 7.798581e-02 8.948665e-01 9.499992e+01 7.440000e-03 9.958739e-01 -9.044218e-02 -6.519447e+00 -8.982275e-01 4.640425e-02 4.370745e-01 6.939870e+01
4.433741e-01 7.509569e-02 8.931853e-01 9.565406e+01 7.992657e-03 9.961134e-01 -8.771703e-02 -6.586056e+00 -8.963010e-01 4.603039e-02 4.410507e-01 6.973093e+01
4.463256e-01 7.259535e-02 8.919212e-01 9.630482e+01 7.827443e-03 9.963492e-01 -8.501189e-02 -6.645339e+00 -8.948364e-01 4.492445e-02 4.441279e-01 7.007353e+01
4.491412e-01 7.223317e-02 8.905361e-01 9.692174e+01 6.707360e-03 9.964259e-01 -8.420496e-02 -6.699094e+00 -8.934356e-01 4.379306e-02 4.470514e-01 7.041106e+01
4.526174e-01 7.409514e-02 8.886211e-01 9.756439e+01 4.568326e-03 9.963360e-01 -8.540350e-02 -6.758241e+00 -8.916931e-01 4.271462e-02 4.506205e-01 7.074022e+01
4.549850e-01 7.435618e-02 8.873893e-01 9.815421e+01 6.105827e-03 9.962239e-01 -8.660625e-02 -6.812304e+00 -8.904782e-01 4.482279e-02 4.528129e-01 7.105542e+01
4.574008e-01 7.223759e-02 8.863218e-01 9.875709e+01 8.601492e-03 9.962891e-01 -8.563916e-02 -6.862368e+00 -8.892191e-01 4.679511e-02 4.550821e-01 7.136167e+01
4.587883e-01 7.102031e-02 8.857028e-01 9.934787e+01 1.043633e-02 9.963011e-01 -8.529462e-02 -6.923274e+00 -8.884843e-01 4.837567e-02 4.563501e-01 7.167967e+01
4.605808e-01 7.098486e-02 8.847748e-01 9.993126e+01 8.785133e-03 9.963837e-01 -8.451237e-02 -6.983988e+00 -8.875743e-01 4.669764e-02 4.582916e-01 7.198850e+01
4.632537e-01 7.077250e-02 8.833953e-01 1.005280e+02 9.514126e-03 9.963516e-01 -8.481112e-02 -7.035867e+00 -8.861746e-01 4.769380e-02 4.608902e-01 7.225371e+01
4.669204e-01 7.252197e-02 8.813206e-01 1.011149e+02 9.265559e-03 9.961755e-01 -8.688200e-02 -7.080709e+00 -8.842508e-01 4.873290e-02 4.644627e-01 7.252139e+01
4.703175e-01 7.249251e-02 8.795148e-01 1.016807e+02 1.198419e-02 9.960039e-01 -8.850242e-02 -7.135868e+00 -8.824159e-01 5.216451e-02 4.675692e-01 7.279990e+01
4.738658e-01 7.169505e-02 8.776736e-01 1.022243e+02 1.437085e-02 9.959178e-01 -8.911312e-02 -7.182418e+00 -8.804798e-01 5.484057e-02 4.709011e-01 7.309062e+01
4.762317e-01 7.021794e-02 8.765117e-01 1.027617e+02 1.656515e-02 9.959132e-01 -8.878355e-02 -7.241141e+00 -8.791638e-01 5.680109e-02 4.731222e-01 7.338852e+01
4.793895e-01 6.899897e-02 8.748856e-01 1.032872e+02 1.841338e-02 9.958942e-01 -8.863200e-02 -7.292831e+00 -8.774090e-01 5.859885e-02 4.761508e-01 7.368632e+01
4.835672e-01 6.854151e-02 8.726195e-01 1.038277e+02 1.979259e-02 9.958183e-01 -8.918656e-02 -7.332846e+00 -8.750834e-01 6.039909e-02 4.801884e-01 7.394468e+01
4.871792e-01 6.758201e-02 8.706831e-01 1.043436e+02 2.057298e-02 9.958363e-01 -8.880768e-02 -7.385982e+00 -8.730597e-01 6.117780e-02 4.837604e-01 7.422626e+01
