1.000000e+00 0.000000e+00 0.000000e+00 0.000000e+00 0.000000e+00 1.000000e+00 0.000000e+00 0.000000e+00 0.000000e+00 0.000000e+00 1.000000e+00 0.000000e+00
9.999995e-01 -9.432672e-04 -4.258753e-04 -1.389070e-02 9.445738e-04 9.999948e-01 3.078473e-03 -2.636600e-02 4.229693e-04 -3.078873e-03 9.999952e-01 1.523431e+00
9.999976e-01 -1.366689e-03 -1.694237e-03 -5.062300e-02 1.373543e-03 9.999909e-01 4.051209e-03 -3.671139e-02 1.688685e-03 -4.053527e-03 9.999904e-01 3.037122e+00
9.999951e-01 4.278467e-07 -3.116933e-03 -7.969432e-02 1.362607e-05 9.999898e-01 4.508871e-03 -5.991751e-02 3.116903e-03 -4.508891e-03 9.999850e-01 4.549960e+00
9.999908e-01 8.292017e-05 -4.287428e-03 -1.132018e-01 -6.253042e-05 9.999887e-01 4.755622e-03 -8.019011e-02 4.287774e-03 -4.755310e-03 9.999795e-01 6.085531e+00
9.999864e-01 -2.535221e-04 -5.214488e-03 -1.384073e-01 2.799616e-04 9.999871e-01 5.070278e-03 -9.179277e-02 5.213135e-03 -5.071669e-03 9.999736e-01 7.569306e+00
9.999811e-01 7.543728e-05 -6.146276e-03 -1.705391e-01 -4.503843e-05 9.999878e-01 4.945886e-03 -9.268176e-02 6.146574e-03 -4.945515e-03 9.999689e-01 9.069394e+00
9.999687e-01 -8.851470e-04 -7.861620e-03 -1.749824e-01 9.142150e-04 9.999928e-01 3.694633e-03 -1.011840e-01 7.858293e-03 -3.701705e-03 9.999623e-01 1.056442e+01
9.999559e-01 -2.524849e-03 -9.044098e-03 -1.957465e-01 2.564341e-03 9.999872e-01 4.357667e-03 -1.186786e-01 9.032980e-03 -4.380667e-03 9.999496e-01 1.205754e+01
9.999420e-01 -2.400474e-03 -1.049682e-02 -2.533558e-01 2.451164e-03 9.999854e-01 4.818925e-03 -1.473876e-01 1.048510e-02 -4.844375e-03 9.999333e-01 1.354507e+01
9.999217e-01 -1.669890e-03 -1.240182e-02 -2.740946e-01 1.733560e-03 9.999854e-01 5.124997e-03 -1.700940e-01 1.239308e-02 -5.146095e-03 9.999100e-01 1.502972e+01
9.999085e-01 -2.242197e-04 -1.352782e-02 -3.007602e-01 3.092052e-04 9.999802e-01 6.280511e-03 -1.959743e-01 1.352614e-02 -6.284119e-03 9.998888e-01 1.651224e+01
9.999110e-01 1.838516e-03 -1.321603e-02 -3.447027e-01 -1.750171e-03 9.999761e-01 6.693128e-03 -2.037016e-01 1.322801e-02 -6.669402e-03 9.998903e-01 1.798574e+01
9.999076e-01 2.026581e-03 -1.344124e-02 -3.852177e-01 -1.918814e-03 9.999660e-01 8.025690e-03 -2.259332e-01 1.345705e-02 -7.999157e-03 9.998775e-01 1.945875e+01
9.999085e-01 1.931060e-03 -1.338755e-02 -4.086144e-01 -1.823367e-03 9.999659e-01 8.051811e-03 -2.425471e-01 1.340264e-02 -8.026664e-03 9.998780e-01 2.092079e+01
9.999007e-01 2.617789e-03 -1.384990e-02 -4.165936e-01 -2.509776e-03 9.999663e-01 7.810498e-03 -2.315999e-01 1.386988e-02 -7.774962e-03 9.998736e-01 2.237817e+01
9.998997e-01 4.933599e-03 -1.327230e-02 -4.522152e-01 -4.820317e-03 9.999518e-01 8.553694e-03 -2.610165e-01 1.331386e-02 -8.488860e-03 9.998753e-01 2.383012e+01
9.999084e-01 6.013256e-03 -1.212512e-02 -5.105337e-01 -5.896486e-03 9.999361e-01 9.643305e-03 -2.671476e-01 1.218233e-02 -9.570927e-03 9.998800e-01 2.527032e+01
9.999001e-01 5.752078e-03 -1.290903e-02 -5.172922e-01 -5.641057e-03 9.999469e-01 8.620224e-03 -2.935349e-01 1.295793e-02 -8.546543e-03 9.998795e-01 2.670359e+01
9.998892e-01 7.639823e-03 -1.277620e-02 -5.609103e-01 -7.549138e-03 9.999461e-01 7.131221e-03 -3.156505e-01 1.282999e-02 -7.033982e-03 9.998930e-01 2.812870e+01
9.999347e-01 6.335463e-03 -9.511383e-03 -6.856820e-01 -6.273472e-03 9.999590e-01 6.533372e-03 -2.997909e-01 9.552385e-03 -6.473276e-03 9.999334e-01 2.954500e+01
9.999421e-01 5.102152e-03 -9.472041e-03 -6.840768e-01 -5.012621e-03 9.999428e-01 9.451973e-03 -3.129360e-01 9.519724e-03 -9.403946e-03 9.999105e-01 3.095662e+01
9.999535e-01 3.459433e-03 -9.003811e-03 -6.889685e-01 -3.356272e-03 9.999288e-01 1.144756e-02 -3.657032e-01 9.042773e-03 -1.141681e-02 9.998939e-01 3.235044e+01
9.999522e-01 2.764346e-03 -9.380540e-03 -6.940450e-01 -2.668128e-03 9.999439e-01 1.025419e-02 -3.612301e-01 9.408359e-03 -1.022867e-02 9.999034e-01 3.373493e+01
9.999643e-01 2.731416e-03 -8.000130e-03 -7.225161e-01 -2.660521e-03 9.999572e-01 8.859071e-03 -3.743240e-01 8.023985e-03 -8.837469e-03 9.999288e-01 3.510281e+01
9.999696e-01 3.664873e-03 -6.882481e-03 -7.584465e-01 -3.605686e-03 9.999566e-01 8.592475e-03 -3.855087e-01 6.913672e-03 -8.567398e-03 9.999394e-01 3.645900e+01
9.999725e-01 3.693002e-03 -6.431436e-03 -7.574587e-01 -3.644523e-03 9.999650e-01 7.533213e-03 -3.974952e-01 6.459030e-03 -7.509567e-03 9.999509e-01 3.779360e+01
9.999831e-01 3.533346e-03 -4.613770e-03 -7.952410e-01 -3.491820e-03 9.999536e-01 8.977703e-03 -4.231121e-01 4.645277e-03 -8.961441e-03 9.999491e-01 3.911701e+01
9.999851e-01 4.022223e-03 -3.677285e-03 -7.908906e-01 -3.981478e-03 9.999313e-01 1.102108e-02 -4.319997e-01 3.721362e-03 -1.100628e-02 9.999325e-01 4.042046e+01
9.999954e-01 1.688315e-03 -2.517717e-03 -7.815635e-01 -1.655844e-03 9.999161e-01 1.284368e-02 -4.673466e-01 2.539190e-03 -1.283945e-02 9.999143e-01 4.170253e+01
9.999970e-01 1.953348e-03 -1.497135e-03 -7.417541e-01 -1.932166e-03 9.998998e-01 1.402191e-02 -5.064416e-01 1.524374e-03 -1.401897e-02 9.999006e-01 4.296482e+01
9.999956e-01 5.129000e-04 2.909943e-03 -7.987264e-01 -5.515068e-04 9.999116e-01 1.328196e-02 -5.042673e-01 -2.902874e-03 -1.328351e-02 9.999076e-01 4.420489e+01
9.999753e-01 3.182121e-04 7.026286e-03 -8.155226e-01 -4.018362e-04 9.999291e-01 1.190340e-02 -5.225564e-01 -7.022000e-03 -1.190593e-02 9.999045e-01 4.543811e+01
9.999440e-01 -1.734730e-03 1.043674e-02 -7.912253e-01 1.627246e-03 9.999456e-01 1.029826e-02 -5.324218e-01 -1.045404e-02 -1.028070e-02 9.998925e-01 4.665816e+01
9.998982e-01 -2.886596e-03 1.397175e-02 -7.624825e-01 2.733050e-03 9.999358e-01 1.099635e-02 -5.384009e-01 -1.400260e-02 -1.095704e-02 9.998419e-01 4.786755e+01
9.998051e-01 -1.724495e-03 1.966757e-02 -7.380928e-01 1.509569e-03 9.999390e-01 1.093758e-02 -5.431040e-01 -1.968524e-02 -1.090576e-02 9.997467e-01 4.906549e+01
9.996455e-01 1.001858e-03 2.660623e-02 -7.338304e-01 -1.280472e-03 9.999445e-01 1.045677e-02 -5.546961e-01 -2.659428e-02 -1.048713e-02 9.995913e-01 5.025132e+01
9.994109e-01 2.579369e-03 3.422247e-02 -6.995069e-01 -2.966814e-03 9.999320e-01 1.127541e-02 -5.777153e-01 -3.419106e-02 -1.137030e-02 9.993506e-01 5.142852e+01
9.990628e-01 3.905950e-03 4.310796e-02 -6.511415e-01 -4.429673e-03 9.999175e-01 1.206027e-02 -6.011394e-01 -4.305729e-02 -1.223993e-02 9.989976e-01 5.259210e+01
9.985160e-01 6.129653e-03 5.411384e-02 -6.159557e-01 -6.800623e-03 9.999022e-01 1.222381e-02 -6.007657e-01 -5.403362e-02 -1.257368e-02 9.984599e-01 5.374078e+01
9.976550e-01 7.210538e-03 6.806296e-02 -5.836748e-01 -8.073791e-03 9.998903e-01 1.241660e-02 -6.301280e-01 -6.796596e-02 -1.293701e-02 9.976038e-01 5.487303e+01
9.964485e-01 1.028309e-02 8.357378e-02 -5.252166e-01 -1.143793e-02 9.998454e-01 1.335116e-02 -6.430953e-01 -8.342358e-02 -1.425966e-02 9.964121e-01 5.599334e+01
9.950011e-01 1.298228e-02 9.901619e-02 -4.121865e-01 -1.459302e-02 9.997724e-01 1.556056e-02 -6.952707e-01 -9.879165e-02 -1.692772e-02 9.949642e-01 5.710062e+01
9.928308e-01 1.426521e-02 1.186737e-01 -3.220817e-01 -1.630833e-02 9.997347e-01 1.626298e-02 -7.051303e-01 -1.184103e-01 -1.808176e-02 9.928001e-01 5.819573e+01
9.903434e-01 1.336586e-02 1.379899e-01 -1.791542e-01 -1.574365e-02 9.997456e-01 1.615452e-02 -7.369061e-01 -1.377389e-01 -1.817099e-02 9.903019e-01 5.927158e+01
9.871171e-01 1.209059e-02 1.595421e-01 -5.438236e-02 -1.468131e-02 9.997787e-01 1.506974e-02 -7.398337e-01 -1.593246e-01 -1.721788e-02 9.870761e-01 6.033920e+01
9.835574e-01 8.581704e-03 1.803916e-01 1.371280e-01 -1.152382e-02 9.998170e-01 1.526792e-02 -7.486844e-01 -1.802276e-01 -1.709567e-02 9.834764e-01 6.138561e+01
9.792650e-01 4.111362e-03 2.025419e-01 3.352864e-01 -7.690402e-03 9.998278e-01 1.688682e-02 -7.432702e-01 -2.024376e-01 -1.809430e-02 9.791280e-01 6.241913e+01
9.741909e-01 -1.754725e-03 2.257188e-01 5.633887e-01 -2.467388e-03 9.998273e-01 1.842172e-02 -7.484809e-01 -2.257122e-01 -1.850321e-02 9.740183e-01 6.343354e+01
9.681968e-01 -6.639306e-03 2.501017e-01 7.988666e-01 2.449079e-03 9.998514e-01 1.706158e-02 -7.297410e-01 -2.501778e-01 -1.590644e-02 9.680692e-01 6.442964e+01
9.611471e-01 -1.253193e-02 2.757520e-01 1.071294e+00 8.509178e-03 9.998393e-01 1.577992e-02 -7.338486e-01 -2.759054e-01 -1.282040e-02 9.610993e-01 6.540740e+01
9.529337e-01 -1.644130e-02 3.027326e-01 1.364369e+00 1.201817e-02 9.997922e-01 1.646790e-02 -7.314298e-01 -3.029405e-01 -1.205452e-02 9.529332e-01 6.636801e+01
9.444959e-01 -1.980772e-02 3.279255e-01 1.733215e+00 1.444334e-02 9.997192e-01 1.878622e-02 -7.219460e-01 -3.282055e-01 -1.300717e-02 9.445168e-01 6.729657e+01
9.345299e-01 -2.451978e-02 3.550390e-01 2.076275e+00 1.776665e-02 9.995941e-01 2.226900e-02 -7.466021e-01 -3.554409e-01 -1.450319e-02 9.345862e-01 6.821933e+01
9.231951e-01 -2.751815e-02 3.833453e-01 2.443819e+00 2.079155e-02 9.995487e-01 2.168039e-02 -7.407173e-01 -3.837690e-01 -1.204488e-02 9.233506e-01 6.911545e+01
9.109450e-01 -2.692677e-02 4.116481e-01 2.824618e+00 2.149654e-02 9.996102e-01 1.781645e-02 -7.472440e-01 -4.119673e-01 -7.380794e-03 9.111687e-01 6.999633e+01
8.983535e-01 -2.735766e-02 4.384206e-01 3.326625e+00 2.435309e-02 9.996256e-01 1.247601e-02 -7.400144e-01 -4.385978e-01 -5.309679e-04 8.986833e-01 7.081042e+01
8.845460e-01 -2.955113e-02 4.655160e-01 3.820712e+00 2.804747e-02 9.995550e-01 1.015799e-02 -7.321360e-01 -4.656091e-01 4.071339e-03 8.849811e-01 7.162761e+01
8.692683e-01 -3.030585e-02 4.934108e-01 4.342940e+00 2.702059e-02 9.995398e-01 1.378924e-02 -7.489897e-01 -4.936017e-01 1.345704e-03 8.696871e-01 7.242682e+01
8.506904e-01 -2.837542e-02 5.249006e-01 4.791945e+00 2.198414e-02 9.995888e-01 1.840739e-02 -7.268218e-01 -5.252071e-01 -4.119504e-03 8.509645e-01 7.325528e+01
8.320706e-01 -2.794660e-02 5.539652e-01 5.360261e+00 1.986447e-02 9.995906e-01 2.059068e-02 -6.963415e-01 -5.543139e-01 -6.128670e-03 8.322852e-01 7.399142e+01
8.120546e-01 -2.215403e-02 5.831607e-01 5.953018e+00 1.548168e-02 9.997453e-01 1.642157e-02 -7.111653e-01 -5.833760e-01 -4.306909e-03 8.121908e-01 7.469962e+01
7.871861e-01 -1.480761e-02 6.165378e-01 6.410074e+00 1.211599e-02 9.998901e-01 8.545201e-03 -6.907187e-01 -6.165966e-01 7.433048e-04 7.872789e-01 7.549457e+01
7.651423e-01 -1.258949e-02 6.437381e-01 7.035806e+00 1.150957e-02 9.999165e-01 5.875030e-03 -6.816588e-01 -6.437583e-01 2.913915e-03 7.652234e-01 7.617167e+01
7.425728e-01 -1.515563e-02 6.695939e-01 7.692124e+00 1.110207e-02 9.998851e-01 1.031938e-02 -7.289511e-01 -6.696734e-01 -2.290139e-04 7.426557e-01 7.680371e+01
7.185748e-01 -1.617977e-02 6.952614e-01 8.342958e+00 1.034758e-02 9.998674e-01 1.257386e-02 -7.939058e-01 -6.953727e-01 -1.840984e-03 7.186470e-01 7.741918e+01
6.915618e-01 -1.357569e-02 7.221897e-01 8.949833e+00 1.071106e-02 9.999062e-01 8.539386e-03 -7.686177e-01 -7.222379e-01 1.829902e-03 6.916423e-01 7.808311e+01
6.644405e-01 -1.112474e-02 7.472584e-01 9.595720e+00 9.621572e-03 9.999337e-01 6.331198e-03 -7.885514e-01 -7.472792e-01 2.983096e-03 6.645035e-01 7.870540e+01
6.395094e-01 -8.964525e-03 7.687310e-01 1.034601e+01 6.759033e-03 9.999589e-01 6.038122e-03 -8.168197e-01 -7.687536e-01 1.334442e-03 6.395437e-01 7.920723e+01
6.113901e-01 -6.883796e-03 7.912994e-01 1.105778e+01 6.571993e-03 9.999718e-01 3.621323e-03 -8.002244e-01 -7.913020e-01 2.986373e-03 6.114182e-01 7.975966e+01
5.814205e-01 7.019066e-04 8.136029e-01 1.176344e+01 5.724642e-03 9.999713e-01 -4.953658e-03 -7.645281e-01 -8.135831e-01 7.537743e-03 5.813998e-01 8.032505e+01
5.513225e-01 1.090327e-02 8.342209e-01 1.253079e+01 4.155446e-03 9.998663e-01 -1.581452e-02 -7.523138e-01 -8.342818e-01 1.218546e-02 5.512035e-01 8.083096e+01
5.191358e-01 2.098347e-02 8.544342e-01 1.329490e+01 3.368617e-03 9.996406e-01 -2.659620e-02 -7.269437e-01 -8.546851e-01 1.668530e-02 5.188785e-01 8.135556e+01
4.889022e-01 2.506993e-02 8.719783e-01 1.411992e+01 1.224614e-04 9.995850e-01 -2.880736e-02 -7.836439e-01 -8.723386e-01 1.419077e-02 4.886962e-01 8.177662e+01
4.529204e-01 2.541969e-02 8.911885e-01 1.490390e+01 -1.537546e-03 9.996142e-01 -2.773094e-02 -7.971995e-01 -8.915496e-01 1.118967e-02 4.527847e-01 8.228938e+01
4.193509e-01 2.458286e-02 9.074913e-01 1.573652e+01 -4.879457e-03 9.996799e-01 -2.482535e-02 -7.932663e-01 -9.078111e-01 5.982467e-03 4.193366e-01 8.270142e+01
3.851273e-01 2.547352e-02 9.225118e-01 1.660281e+01 -9.467024e-03 9.996754e-01 -2.365200e-02 -8.496030e-01 -9.228149e-01 3.755878e-04 3.852434e-01 8.306131e+01
3.511569e-01 2.765399e-02 9.359082e-01 1.748707e+01 -1.597896e-02 9.995952e-01 -2.354042e-02 -8.908165e-01 -9.361803e-01 -6.688460e-03 3.514566e-01 8.337817e+01
3.128662e-01 2.868515e-02 9.493640e-01 1.835906e+01 -2.023364e-02 9.995183e-01 -2.353250e-02 -9.357971e-01 -9.495817e-01 -1.184657e-02 3.132959e-01 8.374390e+01
2.781269e-01 2.683457e-02 9.601694e-01 1.928025e+01 -2.196519e-02 9.995260e-01 -2.157196e-02 -9.782627e-01 -9.602932e-01 -1.509056e-02 2.785845e-01 8.397630e+01
2.415984e-01 2.658012e-02 9.700122e-01 2.020896e+01 -2.214356e-02 9.995155e-01 -2.187332e-02 -9.936027e-01 -9.701236e-01 -1.619497e-02 2.420699e-01 8.421604e+01
2.060016e-01 2.583907e-02 9.782104e-01 2.115198e+01 -2.091741e-02 9.995392e-01 -2.199745e-02 -1.018171e+00 -9.783281e-01 -1.593011e-02 2.064472e-01 8.439866e+01
1.703657e-01 2.454538e-02 9.850751e-01 2.209847e+01 -1.938136e-02 9.995798e-01 -2.155485e-02 -1.043847e+00 -9.851903e-01 -1.541989e-02 1.707699e-01 8.458289e+01
1.364093e-01 2.362199e-02 9.903709e-01 2.305324e+01 -1.175021e-02 9.996839e-01 -2.222570e-02 -1.082790e+00 -9.905829e-01 -8.605271e-03 1.366437e-01 8.468673e+01
1.035785e-01 2.649711e-02 9.942683e-01 2.401340e+01 -9.227286e-03 9.996277e-01 -2.567868e-02 -1.121041e+00 -9.945785e-01 -6.514639e-03 1.037844e-01 8.475846e+01
6.975896e-02 3.164837e-02 9.970617e-01 2.497394e+01 -9.433233e-03 9.994729e-01 -3.106491e-02 -1.151839e+00 -9.975193e-01 -7.238459e-03 7.002074e-02 8.485363e+01
3.990937e-02 3.604610e-02 9.985529e-01 2.594446e+01 -1.659623e-03 9.993501e-01 -3.600855e-02 -1.177735e+00 -9.992019e-01 -2.201433e-04 3.994326e-02 8.489837e+01
1.386657e-02 3.414984e-02 9.993205e-01 2.692562e+01 5.075255e-04 9.994162e-01 -3.416015e-02 -1.218484e+00 -9.999037e-01 9.808647e-04 1.384114e-02 8.492955e+01
-8.309519e-03 3.134182e-02 9.994742e-01 2.790920e+01 2.615642e-03 9.995060e-01 -3.132107e-02 -1.248961e+00 -9.999621e-01 2.354003e-03 -8.387393e-03 8.492866e+01
-2.599037e-02 2.979256e-02 9.992181e-01 2.888874e+01 2.995526e-03 9.995536e-01 -2.972465e-02 -1.274470e+00 -9.996577e-01 2.220629e-03 -2.606802e-02 8.487813e+01
-4.204878e-02 3.283847e-02 9.985758e-01 2.987107e+01 4.980330e-03 9.994542e-01 -3.265764e-02 -1.312182e+00 -9.991031e-01 3.600023e-03 -4.218938e-02 8.482385e+01
-5.643136e-02 3.703613e-02 9.977193e-01 3.085830e+01 8.229152e-03 9.992950e-01 -3.662918e-02 -1.348718e+00 -9.983726e-01 6.143350e-03 -5.669635e-02 8.477090e+01
-6.887091e-02 4.268569e-02 9.967120e-01 3.185107e+01 1.257655e-02 9.990420e-01 -4.191646e-02 -1.384338e+00 -9.975463e-01 9.648371e-03 -6.934176e-02 8.472353e+01
-7.763052e-02 4.534990e-02 9.959502e-01 3.284145e+01 1.836101e-02 9.988605e-01 -4.405125e-02 -1.452982e+00 -9.968131e-01 1.486693e-02 -7.837474e-02 8.465592e+01
-8.302968e-02 5.098700e-02 9.952419e-01 3.383294e+01 2.173014e-02 9.985455e-01 -4.934337e-02 -1.501688e+00 -9.963101e-01 1.752978e-02 -8.401687e-02 8.457186e+01
-8.596616e-02 5.660206e-02 9.946889e-01 3.483084e+01 2.342604e-02 9.982237e-01 -5.477861e-02 -1.545541e+00 -9.960226e-01 1.859251e-02 -8.713942e-02 8.447002e+01
-8.862135e-02 6.090670e-02 9.942015e-01 3.583028e+01 2.587933e-02 9.979326e-01 -5.882844e-02 -1.611329e+00 -9.957291e-01 2.051581e-02 -9.001436e-02 8.437102e+01
-9.135291e-02 6.344561e-02 9.937954e-01 3.683318e+01 2.597085e-02 9.977807e-01 -6.131271e-02 -1.685193e+00 -9.954799e-01 2.020862e-02 -9.279790e-02 8.429416e+01
-9.428602e-02 6.773561e-02 9.932382e-01 3.783869e+01 2.658730e-02 9.974982e-01 -6.550225e-02 -1.750594e+00 -9.951901e-01 2.023157e-02 -9.585103e-02 8.422295e+01
-9.553601e-02 7.138524e-02 9.928630e-01 3.884203e+01 2.778338e-02 9.972279e-01 -6.902567e-02 -1.833993e+00 -9.950382e-01 2.099066e-02 -9.725450e-02 8.407606e+01
-9.686585e-02 7.331207e-02 9.925937e-01 3.985745e+01 3.023795e-02 9.970399e-01 -7.068958e-02 -1.900408e+00 -9.948380e-01 2.316659e-02 -9.879593e-02 8.394429e+01
-9.791265e-02 7.200463e-02 9.925867e-01 4.087222e+01 3.116092e-02 9.971119e-01 -6.925906e-02 -1.978186e+00 -9.947070e-01 2.414858e-02 -9.987360e-02 8.380794e+01
-9.942500e-02 7.217763e-02 9.924238e-01 4.189081e+01 3.051667e-02 9.971177e-01 -6.946173e-02 -2.049805e+00 -9.945770e-01 2.337924e-02 -1.013411e-01 8.369816e+01
-1.021117e-01 7.427506e-02 9.919962e-01 4.291613e+01 3.058112e-02 9.969717e-01 -7.149971e-02 -2.113862e+00 -9.943028e-01 2.303539e-02 -1.040739e-01 8.361862e+01
-1.042843e-01 7.644708e-02 9.916051e-01 4.394592e+01 2.971299e-02 9.968358e-01 -7.372551e-02 -2.201145e+00 -9.941036e-01 2.177514e-02 -1.062258e-01 8.352091e+01
-1.064873e-01 7.928545e-02 9.911480e-01 4.498093e+01 2.948035e-02 9.966293e-01 -7.655661e-02 -2.265630e+00 -9.938769e-01 2.106708e-02 -1.084657e-01 8.341423e+01
-1.080171e-01 8.310424e-02 9.906695e-01 4.601506e+01 2.679041e-02 9.963814e-01 -8.066232e-02 -2.346596e+00 -9.937880e-01 1.782753e-02 -1.098526e-01 8.329101e+01
-1.101861e-01 8.822046e-02 9.899880e-01 4.705855e+01 2.355413e-02 9.960050e-01 -8.613506e-02 -2.423336e+00 -9.936318e-01 1.382742e-02 -1.118239e-01 8.319038e+01
-1.134923e-01 9.131746e-02 9.893334e-01 4.810828e+01 2.200809e-02 9.957539e-01 -8.938540e-02 -2.494807e+00 -9.932951e-01 1.162879e-02 -1.150201e-01 8.311532e+01
-1.156432e-01 9.045718e-02 9.891634e-01 4.916396e+01 1.991646e-02 9.958556e-01 -8.874074e-02 -2.573546e+00 -9.930911e-01 9.438371e-03 -1.169655e-01 8.298081e+01
-1.190595e-01 8.681599e-02 9.890843e-01 5.022172e+01 1.657943e-02 9.962049e-01 -8.544527e-02 -2.643311e+00 -9.927487e-01 6.225384e-03 -1.200471e-01 8.287084e+01
-1.216853e-01 8.513766e-02 9.889106e-01 5.127879e+01 1.732154e-02 9.963450e-01 -8.364629e-02 -2.752620e+00 -9.924176e-01 6.950928e-03 -1.227152e-01 8.276344e+01
-1.251767e-01 8.570612e-02 9.884256e-01 5.234003e+01 1.569506e-02 9.963082e-01 -8.440195e-02 -2.848367e+00 -9.920103e-01 4.948245e-03 -1.260597e-01 8.268841e+01
-1.260235e-01 8.796284e-02 9.881197e-01 5.339065e+01 1.656821e-02 9.961088e-01 -8.656094e-02 -2.967764e+00 -9.918889e-01 5.462666e-03 -1.269905e-01 8.251650e+01
-1.262177e-01 9.087574e-02 9.878313e-01 5.445683e+01 1.638368e-02 9.958503e-01 -8.952006e-02 -3.066444e+00 -9.918673e-01 4.885298e-03 -1.271828e-01 8.236506e+01
-1.265297e-01 9.154346e-02 9.877297e-01 5.552967e+01 1.510571e-02 9.957950e-01 -9.035589e-02 -3.178215e+00 -9.918478e-01 3.487658e-03 -1.273804e-01 8.224691e+01
-1.263640e-01 9.162113e-02 9.877437e-01 5.660650e+01 1.187597e-02 9.957939e-01 -9.084853e-02 -3.255287e+00 -9.919128e-01 2.504228e-04 -1.269206e-01 8.212124e+01
-1.256983e-01 9.133037e-02 9.878556e-01 5.768026e+01 8.396578e-03 9.958157e-01 -9.099790e-02 -3.348105e+00 -9.920330e-01 -3.143679e-03 -1.259392e-01 8.197363e+01
-1.267085e-01 9.236772e-02 9.876301e-01 5.876296e+01 1.719358e-03 9.956740e-01 -9.289944e-02 -3.438655e+00 -9.919385e-01 -1.007306e-02 -1.263192e-01 8.184018e+01
-1.280372e-01 9.209740e-02 9.874839e-01 5.985610e+01 -1.703876e-03 9.956571e-01 -9.308059e-02 -3.560753e+00 -9.917679e-01 -1.360033e-02 -1.273242e-01 8.176705e+01
-1.286899e-01 9.170135e-02 9.874360e-01 6.096322e+01 -5.799688e-03 9.956288e-01 -9.321806e-02 -3.671462e+00 -9.916679e-01 -1.772304e-02 -1.275955e-01 8.165044e+01
-1.308060e-01 8.604529e-02 9.876669e-01 6.206824e+01 -5.136871e-03 9.961543e-01 -8.746503e-02 -3.797998e+00 -9.913947e-01 -1.651447e-02 -1.298610e-01 8.157612e+01
-1.304836e-01 7.738400e-02 9.884259e-01 6.317431e+01 1.408267e-05 9.969495e-01 -7.804945e-02 -3.916883e+00 -9.914505e-01 -1.017025e-02 -1.300866e-01 8.143205e+01
-1.315411e-01 7.198419e-02 9.886937e-01 6.427761e+01 3.781195e-03 9.973892e-01 -7.211421e-02 -4.002380e+00 -9.913035e-01 -5.747539e-03 -1.314698e-01 8.130454e+01
-1.302598e-01 7.411918e-02 9.887056e-01 6.537899e+01 1.187407e-02 9.972470e-01 -7.319511e-02 -4.084494e+00 -9.914088e-01 2.205586e-03 -1.307813e-01 8.114401e+01
-1.295919e-01 7.973267e-02 9.883565e-01 6.648514e+01 1.600866e-02 9.968001e-01 -7.831480e-02 -4.170979e+00 -9.914382e-01 5.673302e-03 -1.304537e-01 8.098703e+01
-1.276191e-01 8.553376e-02 9.881282e-01 6.759189e+01 1.914905e-02 9.963013e-01 -8.376809e-02 -4.257333e+00 -9.916384e-01 8.231305e-03 -1.287850e-01 8.080420e+01
-1.276615e-01 9.007935e-02 9.877187e-01 6.871773e+01 2.024714e-02 9.958963e-01 -8.820822e-02 -4.350695e+00 -9.916111e-01 8.737686e-03 -1.289614e-01 8.068584e+01
-1.268462e-01 8.686561e-02 9.881115e-01 6.984519e+01 1.774841e-02 9.961974e-01 -8.529803e-02 -4.467638e+00 -9.917636e-01 6.717678e-03 -1.279056e-01 8.053377e+01
-1.262093e-01 8.248148e-02 9.885687e-01 7.097873e+01 1.898444e-02 9.965557e-01 -8.072416e-02 -4.588924e+00 -9.918220e-01 8.579284e-03 -1.273405e-01 8.040661e+01
-1.267261e-01 8.048542e-02 9.886671e-01 7.210949e+01 1.672007e-02 9.967345e-01 -7.899901e-02 -4.683192e+00 -9.917968e-01 6.519352e-03 -1.276580e-01 8.027052e+01
-1.268329e-01 8.070881e-02 9.886352e-01 7.324407e+01 1.507282e-02 9.967260e-01 -7.943561e-02 -4.784453e+00 -9.918096e-01 4.826476e-03 -1.276341e-01 8.013281e+01
-1.256555e-01 8.680896e-02 9.882686e-01 7.437769e+01 1.413418e-02 9.962198e-01 -8.571027e-02 -4.856022e+00 -9.919732e-01 3.198398e-03 -1.264075e-01 7.995161e+01
-1.256838e-01 8.894340e-02 9.880752e-01 7.552837e+01 1.416298e-02 9.960323e-01 -8.785813e-02 -4.972096e+00 -9.919693e-01 2.951753e-03 -1.264448e-01 7.983773e+01
-1.257591e-01 8.769561e-02 9.881772e-01 7.669079e+01 1.512162e-02 9.961390e-01 -8.647775e-02 -5.086408e+00 -9.919456e-01 4.067476e-03 -1.265996e-01 7.972235e+01
-1.255780e-01 8.194520e-02 9.886937e-01 7.784621e+01 1.551107e-02 9.966232e-01 -8.063229e-02 -5.172907e+00 -9.919625e-01 5.210053e-03 -1.264250e-01 7.956771e+01
-1.264202e-01 8.163818e-02 9.886117e-01 7.900283e+01 1.343719e-02 9.966572e-01 -8.058427e-02 -5.245431e+00 -9.918858e-01 3.096687e-03 -1.270946e-01 7.942340e+01
-1.273205e-01 8.402302e-02 9.882963e-01 8.016338e+01 1.117934e-02 9.964637e-01 -8.327718e-02 -5.354806e+00 -9.917986e-01 4.456077e-04 -1.278096e-01 7.930406e+01
-1.275061e-01 8.644695e-02 9.880633e-01 8.133534e+01 1.054092e-02 9.962563e-01 -8.580349e-02 -5.482276e+00 -9.917818e-01 -5.253710e-04 -1.279400e-01 7.917549e+01
-1.276296e-01 8.655429e-02 9.880380e-01 8.249519e+01 9.238698e-03 9.962454e-01 -8.607988e-02 -5.575538e+00 -9.917789e-01 -1.858158e-03 -1.279501e-01 7.903573e+01
-1.278684e-01 8.278094e-02 9.883304e-01 8.365760e+01 7.994640e-03 9.965643e-01 -8.243627e-02 -5.687589e+00 -9.917589e-01 -2.639648e-03 -1.280909e-01 7.891452e+01
-1.282165e-01 8.112035e-02 9.884230e-01 8.482686e+01 8.469377e-03 9.967024e-01 -8.070121e-02 -5.803905e+00 -9.917100e-01 -1.975898e-03 -1.284807e-01 7.879409e+01
-1.271508e-01 8.246669e-02 9.884492e-01 8.599908e+01 1.017506e-02 9.965938e-01 -8.183730e-02 -5.884494e+00 -9.918312e-01 -3.481473e-04 -1.275568e-01 7.863789e+01
-1.255924e-01 8.274993e-02 9.886248e-01 8.718151e+01 1.283379e-02 9.965674e-01 -8.178437e-02 -5.981814e+00 -9.919989e-01 2.416301e-03 -1.262233e-01 7.847019e+01
-1.257505e-01 8.269994e-02 9.886089e-01 8.837274e+01 1.365652e-02 9.965692e-01 -8.162875e-02 -6.072864e+00 -9.919679e-01 3.236101e-03 -1.264485e-01 7.838458e+01
-1.256312e-01 8.325168e-02 9.885777e-01 8.958128e+01 1.497371e-02 9.965184e-01 -8.201749e-02 -6.183028e+00 -9.919640e-01 4.498723e-03 -1.264404e-01 7.825930e+01
-1.245381e-01 8.195169e-02 9.888246e-01 9.079469e+01 1.489716e-02 9.966253e-01 -8.072196e-02 -6.282560e+00 -9.921030e-01 4.677715e-03 -1.253387e-01 7.813161e+01
-1.226214e-01 8.036386e-02 9.891944e-01 9.199606e+01 1.200954e-02 9.967633e-01 -7.949006e-02 -6.414331e+00 -9.923809e-01 2.132589e-03 -1.231896e-01 7.793555e+01
-1.216123e-01 8.040767e-02 9.893155e-01 9.321765e+01 1.387347e-02 9.967537e-01 -7.930682e-02 -6.507731e+00 -9.924807e-01 4.080553e-03 -1.223330e-01 7.781055e+01
-1.207952e-01 8.110996e-02 9.893582e-01 9.443840e+01 1.219073e-02 9.967023e-01 -8.022363e-02 -6.612441e+00 -9.926026e-01 2.370367e-03 -1.213857e-01 7.768057e+01
-1.191674e-01 8.349858e-02 9.893569e-01 9.566452e+01 1.402618e-02 9.964996e-01 -8.241196e-02 -6.716412e+00 -9.927751e-01 4.056075e-03 -1.199215e-01 7.753710e+01
-1.194885e-01 8.170661e-02 9.894678e-01 9.689193e+01 9.768599e-03 9.966564e-01 -8.112056e-02 -6.834699e+00 -9.927875e-01 -2.726423e-05 -1.198872e-01 7.741233e+01
-1.217565e-01 7.959381e-02 9.893635e-01 9.812520e+01 6.390758e-03 9.968218e-01 -7.940734e-02 -6.958806e+00 -9.925394e-01 -3.345580e-03 -1.218782e-01 7.734759e+01
-1.234602e-01 8.113027e-02 9.890275e-01 9.936900e+01 4.875659e-03 9.966900e-01 -8.115019e-02 -7.046534e+00 -9.923376e-01 -5.196654e-03 -1.234471e-01 7.726854e+01
-1.234871e-01 8.011546e-02 9.891069e-01 1.006098e+02 2.029851e-03 9.967540e-01 -8.048144e-02 -7.159970e+00 -9.923441e-01 -7.930682e-03 -1.232489e-01 7.712131e+01
-1.267637e-01 7.780178e-02 9.888771e-01 1.018591e+02 -8.948874e-04 9.969099e-01 -7.854849e-02 -7.264603e+00 -9.919325e-01 -1.084203e-02 -1.263024e-01 7.701826e+01
-1.291503e-01 7.649455e-02 9.886702e-01 1.031023e+02 -3.371576e-03 9.969806e-01 -7.757796e-02 -7.369904e+00 -9.916193e-01 -1.335260e-02 -1.285025e-01 7.686890e+01
-1.318050e-01 7.513237e-02 9.884243e-01 1.043504e+02 -7.056591e-03 9.970271e-01 -7.672728e-02 -7.486716e+00 -9.912505e-01 -1.708795e-02 -1.308830e-01 7.675176e+01
-1.338033e-01 7.443220e-02 9.882087e-01 1.055953e+02 -7.336818e-03 9.970737e-01 -7.609332e-02 -7.602045e+00 -9.909807e-01 -1.743185e-02 -1.328657e-01 7.660134e+01
-1.365077e-01 7.302069e-02 9.879441e-01 1.068420e+02 -8.589241e-03 9.971549e-01 -7.488828e-02 -7.707556e+00 -9.906018e-01 -1.870852e-02 -1.354922e-01 7.645246e+01
-1.407636e-01 6.806811e-02 9.877005e-01 1.080811e+02 -1.222457e-02 9.974382e-01 -7.048139e-02 -7.806313e+00 -9.899678e-01 -2.199543e-02 -1.395709e-01 7.630278e+01
-1.455696e-01 6.741120e-02 9.870487e-01 1.093043e+02 -1.321353e-02 9.974545e-01 -7.007060e-02 -7.915660e+00 -9.892598e-01 -2.324255e-02 -1.443083e-01 7.614403e+01
-1.505829e-01 7.263227e-02 9.859256e-01 1.105380e+02 -1.862366e-02 9.969120e-01 -7.628606e-02 -8.019295e+00 -9.884220e-01 -2.984892e-02 -1.487652e-01 7.597605e+01
-1.599410e-01 7.562191e-02 9.842257e-01 1.117640e+02 -1.806521e-02 9.966701e-01 -7.951374e-02 -8.124837e+00 -9.869613e-01 -3.049775e-02 -1.580423e-01 7.583793e+01
-1.665008e-01 7.143006e-02 9.834507e-01 1.129715e+02 -1.586846e-02 9.970494e-01 -7.510434e-02 -8.245544e+00 -9.859136e-01 -2.811079e-02 -1.648761e-01 7.555715e+01
-1.774930e-01 6.909193e-02 9.816937e-01 1.141898e+02 -1.334606e-02 9.972717e-01 -7.260132e-02 -8.349194e+00 -9.840316e-01 -2.598797e-02 -1.760866e-01 7.534978e+01
-1.890463e-01 7.105175e-02 9.793943e-01 1.153980e+02 -1.144446e-02 9.971517e-01 -7.454904e-02 -8.446856e+00 -9.819015e-01 -2.530186e-02 -1.876947e-01 7.507946e+01
-2.015502e-01 7.082200e-02 9.769144e-01 1.165982e+02 -1.018771e-02 9.971770e-01 -7.439280e-02 -8.562355e+00 -9.794252e-01 -2.494641e-02 -2.002597e-01 7.480059e+01
-2.143382e-01 6.858761e-02 9.743484e-01 1.177879e+02 -9.593562e-03 9.973356e-01 -7.231616e-02 -8.656041e+00 -9.767124e-01 -2.484759e-02 -2.131091e-01 7.449431e+01
-2.301934e-01 7.039642e-02 9.705954e-01 1.189775e+02 -5.727973e-03 9.972648e-01 -7.368921e-02 -8.777681e+00 -9.731281e-01 -2.252231e-02 -2.291605e-01 7.424903e+01
-2.428611e-01 7.366628e-02 9.672599e-01 1.201311e+02 -6.087920e-03 9.969770e-01 -7.745810e-02 -8.862391e+00 -9.700420e-01 -2.470016e-02 -2.416785e-01 7.387983e+01
-2.568195e-01 7.748892e-02 9.633479e-01 1.212986e+02 -6.374318e-03 9.966231e-01 -8.186481e-02 -8.958143e+00 -9.664384e-01 -2.716517e-02 -2.554583e-01 7.354665e+01
-2.727277e-01 7.619331e-02 9.590694e-01 1.224804e+02 -8.923181e-03 9.966159e-01 -8.171365e-02 -9.053800e+00 -9.620499e-01 -3.084352e-02 -2.711249e-01 7.322424e+01
-2.896371e-01 6.991223e-02 9.545798e-01 1.236603e+02 -1.424993e-02 9.969033e-01 -7.733564e-02 -9.171559e+00 -9.570304e-01 -3.600197e-02 -2.877440e-01 7.291496e+01
-3.048388e-01 6.625123e-02 9.500969e-01 1.248180e+02 -1.699746e-02 9.970403e-01 -7.497828e-02 -9.285789e+00 -9.522523e-01 -3.900553e-02 -3.028105e-01 7.256203e+01
-3.186073e-01 6.735594e-02 9.454907e-01 1.259534e+02 -1.769491e-02 9.968757e-01 -7.697932e-02 -9.395912e+00 -9.477216e-01 -4.125654e-02 -3.164200e-01 7.215060e+01
-3.330561e-01 7.012519e-02 9.402958e-01 1.270919e+02 -1.731205e-02 9.966077e-01 -8.045680e-02 -9.485307e+00 -9.427481e-01 -4.307507e-02 -3.307123e-01 7.176144e+01
-3.449301e-01 7.309237e-02 9.357781e-01 1.282009e+02 -1.521266e-02 9.963971e-01 -8.343466e-02 -9.568782e+00 -9.385051e-01 -4.301480e-02 -3.425754e-01 7.128769e+01
-3.588619e-01 7.392023e-02 9.304590e-01 1.293242e+02 -1.234526e-02 9.963960e-01 -8.391994e-02 -9.664289e+00 -9.333090e-01 -4.160242e-02 -3.566560e-01 7.086070e+01
-3.728752e-01 7.283309e-02 9.250186e-01 1.304481e+02 -1.155056e-02 9.964730e-01 -8.311522e-02 -9.767966e+00 -9.278096e-01 -4.167609e-02 -3.707188e-01 7.044306e+01
-3.882396e-01 7.121340e-02 9.188028e-01 1.315602e+02 -1.091084e-02 9.965847e-01 -8.185240e-02 -9.903863e+00 -9.214939e-01 -4.180326e-02 -3.861367e-01 7.002789e+01
-4.027708e-01 7.221346e-02 9.124478e-01 1.326545e+02 -1.233408e-02 9.963641e-01 -8.429930e-02 -1.001239e+01 -9.152178e-01 -4.520749e-02 -4.004157e-01 6.957344e+01
-4.166888e-01 7.391229e-02 9.060394e-01 1.337286e+02 -1.202407e-02 9.961538e-01 -8.679347e-02 -1.011619e+01 -9.089697e-01 -4.706015e-02 -4.141974e-01 6.905358e+01
-4.323584e-01 7.599333e-02 8.984938e-01 1.348192e+02 -1.028103e-02 9.959621e-01 -8.918432e-02 -1.023075e+01 -9.016432e-01 -4.779703e-02 -4.298313e-01 6.857552e+01
-4.477315e-01 7.772146e-02 8.907838e-01 1.359004e+02 -7.350163e-03 9.958617e-01 -9.058395e-02 -1.036296e+01 -8.941378e-01 -4.710470e-02 -4.453074e-01 6.806988e+01
-4.630012e-01 8.020864e-02 8.827210e-01 1.369647e+02 -8.517847e-03 9.954485e-01 -9.491939e-02 -1.049076e+01 -8.863167e-01 -5.146668e-02 -4.602107e-01 6.752261e+01
-4.783149e-01 8.303296e-02 8.742542e-01 1.380411e+02 -6.242412e-03 9.951735e-01 -9.793266e-02 -1.060774e+01 -8.781662e-01 -5.230010e-02 -4.754880e-01 6.696938e+01
-4.937268e-01 7.890890e-02 8.660296e-01 1.390968e+02 -8.094848e-03 9.954145e-01 -9.531280e-02 -1.076107e+01 -8.695794e-01 -5.406886e-02 -4.908240e-01 6.637787e+01
-5.088806e-01 7.522861e-02 8.575437e-01 1.401570e+02 -9.063377e-03 9.956507e-01 -9.272250e-02 -1.086964e+01 -8.607894e-01 -5.495692e-02 -5.059855e-01 6.577547e+01
-5.255746e-01 7.478798e-02 8.474539e-01 1.412076e+02 -9.527637e-03 9.955487e-01 -9.376623e-02 -1.099883e+01 -8.506942e-01 -5.735538e-02 -5.225226e-01 6.516486e+01
-5.402095e-01 7.402713e-02 8.382683e-01 1.422187e+02 -9.861014e-03 9.954981e-01 -9.426682e-02 -1.112531e+01 -8.414728e-01 -5.919001e-02 -5.370476e-01 6.447420e+01
-5.552695e-01 7.359532e-02 8.284078e-01 1.432399e+02 -9.097700e-03 9.954799e-01 -9.453596e-02 -1.125939e+01 -8.316207e-01 -6.002954e-02 -5.520900e-01 6.379189e+01
-5.709057e-01 7.255323e-02 8.178036e-01 1.442536e+02 -1.057479e-02 9.953553e-01 -9.568734e-02 -1.140291e+01 -8.209476e-01 -6.327655e-02 -5.674867e-01 6.310132e+01
-5.848464e-01 7.300128e-02 8.078524e-01 1.452538e+02 -8.570185e-03 9.953302e-01 -9.614705e-02 -1.152060e+01 -8.110988e-01 -6.315471e-02 -5.814897e-01 6.236780e+01
-5.982930e-01 7.059258e-02 7.981617e-01 1.462306e+02 -7.933957e-03 9.955409e-01 -9.399678e-02 -1.165068e+01 -8.012381e-01 -6.257020e-02 -5.950651e-01 6.160156e+01
-6.119788e-01 6.729761e-02 7.880057e-01 1.472016e+02 -6.482079e-03 9.959128e-01 -9.008748e-02 -1.180083e+01 -7.908476e-01 -6.023954e-02 -6.090413e-01 6.082844e+01
-6.268864e-01 6.461676e-02 7.764265e-01 1.481777e+02 -6.008021e-03 9.961243e-01 -8.775160e-02 -1.194526e+01 -7.790875e-01 -5.967507e-02 -6.240685e-01 6.004828e+01
-6.415095e-01 6.187733e-02 7.646154e-01 1.491402e+02 -7.794738e-03 9.961642e-01 -8.715542e-02 -1.208319e+01 -7.670755e-01 -6.187101e-02 -6.385665e-01 5.925741e+01
-6.567051e-01 6.205533e-02 7.515900e-01 1.501005e+02 -1.032604e-02 9.957755e-01 -9.123902e-02 -1.219311e+01 -7.540767e-01 -6.767808e-02 -6.532901e-01 5.845061e+01
-6.716142e-01 6.135232e-02 7.383564e-01 1.510439e+02 -1.317666e-02 9.954188e-01 -9.469801e-02 -1.230134e+01 -7.407838e-01 -7.332960e-02 -6.677290e-01 5.760827e+01
-6.871634e-01 5.786782e-02 7.241945e-01 1.519640e+02 -1.470681e-02 9.955104e-01 -9.350250e-02 -1.242395e+01 -7.263540e-01 -7.490209e-02 -6.832273e-01 5.673335e+01
-7.026229e-01 5.078206e-02 7.097481e-01 1.528769e+02 -1.743758e-02 9.959217e-01 -8.852014e-02 -1.255768e+01 -7.113487e-01 -7.457256e-02 -6.988719e-01 5.584962e+01
-7.196089e-01 4.774421e-02 6.927362e-01 1.537758e+02 -1.842103e-02 9.959696e-01 -8.777903e-02 -1.268459e+01 -6.941352e-01 -7.592749e-02 -7.158291e-01 5.494802e+01
-7.365985e-01 4.418920e-02 6.748851e-01 1.546510e+02 -2.048465e-02 9.959478e-01 -8.756913e-02 -1.280995e+01 -6.760199e-01 -7.832808e-02 -7.327085e-01 5.402078e+01
-7.533024e-01 4.027257e-02 6.564401e-01 1.555121e+02 -2.371402e-02 9.958111e-01 -8.830615e-02 -1.292648e+01 -6.572466e-01 -8.208808e-02 -7.491919e-01 5.304895e+01
-7.697210e-01 3.726351e-02 6.372919e-01 1.563459e+02 -2.435825e-02 9.958536e-01 -8.764909e-02 -1.305178e+01 -6.379155e-01 -8.298866e-02 -7.656217e-01 5.205069e+01
-7.856979e-01 4.055488e-02 6.172796e-01 1.571803e+02 -2.100544e-02 9.955243e-01 -9.214187e-02 -1.315930e+01 -6.182537e-01 -8.536190e-02 -7.813295e-01 5.105103e+01
-7.996485e-01 4.092312e-02 5.990723e-01 1.579452e+02 -1.624720e-02 9.958351e-01 -8.971325e-02 -1.328942e+01 -6.002486e-01 -8.147231e-02 -7.956531e-01 4.999521e+01
-8.141253e-01 4.243254e-02 5.791368e-01 1.587212e+02 -1.188386e-02 9.959003e-01 -8.967402e-02 -1.341733e+01 -5.805676e-01 -7.988827e-02 -8.102834e-01 4.895674e+01
-8.289280e-01 4.225868e-02 5.577567e-01 1.594820e+02 -1.126996e-02 9.956779e-01 -9.218719e-02 -1.355614e+01 -5.592417e-01 -8.270245e-02 -8.248691e-01 4.792029e+01
-8.425374e-01 4.394709e-02 5.368420e-01 1.602205e+02 -9.796136e-03 9.952510e-01 -9.684786e-02 -1.368290e+01 -5.385487e-01 -8.685692e-02 -8.381057e-01 4.685926e+01
-8.548153e-01 4.485735e-02 5.169899e-01 1.608813e+02 -6.735869e-03 9.952139e-01 -9.748851e-02 -1.381429e+01 -5.188886e-01 -8.681705e-02 -8.504219e-01 4.575383e+01
-8.664249e-01 4.272480e-02 4.974762e-01 1.615515e+02 -5.277837e-03 9.954930e-01 -9.468813e-02 -1.394329e+01 -4.992796e-01 -8.466575e-02 -8.622944e-01 4.464832e+01
-8.760668e-01 4.324111e-02 4.802469e-01 1.621181e+02 -3.866761e-03 9.953089e-01 -9.667069e-02 -1.404831e+01 -4.821742e-01 -8.654699e-02 -8.717899e-01 4.349438e+01
-8.846754e-01 4.613144e-02 4.639196e-01 1.626847e+02 -3.731381e-04 9.950220e-01 -9.965499e-02 -1.419232e+01 -4.662074e-01 -8.833542e-02 -8.802542e-01 4.233926e+01
-8.936260e-01 4.289684e-02 4.467577e-01 1.632845e+02 -2.881422e-03 9.948530e-01 -1.012875e-01 -1.432626e+01 -4.488031e-01 -9.180043e-02 -8.889029e-01 4.119738e+01
-9.013983e-01 4.010745e-02 4.311294e-01 1.638530e+02 -3.518604e-03 9.949893e-01 -9.991930e-02 -1.447358e+01 -4.329767e-01 -9.158406e-02 -8.967405e-01 4.004251e+01
-9.085168e-01 3.793752e-02 4.161225e-01 1.644248e+02 -4.211882e-03 9.949878e-01 -9.990793e-02 -1.462634e+01 -4.178270e-01 -9.252070e-02 -9.038033e-01 3.889174e+01
-9.147664e-01 3.608203e-02 4.023687e-01 1.649568e+02 -4.219027e-03 9.950958e-01 -9.882603e-02 -1.477624e+01 -4.039612e-01 -9.210034e-02 -9.101279e-01 3.772248e+01
-9.202485e-01 3.257276e-02 3.899766e-01 1.654134e+02 -6.199647e-03 9.951914e-01 -9.775292e-02 -1.493400e+01 -3.912854e-01 -9.237470e-02 -9.156214e-01 3.651793e+01
-9.255893e-01 2.792773e-02 3.774977e-01 1.659084e+02 -8.354172e-03 9.955245e-01 -9.413374e-02 -1.506993e+01 -3.784372e-01 -9.028286e-02 -9.212135e-01 3.532135e+01
-9.309510e-01 2.413246e-02 3.643457e-01 1.664108e+02 -9.654411e-03 9.958380e-01 -9.062767e-02 -1.520450e+01 -3.650164e-01 -8.788747e-02 -9.268435e-01 3.412863e+01
-9.350821e-01 2.551357e-02 3.535118e-01 1.668927e+02 -5.417072e-03 9.962605e-01 -8.623069e-02 -1.534587e+01 -3.543899e-01 -8.254777e-02 -9.314471e-01 3.293729e+01
-9.382106e-01 2.949751e-02 3.448055e-01 1.673618e+02 -1.285956e-03 9.960567e-01 -8.870997e-02 -1.546389e+01 -3.460625e-01 -8.367204e-02 -9.344730e-01 3.173809e+01
-9.405006e-01 3.414110e-02 3.380724e-01 1.678095e+02 3.529985e-03 9.958675e-01 -9.074997e-02 -1.558258e+01 -3.397736e-01 -8.415701e-02 -9.367345e-01 3.053467e+01
-9.421789e-01 3.809738e-02 3.329378e-01 1.682601e+02 7.436601e-03 9.956490e-01 -9.288525e-02 -1.571198e+01 -3.350279e-01 -8.503860e-02 -9.383628e-01 2.932424e+01
-9.439296e-01 3.657888e-02 3.281141e-01 1.686912e+02 7.053173e-03 9.958507e-01 -9.072882e-02 -1.586285e+01 -3.300714e-01 -8.332738e-02 -9.402709e-01 2.811169e+01
-9.456836e-01 3.080996e-02 3.236252e-01 1.691290e+02 3.390625e-03 9.963794e-01 -8.494997e-02 -1.602708e+01 -3.250708e-01 -7.923850e-02 -9.423642e-01 2.690317e+01
-9.471101e-01 2.434625e-02 3.199840e-01 1.695299e+02 -2.745667e-03 9.964667e-01 -8.394382e-02 -1.613467e+01 -3.208971e-01 -8.038261e-02 -9.436968e-01 2.567967e+01
-9.487841e-01 1.564311e-02 3.155376e-01 1.699429e+02 -1.250213e-02 9.961319e-01 -8.697674e-02 -1.622812e+01 -3.156776e-01 -8.646704e-02 -9.449186e-01 2.446353e+01
-9.498564e-01 1.418923e-02 3.123644e-01 1.703409e+02 -1.414634e-02 9.959970e-01 -8.826046e-02 -1.636640e+01 -3.123663e-01 -8.825357e-02 -9.458534e-01 2.324300e+01
-9.503955e-01 1.457792e-02 3.107024e-01 1.707340e+02 -1.461204e-02 9.957058e-01 -9.141394e-02 -1.648583e+01 -3.107008e-01 -9.141939e-02 -9.461012e-01 2.201940e+01
-9.506225e-01 1.599830e-02 3.099369e-01 1.711399e+02 -1.355161e-02 9.955781e-01 -9.295447e-02 -1.661275e+01 -3.100535e-01 -9.256476e-02 -9.462022e-01 2.080018e+01
-9.507221e-01 1.986103e-02 3.094075e-01 1.715521e+02 -9.464215e-03 9.956220e-01 -9.299039e-02 -1.676112e+01 -3.098998e-01 -9.133632e-02 -9.463719e-01 1.959600e+01
-9.506745e-01 2.093528e-02 3.094829e-01 1.719703e+02 -8.607524e-03 9.955552e-01 -9.378606e-02 -1.689700e+01 -3.100708e-01 -9.182390e-02 -9.462687e-01 1.840808e+01
-9.501490e-01 1.991944e-02 3.111593e-01 1.723566e+02 -1.049339e-02 9.953490e-01 -9.576146e-02 -1.703880e+01 -3.116196e-01 -9.425277e-02 -9.455208e-01 1.720365e+01
-9.493239e-01 2.206569e-02 3.135240e-01 1.727401e+02 -8.399062e-03 9.953952e-01 -9.548717e-02 -1.716721e+01 -3.141872e-01 -9.328156e-02 -9.447671e-01 1.600589e+01
-9.481121e-01 2.063882e-02 3.172657e-01 1.731098e+02 -1.069346e-02 9.952562e-01 -9.669977e-02 -1.729867e+01 -3.177564e-01 -9.507489e-02 -9.433937e-01 1.479827e+01
-9.474005e-01 1.746790e-02 3.195733e-01 1.735562e+02 -1.473618e-02 9.950697e-01 -9.807717e-02 -1.742456e+01 -3.197109e-01 -9.762765e-02 -9.424722e-01 1.361265e+01
-9.463068e-01 1.720127e-02 3.228120e-01 1.740109e+02 -1.443202e-02 9.953397e-01 -9.534411e-02 -1.754480e+01 -3.229476e-01 -9.488361e-02 -9.416485e-01 1.242512e+01
-9.438777e-01 1.643638e-02 3.298860e-01 1.744071e+02 -1.503001e-02 9.955891e-01 -9.260887e-02 -1.767081e+01 -3.299530e-01 -9.236963e-02 -9.394673e-01 1.122185e+01
-9.417139e-01 1.322346e-02 3.361549e-01 1.748545e+02 -1.799651e-02 9.958162e-01 -8.958873e-02 -1.779532e+01 -3.359332e-01 -9.041657e-02 -9.375360e-01 1.004199e+01
-9.384529e-01 1.544824e-02 3.450616e-01 1.752683e+02 -1.672419e-02 9.957954e-01 -9.006552e-02 -1.790693e+01 -3.450021e-01 -9.029312e-02 -9.342487e-01 8.848089e+00
-9.355662e-01 1.489646e-02 3.528370e-01 1.757344e+02 -1.800972e-02 9.957974e-01 -8.979541e-02 -1.803427e+01 -3.526918e-01 -9.036405e-02 -9.313661e-01 7.682014e+00
-9.317847e-01 1.717535e-02 3.626049e-01 1.761885e+02 -1.699903e-02 9.957198e-01 -9.084620e-02 -1.818039e+01 -3.626132e-01 -9.081303e-02 -9.275045e-01 6.501593e+00
-9.280961e-01 1.893784e-02 3.718588e-01 1.766907e+02 -1.540532e-02 9.958975e-01 -8.916762e-02 -1.830438e+01 -3.720219e-01 -8.848473e-02 -9.239969e-01 5.335605e+00
-9.223630e-01 2.027596e-02 3.857920e-01 1.771441e+02 -1.623082e-02 9.957062e-01 -9.113617e-02 -1.843141e+01 -3.859833e-01 -9.032235e-02 -9.180734e-01 4.151994e+00
