1.000000e+00 0.000000e+00 0.000000e+00 0.000000e+00 0.000000e+00 1.000000e+00 0.000000e+00 0.000000e+00 0.000000e+00 0.000000e+00 1.000000e+00 0.000000e+00
9.990646e-01 -1.677298e-03 4.321014e-02 5.058900e-02 1.782202e-03 9.999956e-01 -2.389344e-03 -2.634053e-02 -4.320594e-02 2.464118e-03 9.990631e-01 9.981682e-01
9.961057e-01 -5.262421e-03 8.801043e-02 1.440278e-01 5.894256e-03 9.999587e-01 -6.920750e-03 -3.632679e-02 -8.797037e-02 7.412555e-03 9.960955e-01 1.995232e+00
9.910626e-01 -5.082664e-03 1.333005e-01 3.125281e-01 6.516643e-03 9.999255e-01 -1.032342e-02 -9.192593e-02 -1.332381e-01 1.109983e-02 9.910219e-01 2.972958e+00
9.837990e-01 -2.047248e-03 1.792631e-01 4.807647e-01 4.296855e-03 9.999168e-01 -1.216181e-02 -1.182609e-01 -1.792233e-01 1.273504e-02 9.837260e-01 3.956891e+00
9.743386e-01 -4.492727e-03 2.250424e-01 7.088521e-01 7.367869e-03 9.999016e-01 -1.193781e-02 -1.370321e-01 -2.249666e-01 1.328955e-02 9.742758e-01 4.922538e+00
9.632116e-01 -6.183905e-03 2.686729e-01 9.890246e-01 1.003603e-02 9.998656e-01 -1.296650e-02 -1.614546e-01 -2.685566e-01 1.518590e-02 9.631442e-01 5.873026e+00
9.498267e-01 -8.826661e-03 3.126521e-01 1.307545e+00 1.458686e-02 9.997641e-01 -1.608949e-02 -1.708482e-01 -3.124364e-01 1.984284e-02 9.497314e-01 6.807899e+00
9.352755e-01 -1.172592e-02 3.537261e-01 1.681734e+00 1.924663e-02 9.996572e-01 -1.775103e-02 -2.117563e-01 -3.533967e-01 2.341014e-02 9.351806e-01 7.720671e+00
9.181262e-01 -1.145645e-02 3.961225e-01 2.097515e+00 2.046339e-02 9.996191e-01 -1.851923e-02 -2.334225e-01 -3.957595e-01 2.510900e-02 9.180109e-01 8.613202e+00
8.991568e-01 -1.436747e-02 4.373907e-01 2.567229e+00 2.449554e-02 9.995464e-01 -1.752295e-02 -2.549409e-01 -4.369406e-01 2.647000e-02 8.991008e-01 9.474938e+00
8.768998e-01 -1.425527e-02 4.804619e-01 3.001141e+00 2.531991e-02 9.995423e-01 -1.655548e-02 -2.937320e-01 -4.800059e-01 2.668274e-02 8.768594e-01 1.035247e+01
8.537017e-01 -1.436443e-02 5.205642e-01 3.535868e+00 2.622215e-02 9.995372e-01 -1.542195e-02 -2.988514e-01 -5.201018e-01 2.681605e-02 8.536832e-01 1.116910e+01
8.280730e-01 -1.482197e-02 5.604243e-01 4.041099e+00 2.792379e-02 9.995001e-01 -1.482514e-02 -3.358459e-01 -5.599244e-01 2.792547e-02 8.280729e-01 1.200169e+01
8.009761e-01 -1.562957e-02 5.984923e-01 4.623041e+00 2.977754e-02 9.994620e-01 -1.375111e-02 -3.799560e-01 -5.979553e-01 2.883594e-02 8.010106e-01 1.277254e+01
7.730453e-01 -1.462222e-02 6.341822e-01 5.278530e+00 3.080462e-02 9.994202e-01 -1.450628e-02 -3.962001e-01 -6.336024e-01 3.074975e-02 7.730475e-01 1.348526e+01
7.429446e-01 -1.763453e-02 6.691206e-01 5.926734e+00 3.499100e-02 9.993093e-01 -1.251497e-02 -4.277977e-01 -6.684377e-01 3.271113e-02 7.430485e-01 1.419956e+01
7.118339e-01 -1.729321e-02 7.021349e-01 6.644595e+00 3.597622e-02 9.992823e-01 -1.186139e-02 -4.440138e-01 -7.014258e-01 3.370350e-02 7.119451e-01 1.483774e+01
6.779130e-01 -1.553601e-02 7.349780e-01 7.350032e+00 3.691411e-02 9.992348e-01 -1.292615e-02 -4.782199e-01 -7.342148e-01 3.589386e-02 6.779678e-01 1.548208e+01
6.431887e-01 -1.665883e-02 7.655265e-01 8.083433e+00 4.149641e-02 9.990525e-01 -1.312428e-02 -4.774430e-01 -7.645825e-01 4.020799e-02 6.432705e-01 1.609022e+01
6.077497e-01 -1.723272e-02 7.939416e-01 8.862033e+00 4.361665e-02 9.989798e-01 -1.170472e-02 -5.140866e-01 -7.929299e-01 4.174261e-02 6.078813e-01 1.663676e+01
5.718863e-01 -1.638561e-02 8.201692e-01 9.703857e+00 4.647026e-02 9.988421e-01 -1.244752e-02 -5.447133e-01 -8.190156e-01 4.523204e-02 5.719856e-01 1.708201e+01
5.340757e-01 -1.416384e-02 8.453180e-01 1.051468e+01 5.102872e-02 9.985768e-01 -1.550838e-02 -5.643320e-01 -8.438953e-01 5.141815e-02 5.340383e-01 1.758147e+01
4.960036e-01 -1.249573e-02 8.682306e-01 1.135025e+01 5.229014e-02 9.985116e-01 -1.550160e-02 -5.800004e-01 -8.667446e-01 5.308875e-02 4.959187e-01 1.805504e+01
4.566963e-01 -1.413795e-02 8.895103e-01 1.220053e+01 5.627556e-02 9.983303e-01 -1.302570e-02 -6.261029e-01 -8.878410e-01 5.600648e-02 4.567293e-01 1.850619e+01
4.204772e-01 -1.430870e-02 9.071903e-01 1.309257e+01 6.019279e-02 9.981127e-01 -1.215622e-02 -6.382144e-01 -9.053042e-01 5.971772e-02 4.205449e-01 1.887438e+01
3.854901e-01 -1.231596e-02 9.226298e-01 1.400204e+01 6.275265e-02 9.979458e-01 -1.289777e-02 -6.631394e-01 -9.205756e-01 6.286942e-02 3.854711e-01 1.923061e+01
3.517883e-01 -1.253499e-02 9.359956e-01 1.488478e+01 6.544958e-02 9.977926e-01 -1.123624e-02 -6.328870e-01 -9.337887e-01 6.521330e-02 3.518322e-01 1.967153e+01
3.187504e-01 -1.430499e-02 9.477307e-01 1.582522e+01 6.835358e-02 9.976296e-01 -7.931208e-03 -6.373292e-01 -9.453708e-01 6.730886e-02 3.189727e-01 1.999031e+01
2.869404e-01 -1.417922e-02 9.578435e-01 1.677990e+01 6.990023e-02 9.975349e-01 -6.173170e-03 -6.372651e-01 -9.553948e-01 6.872481e-02 2.872242e-01 2.026272e+01
2.556046e-01 -1.196511e-02 9.667074e-01 1.775043e+01 6.826168e-02 9.976512e-01 -5.700787e-03 -6.608541e-01 -9.643685e-01 6.744622e-02 2.558210e-01 2.050498e+01
2.249267e-01 -1.084919e-02 9.743153e-01 1.873850e+01 6.775154e-02 9.976919e-01 -4.531374e-03 -6.756678e-01 -9.720173e-01 6.703059e-02 2.251426e-01 2.073905e+01
1.954981e-01 -1.102453e-02 9.806421e-01 1.975470e+01 6.961481e-02 9.975704e-01 -2.663375e-03 -7.104602e-01 -9.782302e-01 6.878790e-02 1.957906e-01 2.088385e+01
1.643082e-01 -1.069389e-02 9.863511e-01 2.076586e+01 7.107877e-02 9.974702e-01 -1.025991e-03 -7.251345e-01 -9.838448e-01 7.027720e-02 1.646526e-01 2.112383e+01
1.347273e-01 -1.156013e-02 9.908153e-01 2.181066e+01 6.889144e-02 9.976216e-01 2.271946e-03 -7.576489e-01 -9.884850e-01 6.795260e-02 1.352033e-01 2.124904e+01
1.045113e-01 -1.161555e-02 9.944559e-01 2.286487e+01 6.903237e-02 9.976047e-01 4.397442e-03 -7.513659e-01 -9.921249e-01 6.819006e-02 1.050628e-01 2.139470e+01
7.728521e-02 -1.144422e-02 9.969433e-01 2.394142e+01 7.124730e-02 9.974411e-01 5.926690e-03 -7.606135e-01 -9.944601e-01 7.057148e-02 7.790281e-02 2.144543e+01
5.182453e-02 -1.046535e-02 9.986014e-01 2.503313e+01 7.545184e-02 9.971280e-01 6.534176e-03 -7.479324e-01 -9.958018e-01 7.500768e-02 5.246532e-02 2.148086e+01
2.822494e-02 -9.730607e-03 9.995542e-01 2.613325e+01 7.998399e-02 9.967683e-01 7.444937e-03 -7.343087e-01 -9.963965e-01 7.973821e-02 2.891202e-02 2.157264e+01
7.207353e-03 -1.024347e-02 9.999216e-01 2.724867e+01 8.495880e-02 9.963383e-01 9.594388e-03 -7.425309e-01 -9.963584e-01 8.488298e-02 8.051235e-03 2.161385e+01
-9.720049e-03 -1.139574e-02 9.998878e-01 2.837786e+01 8.950108e-02 9.959118e-01 1.222048e-02 -7.623006e-01 -9.959393e-01 8.960982e-02 -8.660380e-03 2.159956e+01
-2.371220e-02 -1.111393e-02 9.996570e-01 2.950970e+01 9.248946e-02 9.956253e-01 1.326299e-02 -7.367556e-01 -9.954313e-01 9.277223e-02 -2.258055e-02 2.151380e+01
-3.838411e-02 -1.249737e-02 9.991849e-01 3.065060e+01 9.511699e-02 9.953358e-01 1.610319e-02 -7.573735e-01 -9.947258e-01 9.565756e-02 -3.701637e-02 2.145504e+01
-5.099071e-02 -1.276600e-02 9.986175e-01 3.179670e+01 9.604766e-02 9.952206e-01 1.762689e-02 -7.274449e-01 -9.940698e-01 9.681368e-02 -4.952086e-02 2.137180e+01
-6.307209e-02 -1.166937e-02 9.979407e-01 3.295626e+01 9.770862e-02 9.950557e-01 1.781104e-02 -7.086215e-01 -9.932144e-01 9.863079e-02 -6.162005e-02 2.130577e+01
-7.434290e-02 -9.564884e-03 9.971869e-01 3.412788e+01 9.599277e-02 9.952419e-01 1.670274e-02 -7.009194e-01 -9.926019e-01 9.696446e-02 -7.307101e-02 2.116552e+01
-8.506662e-02 -6.401265e-03 9.963547e-01 3.532906e+01 9.685264e-02 9.951907e-01 1.466286e-02 -7.063041e-01 -9.916568e-01 9.774690e-02 -8.403753e-02 2.108907e+01
-9.558558e-02 -4.775869e-03 9.954098e-01 3.655399e+01 9.757642e-02 9.951275e-01 1.414442e-02 -7.154935e-01 -9.906272e-01 9.848053e-02 -9.465383e-02 2.100357e+01
-1.042013e-01 -3.645578e-03 9.945495e-01 3.780425e+01 9.653339e-02 9.952346e-01 1.376212e-02 -6.965960e-01 -9.898603e-01 9.744127e-02 -1.033529e-01 2.094206e+01
-1.099598e-01 -2.347542e-03 9.939333e-01 3.906807e+01 9.578026e-02 9.953183e-01 1.294708e-02 -6.572768e-01 -9.893104e-01 9.662285e-02 -1.092202e-01 2.083064e+01
-1.151063e-01 -1.158373e-03 9.933525e-01 4.035955e+01 9.711602e-02 9.951956e-01 1.241399e-02 -6.736550e-01 -9.885945e-01 9.789937e-02 -1.144408e-01 2.073747e+01
-1.188652e-01 6.697276e-04 9.929102e-01 4.166526e+01 9.691200e-02 9.952329e-01 1.093042e-02 -6.653063e-01 -9.881696e-01 9.752415e-02 -1.183635e-01 2.057362e+01
-1.228379e-01 1.541091e-03 9.924256e-01 4.299616e+01 9.621075e-02 9.953070e-01 1.036296e-02 -6.335408e-01 -9.877522e-01 9.675497e-02 -1.224097e-01 2.040894e+01
-1.260687e-01 8.465997e-04 9.920211e-01 4.435246e+01 9.490687e-02 9.954230e-01 1.121152e-02 -6.033537e-01 -9.874712e-01 9.556305e-02 -1.255721e-01 2.025864e+01
-1.291843e-01 -1.736431e-03 9.916191e-01 4.572712e+01 9.610380e-02 9.952691e-01 1.426285e-02 -6.053473e-01 -9.869526e-01 9.714090e-02 -1.284063e-01 2.009790e+01
-1.319631e-01 -3.670675e-03 9.912478e-01 4.711464e+01 9.090186e-02 9.957347e-01 1.578890e-02 -5.485492e-01 -9.870778e-01 9.218982e-02 -1.310666e-01 1.988461e+01
-1.343958e-01 -3.192816e-03 9.909226e-01 4.852974e+01 9.380891e-02 9.954628e-01 1.593046e-02 -5.420766e-01 -9.864774e-01 9.509835e-02 -1.334865e-01 1.972077e+01
-1.358523e-01 -2.761121e-03 9.907253e-01 4.996640e+01 9.294275e-02 9.955505e-01 1.551925e-02 -5.030572e-01 -9.863599e-01 9.418905e-02 -1.349912e-01 1.954228e+01
-1.350891e-01 -1.591238e-03 9.908322e-01 5.140525e+01 9.619042e-02 9.952542e-01 1.471285e-02 -5.096480e-01 -9.861533e-01 9.729610e-02 -1.342949e-01 1.927215e+01
-1.358970e-01 -1.188424e-03 9.907223e-01 5.287483e+01 9.514701e-02 9.953613e-01 1.424527e-02 -4.801472e-01 -9.861435e-01 9.620015e-02 -1.351535e-01 1.904766e+01
-1.367242e-01 9.775644e-04 9.906087e-01 5.437695e+01 9.284250e-02 9.956105e-01 1.183165e-02 -4.245033e-01 -9.862488e-01 9.358826e-02 -1.362148e-01 1.889754e+01
-1.365373e-01 8.404410e-04 9.906346e-01 5.589302e+01 9.366671e-02 9.955305e-01 1.206531e-02 -4.252832e-01 -9.861968e-01 9.443685e-02 -1.360057e-01 1.869064e+01
-1.360538e-01 -6.263321e-04 9.907013e-01 5.743649e+01 9.111470e-02 9.957537e-01 1.314238e-02 -3.991147e-01 -9.865026e-01 9.205552e-02 -1.354190e-01 1.853124e+01
-1.359296e-01 4.006072e-04 9.907184e-01 5.900011e+01 9.239803e-02 9.956465e-01 1.227469e-02 -3.901606e-01 -9.864004e-01 9.320893e-02 -1.353748e-01 1.840099e+01
-1.350572e-01 1.180681e-03 9.908371e-01 6.058652e+01 9.179072e-02 9.957139e-01 1.132515e-02 -3.577286e-01 -9.865769e-01 9.247919e-02 -1.345867e-01 1.820944e+01
-1.350331e-01 1.938463e-03 9.908392e-01 6.219683e+01 9.308890e-02 9.955999e-01 1.073852e-02 -3.427171e-01 -9.864586e-01 9.368619e-02 -1.346194e-01 1.808648e+01
-1.347237e-01 2.118024e-03 9.908809e-01 6.382588e+01 9.205949e-02 9.956993e-01 1.038842e-02 -3.116268e-01 -9.865975e-01 9.261956e-02 -1.343393e-01 1.795112e+01
-1.357059e-01 3.397548e-04 9.907491e-01 6.547305e+01 9.381812e-02 9.955108e-01 1.250916e-02 -3.116385e-01 -9.862972e-01 9.464778e-02 -1.351285e-01 1.784590e+01
-1.356612e-01 -2.228379e-03 9.907528e-01 6.712246e+01 9.410904e-02 9.954470e-01 1.512505e-02 -2.865444e-01 -9.862756e-01 9.529067e-02 -1.348339e-01 1.766206e+01
-1.345866e-01 -1.410108e-03 9.909008e-01 6.878542e+01 9.440478e-02 9.954321e-01 1.423885e-02 -2.515627e-01 -9.863945e-01 9.546213e-02 -1.338387e-01 1.744691e+01
-1.341603e-01 5.355015e-04 9.909595e-01 7.046042e+01 9.648045e-02 9.952561e-01 1.252411e-02 -2.399973e-01 -9.862518e-01 9.728846e-02 -1.335755e-01 1.721782e+01
-1.337382e-01 5.712531e-04 9.910165e-01 7.215150e+01 9.733752e-02 9.951721e-01 1.256210e-02 -2.342766e-01 -9.862249e-01 9.814312e-02 -1.331482e-01 1.700024e+01
-1.329012e-01 4.090679e-04 9.911292e-01 7.385810e+01 9.607567e-02 9.952959e-01 1.247206e-02 -1.970872e-01 -9.864617e-01 9.688095e-02 -1.323153e-01 1.674546e+01
-1.323052e-01 -5.826866e-04 9.912089e-01 7.557477e+01 9.504233e-02 9.953848e-01 1.327126e-02 -1.655240e-01 -9.866419e-01 9.596266e-02 -1.316392e-01 1.647382e+01
-1.316794e-01 -6.629764e-04 9.912921e-01 7.731905e+01 9.923285e-02 9.949679e-01 1.384714e-02 -1.963269e-01 -9.863130e-01 1.001921e-01 -1.309510e-01 1.627942e+01
-1.316439e-01 -1.153926e-03 9.912964e-01 7.907538e+01 1.017379e-01 9.947031e-01 1.466866e-02 -2.147311e-01 -9.860625e-01 1.027834e-01 -1.308292e-01 1.604867e+01
-1.334591e-01 -3.872687e-04 9.910542e-01 8.085260e+01 1.000244e-01 9.948885e-01 1.385843e-02 -1.755322e-01 -9.859938e-01 1.009791e-01 -1.327382e-01 1.592891e+01
-1.333745e-01 4.613599e-04 9.910656e-01 8.262517e+01 9.814193e-02 9.950908e-01 1.274440e-02 -1.355444e-01 -9.861944e-01 9.896487e-02 -1.327650e-01 1.564063e+01
-1.339323e-01 1.784248e-03 9.909889e-01 8.441466e+01 9.732668e-02 9.951876e-01 1.136190e-02 -1.110779e-01 -9.861996e-01 9.797139e-02 -1.334614e-01 1.536495e+01
-1.343000e-01 2.272716e-03 9.909381e-01 8.622203e+01 9.528829e-02 9.953929e-01 1.063131e-02 -8.475672e-02 -9.863486e-01 9.585258e-02 -1.338978e-01 1.506641e+01
-1.362429e-01 9.981664e-04 9.906750e-01 8.805458e+01 9.553344e-02 9.953522e-01 1.213538e-02 -1.043555e-01 -9.860584e-01 9.629594e-02 -1.357050e-01 1.486875e+01
-1.374221e-01 8.258137e-04 9.905122e-01 8.990144e+01 9.598999e-02 9.953040e-01 1.248769e-02 -8.861631e-02 -9.858504e-01 9.679534e-02 -1.368561e-01 1.464602e+01
-1.384732e-01 2.011715e-04 9.903662e-01 9.176608e+01 9.627197e-02 9.952668e-01 1.325860e-02 -1.098003e-01 -9.856758e-01 9.718046e-02 -1.378372e-01 1.448476e+01
-1.403741e-01 2.251444e-03 9.900960e-01 9.363099e+01 9.428210e-02 9.954836e-01 1.110346e-02 -4.556769e-02 -9.855993e-01 9.490697e-02 -1.399524e-01 1.418008e+01
-1.411009e-01 3.054091e-03 9.899905e-01 9.551245e+01 9.366985e-02 9.955502e-01 1.027929e-02 -3.509631e-02 -9.855539e-01 9.418268e-02 -1.407591e-01 1.389019e+01
-1.447072e-01 4.123518e-03 9.894659e-01 9.741016e+01 9.441541e-02 9.954860e-01 9.659434e-03 -3.312429e-02 -9.849597e-01 9.481862e-02 -1.444433e-01 1.363255e+01
-1.508330e-01 2.400623e-03 9.885563e-01 9.932815e+01 9.275101e-02 9.956202e-01 1.173408e-02 -5.795812e-02 -9.841985e-01 9.345948e-02 -1.503950e-01 1.346494e+01
-1.569083e-01 1.921564e-03 9.876113e-01 1.012480e+02 9.147400e-02 9.957278e-01 1.259572e-02 -5.781833e-02 -9.833678e-01 9.231713e-02 -1.564138e-01 1.325776e+01
-1.618317e-01 2.191429e-03 9.868159e-01 1.031726e+02 9.117962e-02 9.957529e-01 1.274161e-02 -6.920488e-02 -9.825970e-01 9.203950e-02 -1.613442e-01 1.297583e+01
-1.658847e-01 3.738455e-03 9.861381e-01 1.051061e+02 9.182694e-02 9.957066e-01 1.167208e-02 -6.677319e-02 -9.818605e-01 9.249026e-02 -1.655158e-01 1.269631e+01
-1.702520e-01 4.844248e-03 9.853886e-01 1.070553e+02 9.258124e-02 9.956432e-01 1.110120e-02 -9.272853e-02 -9.810418e-01 9.311851e-02 -1.699588e-01 1.242622e+01
-1.761187e-01 4.899312e-03 9.843567e-01 1.090069e+02 9.115319e-02 9.957722e-01 1.135278e-02 -8.797159e-02 -9.801394e-01 9.172670e-02 -1.758207e-01 1.209657e+01
-1.766995e-01 3.953897e-03 9.842569e-01 1.109461e+02 9.082638e-02 9.957907e-01 1.230545e-02 -1.087208e-01 -9.800652e-01 9.157086e-02 -1.763148e-01 1.165076e+01
-1.816167e-01 3.051785e-03 9.833647e-01 1.129119e+02 8.923080e-02 9.959210e-01 1.338920e-02 -1.024326e-01 -9.793126e-01 9.017812e-02 -1.811482e-01 1.127549e+01
-1.911874e-01 3.284600e-03 9.815481e-01 1.148985e+02 8.693609e-02 9.961211e-01 1.360017e-02 -6.523986e-02 -9.776960e-01 8.793213e-02 -1.907313e-01 1.097810e+01
-1.955255e-01 3.401144e-03 9.806927e-01 1.168806e+02 8.773099e-02 9.960453e-01 1.403697e-02 -5.482615e-02 -9.767666e-01 8.878173e-02 -1.950506e-01 1.060866e+01
-2.012576e-01 5.260096e-03 9.795242e-01 1.188708e+02 8.718632e-02 9.961128e-01 1.256453e-02 -1.843802e-02 -9.756505e-01 8.792982e-02 -2.009339e-01 1.023075e+01
-2.065750e-01 6.606006e-03 9.784085e-01 1.208474e+02 8.584239e-02 9.962435e-01 1.139780e-02 2.656821e-02 -9.746578e-01 8.634342e-02 -2.063661e-01 9.721371e+00
-2.120363e-01 6.551784e-03 9.772398e-01 1.228479e+02 8.541173e-02 9.962752e-01 1.185278e-02 6.058297e-02 -9.735222e-01 8.598096e-02 -2.118061e-01 9.276092e+00
-2.182160e-01 5.707368e-03 9.758838e-01 1.248686e+02 8.413076e-02 9.963701e-01 1.298518e-02 6.042903e-02 -9.722674e-01 8.493542e-02 -2.179040e-01 8.905025e+00
-2.226756e-01 7.350402e-03 9.748649e-01 1.268734e+02 8.471115e-02 9.963352e-01 1.183718e-02 8.377721e-02 -9.712052e-01 8.521778e-02 -2.224823e-01 8.394326e+00
-2.257185e-01 7.606310e-03 9.741629e-01 1.288906e+02 8.422635e-02 9.963775e-01 1.173591e-02 8.700068e-02 -9.705447e-01 8.469919e-02 -2.255415e-01 7.908671e+00
-2.302493e-01 7.002743e-03 9.731065e-01 1.309147e+02 8.570495e-02 9.962343e-01 1.310970e-02 9.898185e-02 -9.693503e-01 8.641854e-02 -2.299824e-01 7.391242e+00
-2.349366e-01 6.889681e-03 9.719863e-01 1.329735e+02 8.704652e-02 9.961062e-01 1.397917e-02 1.322918e-01 -9.681052e-01 8.789225e-02 -2.346215e-01 7.010303e+00
-2.379620e-01 7.640126e-03 9.712444e-01 1.350203e+02 8.794743e-02 9.960307e-01 1.371266e-02 1.533270e-01 -9.672845e-01 8.868154e-02 -2.376894e-01 6.515496e+00
-2.415168e-01 7.962457e-03 9.703640e-01 1.370751e+02 8.712786e-02 9.961055e-01 1.351183e-02 1.729474e-01 -9.664773e-01 8.780907e-02 -2.412700e-01 6.019898e+00
-2.461363e-01 8.133026e-03 9.692011e-01 1.391562e+02 8.562874e-02 9.962372e-01 1.338620e-02 1.973082e-01 -9.654453e-01 8.628630e-02 -2.459065e-01 5.569911e+00
-2.507715e-01 7.935438e-03 9.680138e-01 1.412160e+02 8.421111e-02 9.963545e-01 1.364778e-02 1.946016e-01 -9.643766e-01 8.493999e-02 -2.505255e-01 5.036910e+00
-2.543579e-01 9.005074e-03 9.670682e-01 1.432835e+02 8.346539e-02 9.964301e-01 1.267455e-02 2.086031e-01 -9.635017e-01 8.394060e-02 -2.542014e-01 4.475366e+00
-2.591901e-01 8.222933e-03 9.657913e-01 1.453662e+02 8.323433e-02 9.964337e-01 1.385383e-02 1.939977e-01 -9.622331e-01 8.397777e-02 -2.589502e-01 3.932017e+00
-2.640977e-01 9.003813e-03 9.644539e-01 1.474698e+02 8.421900e-02 9.963523e-01 1.376019e-02 1.705013e-01 -9.608119e-01 8.485938e-02 -2.638926e-01 3.465118e+00
-2.693831e-01 1.004874e-02 9.629807e-01 1.495594e+02 8.386858e-02 9.963912e-01 1.306392e-02 1.976589e-01 -9.593742e-01 8.428302e-02 -2.692538e-01 2.896505e+00
-2.741771e-01 9.817185e-03 9.616291e-01 1.516668e+02 8.218305e-02 9.965291e-01 1.325833e-02 2.339483e-01 -9.581612e-01 8.266474e-02 -2.740322e-01 2.327036e+00
-2.796029e-01 8.725075e-03 9.600761e-01 1.537862e+02 8.096254e-02 9.966114e-01 1.452161e-02 2.646334e-01 -9.566960e-01 8.179048e-02 -2.793618e-01 1.814448e+00
-2.839027e-01 9.444534e-03 9.588066e-01 1.558714e+02 7.995066e-02 9.967025e-01 1.385557e-02 3.554674e-01 -9.555141e-01 8.059086e-02 -2.837216e-01 1.138322e+00
-2.884721e-01 1.115228e-02 9.574234e-01 1.579898e+02 8.203628e-02 9.965431e-01 1.310961e-02 3.821513e-01 -9.539675e-01 8.232521e-02 -2.883898e-01 5.430737e-01
-2.908041e-01 1.276334e-02 9.566975e-01 1.600722e+02 8.188852e-02 9.965740e-01 1.159604e-02 4.286906e-01 -9.532719e-01 8.171472e-02 -2.908530e-01 -1.829754e-01
-2.955144e-01 1.413311e-02 9.552337e-01 1.622154e+02 8.183485e-02 9.965898e-01 1.057173e-02 4.290484e-01 -9.518268e-01 8.129551e-02 -2.956633e-01 -7.714365e-01
-2.983592e-01 1.562650e-02 9.543257e-01 1.643554e+02 8.407959e-02 9.964092e-01 9.970940e-03 3.893761e-01 -9.507431e-01 8.321424e-02 -2.986017e-01 -1.389727e+00
-3.021141e-01 1.709052e-02 9.531186e-01 1.665039e+02 8.357674e-02 9.964640e-01 8.623920e-03 4.235481e-01 -9.496010e-01 8.226395e-02 -3.024742e-01 -2.009638e+00
-3.046532e-01 1.670556e-02 9.523168e-01 1.686047e+02 8.225266e-02 9.965724e-01 8.831343e-03 4.671285e-01 -9.489051e-01 8.102109e-02 -3.049830e-01 -2.801439e+00
-3.091729e-01 1.680672e-02 9.508573e-01 1.707604e+02 8.186316e-02 9.966029e-01 9.002653e-03 4.671597e-01 -9.474759e-01 8.062356e-02 -3.094984e-01 -3.464446e+00
-3.117936e-01 1.756566e-02 9.499875e-01 1.728720e+02 8.395019e-02 9.964281e-01 9.128769e-03 4.818446e-01 -9.464339e-01 8.259792e-02 -3.121546e-01 -4.277915e+00
-3.171887e-01 1.774893e-02 9.481963e-01 1.750754e+02 8.604022e-02 9.962401e-01 1.013375e-02 4.647581e-01 -9.444514e-01 8.479734e-02 -3.175232e-01 -4.823822e+00
-3.201896e-01 1.604172e-02 9.472177e-01 1.771973e+02 8.385058e-02 9.964123e-01 1.146929e-02 4.936827e-01 -9.436354e-01 8.309710e-02 -3.203860e-01 -5.660098e+00
-3.229604e-01 1.528559e-02 9.462890e-01 1.793800e+02 8.506864e-02 9.962911e-01 1.293992e-02 4.551760e-01 -9.425815e-01 8.467860e-02 -3.230628e-01 -6.342062e+00
-3.267820e-01 1.597222e-02 9.449648e-01 1.815915e+02 8.474909e-02 9.963243e-01 1.246709e-02 4.610143e-01 -9.412923e-01 8.415893e-02 -3.269345e-01 -6.952738e+00
-3.251661e-01 1.740066e-02 9.454968e-01 1.836948e+02 8.486310e-02 9.963336e-01 1.084905e-02 4.523528e-01 -9.418414e-01 8.376554e-02 -3.254506e-01 -7.896430e+00
-3.247002e-01 1.951138e-02 9.456157e-01 1.858650e+02 8.619487e-02 9.962373e-01 9.041230e-03 4.249499e-01 -9.418812e-01 8.444291e-02 -3.251602e-01 -8.701697e+00
-3.270769e-01 2.057720e-02 9.447737e-01 1.880532e+02 8.442446e-02 9.964015e-01 7.525752e-03 4.474185e-01 -9.412190e-01 8.222350e-02 -3.276371e-01 -9.469911e+00
-3.292043e-01 2.073328e-02 9.440311e-01 1.902316e+02 8.188337e-02 9.966196e-01 6.666264e-03 4.519432e-01 -9.407017e-01 7.949500e-02 -3.297892e-01 -1.028158e+01
-3.336931e-01 2.131654e-02 9.424407e-01 1.924305e+02 8.143034e-02 9.966592e-01 6.289432e-03 4.852331e-01 -9.391582e-01 7.884201e-02 -3.343141e-01 -1.108892e+01
-3.355816e-01 2.069348e-02 9.417838e-01 1.946320e+02 8.065620e-02 9.967185e-01 6.839313e-03 4.966360e-01 -9.385519e-01 7.825585e-02 -3.361494e-01 -1.190896e+01
-3.390387e-01 1.975219e-02 9.405650e-01 1.968393e+02 8.095769e-02 9.966834e-01 8.251546e-03 4.622842e-01 -9.372826e-01 7.894357e-02 -3.395134e-01 -1.272198e+01
-3.427615e-01 2.083632e-02 9.391913e-01 1.990654e+02 8.178439e-02 9.966200e-01 7.737129e-03 4.823082e-01 -9.358557e-01 7.946318e-02 -3.433071e-01 -1.352757e+01
-3.439871e-01 2.106575e-02 9.387380e-01 2.012560e+02 8.099101e-02 9.966880e-01 7.311823e-03 4.922026e-01 -9.354749e-01 7.854451e-02 -3.445540e-01 -1.438197e+01
-3.487011e-01 2.194693e-02 9.369770e-01 2.034954e+02 7.964846e-02 9.968031e-01 6.293370e-03 5.040016e-01 -9.338435e-01 7.682328e-02 -3.493344e-01 -1.518912e+01
-3.526762e-01 2.268313e-02 9.354705e-01 2.057342e+02 8.062170e-02 9.967253e-01 6.226277e-03 4.725445e-01 -9.322659e-01 7.761508e-02 -3.533500e-01 -1.594703e+01
-3.552638e-01 2.299444e-02 9.344832e-01 2.079477e+02 8.124776e-02 9.966736e-01 6.363341e-03 4.459638e-01 -9.312284e-01 7.818533e-02 -3.559503e-01 -1.681708e+01
-3.567785e-01 2.396563e-02 9.338816e-01 2.101726e+02 8.334554e-02 9.965010e-01 6.268588e-03 4.655493e-01 -9.304637e-01 8.007136e-02 -3.575275e-01 -1.767169e+01
-3.587376e-01 2.388713e-02 9.331327e-01 2.123917e+02 8.546043e-02 9.963145e-01 7.350270e-03 4.637965e-01 -9.295181e-01 8.238275e-02 -3.594569e-01 -1.854935e+01
-3.612663e-01 2.416570e-02 9.321495e-01 2.146041e+02 8.538510e-02 9.963216e-01 7.262725e-03 4.671942e-01 -9.285451e-01 8.221545e-02 -3.620008e-01 -1.943556e+01
-3.622752e-01 2.474006e-02 9.317428e-01 2.168161e+02 8.514802e-02 9.963461e-01 6.651366e-03 4.575737e-01 -9.281737e-01 8.174568e-02 -3.630581e-01 -2.034986e+01
-3.651802e-01 2.520288e-02 9.305956e-01 2.190672e+02 8.379546e-02 9.964655e-01 5.895837e-03 4.810988e-01 -9.271579e-01 8.013273e-02 -3.660014e-01 -2.120742e+01
-3.674598e-01 2.648720e-02 9.296622e-01 2.213051e+02 8.473695e-02 9.963903e-01 5.104905e-03 4.316650e-01 -9.261711e-01 8.065258e-02 -3.683778e-01 -2.203305e+01
-3.674767e-01 2.806795e-02 9.296091e-01 2.234984e+02 8.533006e-02 9.963461e-01 3.648222e-03 4.234354e-01 -9.261099e-01 8.066424e-02 -3.685290e-01 -2.300396e+01
-3.708193e-01 2.883816e-02 9.282572e-01 2.257663e+02 8.335725e-02 9.965170e-01 2.340685e-03 4.491060e-01 -9.249566e-01 7.824494e-02 -3.719316e-01 -2.379767e+01
-3.731058e-01 3.031520e-02 9.272934e-01 2.280157e+02 8.463629e-02 9.964108e-01 1.479465e-03 4.577556e-01 -9.239203e-01 7.903467e-02 -3.743324e-01 -2.463859e+01
-3.769800e-01 2.995703e-02 9.257368e-01 2.302605e+02 8.544126e-02 9.963399e-01 2.551763e-03 4.395184e-01 -9.222721e-01 8.005809e-02 -3.781598e-01 -2.550595e+01
-3.810566e-01 3.024139e-02 9.240570e-01 2.325773e+02 8.713640e-02 9.961908e-01 3.330643e-03 4.524529e-01 -9.204364e-01 8.178817e-02 -3.822402e-01 -2.614992e+01
-3.846807e-01 2.973246e-02 9.225707e-01 2.347998e+02 8.637318e-02 9.962552e-01 3.907537e-03 4.485957e-01 -9.189997e-01 8.118852e-02 -3.858083e-01 -2.706626e+01
-3.859768e-01 3.049885e-02 9.220042e-01 2.369958e+02 8.541444e-02 9.963416e-01 2.799037e-03 4.623285e-01 -9.185457e-01 7.983284e-02 -3.871698e-01 -2.806120e+01
-3.899933e-01 3.008359e-02 9.203261e-01 2.392227e+02 8.367980e-02 9.964885e-01 2.886599e-03 4.699104e-01 -9.170076e-01 7.813846e-02 -3.911412e-01 -2.897665e+01
-3.927564e-01 3.007510e-02 9.191506e-01 2.414343e+02 8.321914e-02 9.965269e-01 2.952944e-03 4.900189e-01 -9.158695e-01 7.765071e-02 -3.938951e-01 -2.993131e+01
-3.990795e-01 3.071387e-02 9.164018e-01 2.437073e+02 8.254305e-02 9.965843e-01 2.545039e-03 4.971271e-01 -9.131934e-01 7.665826e-02 -4.002516e-01 -3.072035e+01
-4.021740e-01 3.093480e-02 9.150405e-01 2.458430e+02 8.078167e-02 9.967302e-01 1.808265e-03 5.673674e-01 -9.119925e-01 7.464574e-02 -4.033579e-01 -3.182076e+01
-4.053460e-01 3.131321e-02 9.136269e-01 2.480102e+02 7.980356e-02 9.968098e-01 1.242015e-03 6.163383e-01 -9.106734e-01 7.341413e-02 -4.065518e-01 -3.286059e+01
-4.109878e-01 3.251644e-02 9.110608e-01 2.502842e+02 7.971001e-02 9.968180e-01 3.807277e-04 6.138943e-01 -9.081494e-01 7.277714e-02 -4.122719e-01 -3.363439e+01
-4.137442e-01 3.393017e-02 9.097607e-01 2.524682e+02 8.058537e-02 9.967476e-01 -5.255089e-04 6.341678e-01 -9.068196e-01 7.309598e-02 -4.151328e-01 -3.464340e+01
-4.161966e-01 3.534607e-02 9.085874e-01 2.546312e+02 8.110191e-02 9.967045e-01 -1.623671e-03 6.517654e-01 -9.056505e-01 7.301240e-02 -4.176917e-01 -3.567821e+01
-4.202036e-01 3.528787e-02 9.067434e-01 2.568531e+02 8.101284e-02 9.967123e-01 -1.246177e-03 6.396580e-01 -9.038063e-01 7.293421e-02 -4.216809e-01 -3.660385e+01
-4.237342e-01 3.554149e-02 9.050890e-01 2.590146e+02 7.853604e-02 9.969084e-01 -2.378992e-03 6.641034e-01 -9.023754e-01 7.007405e-02 -4.252155e-01 -3.767338e+01
-4.284316e-01 3.610264e-02 9.028527e-01 2.612209e+02 7.860873e-02 9.969023e-01 -2.561146e-03 6.476317e-01 -9.001483e-01 6.987483e-02 -4.299424e-01 -3.865015e+01
-4.321236e-01 3.762070e-02 9.010293e-01 2.633955e+02 7.980694e-02 9.968047e-01 -3.345096e-03 6.459261e-01 -8.982761e-01 7.046290e-02 -4.337453e-01 -3.970689e+01
-4.346109e-01 3.891396e-02 8.997772e-01 2.654941e+02 7.990056e-02 9.967926e-01 -4.516115e-03 6.654282e-01 -8.970670e-01 6.992995e-02 -4.363262e-01 -4.090141e+01
-4.370518e-01 4.111644e-02 8.984961e-01 2.676502e+02 8.115785e-02 9.966824e-01 -6.132300e-03 6.689990e-01 -8.957674e-01 7.023988e-02 -4.389387e-01 -4.203944e+01
-4.396204e-01 4.262186e-02 8.971718e-01 2.698124e+02 8.175593e-02 9.966258e-01 -7.285632e-03 7.051496e-01 -8.944551e-01 7.014621e-02 -4.416216e-01 -4.311654e+01
-4.415289e-01 4.411704e-02 8.961617e-01 2.719532e+02 8.248449e-02 9.965568e-01 -8.420184e-03 6.770333e-01 -8.934475e-01 7.020169e-02 -4.436476e-01 -4.428369e+01
-4.443245e-01 4.711220e-02 8.946263e-01 2.741822e+02 8.480026e-02 9.963442e-01 -1.035195e-02 6.595956e-01 -8.918434e-01 7.126492e-02 -4.466953e-01 -4.530742e+01
-4.470048e-01 4.774294e-02 8.932566e-01 2.763754e+02 8.590980e-02 9.962501e-01 -1.025664e-02 6.249087e-01 -8.903967e-01 7.215473e-02 -4.494302e-01 -4.640888e+01
-4.492262e-01 4.929823e-02 8.920569e-01 2.785608e+02 8.556735e-02 9.962605e-01 -1.196649e-02 6.252663e-01 -8.893110e-01 7.095528e-02 -4.517647e-01 -4.757323e+01
-4.537818e-01 4.939318e-02 8.897429e-01 2.808269e+02 8.404524e-02 9.963842e-01 -1.244897e-02 6.412326e-01 -8.871406e-01 6.912954e-02 -4.562922e-01 -4.858070e+01
-4.563224e-01 5.027794e-02 8.883930e-01 2.830542e+02 8.526824e-02 9.962785e-01 -1.258568e-02 5.617203e-01 -8.857196e-01 7.000858e-02 -4.589113e-01 -4.972647e+01
-4.611627e-01 4.986244e-02 8.859135e-01 2.852977e+02 8.308249e-02 9.964600e-01 -1.283577e-02 5.321242e-01 -8.834174e-01 6.768452e-02 -4.636729e-01 -5.080649e+01
-4.636041e-01 5.100286e-02 8.845733e-01 2.875031e+02 8.093607e-02 9.966058e-01 -1.504392e-02 5.622474e-01 -8.823381e-01 6.461946e-02 -4.661585e-01 -5.200451e+01
-4.668830e-01 5.131668e-02 8.828289e-01 2.897852e+02 8.326899e-02 9.964304e-01 -1.388336e-02 4.718507e-01 -8.803900e-01 6.703036e-02 -4.694895e-01 -5.309537e+01
-4.686422e-01 5.101548e-02 8.819138e-01 2.920047e+02 8.230814e-02 9.965099e-01 -1.390654e-02 5.077681e-01 -8.795453e-01 6.607149e-02 -4.712056e-01 -5.432510e+01
-4.720128e-01 5.090985e-02 8.801205e-01 2.942559e+02 8.232148e-02 9.965145e-01 -1.349316e-02 4.844685e-01 -8.777398e-01 6.608388e-02 -4.745586e-01 -5.552892e+01
-4.713101e-01 5.090796e-02 8.804971e-01 2.964185e+02 8.064506e-02 9.966381e-01 -1.445544e-02 5.010976e-01 -8.782728e-01 6.419475e-02 -4.738311e-01 -5.689428e+01
-4.733727e-01 4.907493e-02 8.794941e-01 2.986698e+02 7.894977e-02 9.967922e-01 -1.312668e-02 4.585716e-01 -8.773170e-01 6.322205e-02 -4.757287e-01 -5.814797e+01
-4.783432e-01 4.832058e-02 8.768426e-01 3.009455e+02 7.573053e-02 9.970351e-01 -1.363088e-02 5.049410e-01 -8.749015e-01 5.988351e-02 -4.805843e-01 -5.935291e+01
-4.792971e-01 4.866945e-02 8.763022e-01 3.031812e+02 7.440322e-02 9.971201e-01 -1.468448e-02 5.270359e-01 -8.744933e-01 5.816148e-02 -4.815379e-01 -6.066670e+01
-4.812137e-01 4.878376e-02 8.752449e-01 3.054325e+02 7.049410e-02 9.973702e-01 -1.683272e-02 5.305195e-01 -8.737643e-01 5.359946e-02 -4.833871e-01 -6.196988e+01
-4.829318e-01 5.049092e-02 8.742011e-01 3.077225e+02 7.020506e-02 9.973550e-01 -1.882075e-02 4.453440e-01 -8.728391e-01 5.228420e-02 -4.851992e-01 -6.322884e+01
-4.873052e-01 4.950353e-02 8.718274e-01 3.100213e+02 6.589897e-02 9.976296e-01 -1.981272e-02 4.346017e-01 -8.707416e-01 4.779769e-02 -4.894123e-01 -6.450373e+01
-4.935294e-01 4.681234e-02 8.684684e-01 3.123336e+02 6.013416e-02 9.979974e-01 -1.962147e-02 4.262318e-01 -8.676478e-01 4.254084e-02 -4.953561e-01 -6.577824e+01
-4.990859e-01 4.436547e-02 8.654161e-01 3.146583e+02 5.729858e-02 9.981925e-01 -1.812812e-02 3.830968e-01 -8.646561e-01 4.053962e-02 -5.007258e-01 -6.705169e+01
-5.050732e-01 4.347513e-02 8.619809e-01 3.170192e+02 5.848937e-02 9.981586e-01 -1.607189e-02 2.740539e-01 -8.610924e-01 4.229924e-02 -5.066860e-01 -6.826819e+01
-5.117768e-01 4.050916e-02 8.581629e-01 3.193077e+02 5.081464e-02 9.985662e-01 -1.683285e-02 3.247710e-01 -8.576143e-01 3.499258e-02 -5.131015e-01 -6.963238e+01
-5.181496e-01 4.144940e-02 8.542850e-01 3.216901e+02 5.280103e-02 9.984701e-01 -1.641976e-02 2.765730e-01 -8.536586e-01 3.659923e-02 -5.195455e-01 -7.085648e+01
-5.220426e-01 4.321961e-02 8.518237e-01 3.239965e+02 5.453604e-02 9.983631e-01 -1.723212e-02 2.329461e-01 -8.511741e-01 3.745919e-02 -5.235451e-01 -7.224491e+01
-5.250985e-01 4.442737e-02 8.498810e-01 3.263009e+02 5.773287e-02 9.981955e-01 -1.651026e-02 1.532112e-01 -8.490810e-01 4.039656e-02 -5.267159e-01 -7.363049e+01
-5.269384e-01 4.373098e-02 8.487776e-01 3.285314e+02 5.859119e-02 9.981686e-01 -1.505333e-02 1.017653e-01 -8.478815e-01 4.179871e-02 -5.285356e-01 -7.513947e+01
-5.268642e-01 4.154488e-02 8.489336e-01 3.306801e+02 5.644363e-02 9.983101e-01 -1.382505e-02 2.896895e-02 -8.480733e-01 4.063297e-02 -5.283187e-01 -7.675946e+01
-5.294173e-01 4.096412e-02 8.473720e-01 3.329480e+02 5.431796e-02 9.984209e-01 -1.432968e-02 -1.695297e-02 -8.466209e-01 3.844114e-02 -5.308063e-01 -7.822210e+01
-5.332365e-01 4.132831e-02 8.449561e-01 3.352474e+02 5.495958e-02 9.983883e-01 -1.414895e-02 -5.709555e-02 -8.441791e-01 3.889369e-02 -5.346485e-01 -7.964048e+01
-5.367375e-01 4.142633e-02 8.427317e-01 3.375040e+02 5.518309e-02 9.983791e-01 -1.393130e-02 -9.496406e-02 -8.419428e-01 3.902708e-02 -5.381535e-01 -8.112718e+01
-5.402794e-01 3.979496e-02 8.405442e-01 3.397380e+02 5.181646e-02 9.985589e-01 -1.396981e-02 -1.095093e-01 -8.398888e-01 3.600643e-02 -5.415628e-01 -8.265257e+01
-5.434610e-01 3.985698e-02 8.384877e-01 3.419915e+02 5.188147e-02 9.985574e-01 -1.383911e-02 -1.832458e-01 -8.378296e-01 3.598096e-02 -5.447448e-01 -8.414631e+01
-5.494027e-01 3.845754e-02 8.346722e-01 3.443166e+02 5.063957e-02 9.986365e-01 -1.267993e-02 -2.313996e-01 -8.340218e-01 3.530105e-02 -5.506011e-01 -8.554866e+01
-5.501477e-01 3.862578e-02 8.341736e-01 3.465597e+02 5.188994e-02 9.985805e-01 -1.201647e-02 -2.940502e-01 -8.334536e-01 3.667438e-02 -5.513710e-01 -8.707731e+01
-5.525935e-01 3.818943e-02 8.325755e-01 3.487983e+02 4.951112e-02 9.986896e-01 -1.294761e-02 -3.581657e-01 -8.319790e-01 3.406698e-02 -5.537603e-01 -8.861388e+01
-5.562257e-01 3.737949e-02 8.301902e-01 3.510627e+02 4.618026e-02 9.988346e-01 -1.403206e-02 -4.296142e-01 -8.297472e-01 3.053341e-02 -5.573036e-01 -9.011922e+01
-5.578844e-01 3.705952e-02 8.290908e-01 3.533073e+02 4.323396e-02 9.989438e-01 -1.556021e-02 -4.977503e-01 -8.287918e-01 2.716408e-02 -5.588974e-01 -9.164607e+01
-5.607471e-01 3.386905e-02 8.272941e-01 3.555952e+02 4.007726e-02 9.991021e-01 -1.373808e-02 -5.526637e-01 -8.270166e-01 2.545209e-02 -5.616010e-01 -9.313244e+01
-5.641922e-01 3.275808e-02 8.249934e-01 3.578347e+02 4.019965e-02 9.991174e-01 -1.218051e-02 -6.318854e-01 -8.246643e-01 2.629230e-02 -5.650111e-01 -9.467371e+01
-5.660491e-01 3.253959e-02 8.237291e-01 3.600878e+02 3.898276e-02 9.991594e-01 -1.268145e-02 -6.898732e-01 -8.234493e-01 2.493291e-02 -5.668417e-01 -9.619592e+01
-5.674673e-01 3.322996e-02 8.227251e-01 3.623414e+02 3.917238e-02 9.991435e-01 -1.333672e-02 -7.255217e-01 -8.224636e-01 2.465995e-02 -5.682830e-01 -9.773882e+01
-5.729637e-01 2.883908e-02 8.190732e-01 3.646413e+02 3.607095e-02 9.992997e-01 -9.952147e-03 -7.807603e-01 -8.187866e-01 2.384253e-02 -5.736027e-01 -9.919162e+01
-5.769470e-01 2.716872e-02 8.163296e-01 3.669110e+02 3.496726e-02 9.993519e-01 -8.546623e-03 -8.416187e-01 -8.160328e-01 2.361386e-02 -5.775231e-01 -1.006922e+02
-5.793157e-01 2.733218e-02 8.146449e-01 3.691068e+02 3.521198e-02 9.993438e-01 -8.488846e-03 -8.712041e-01 -8.143423e-01 2.376754e-02 -5.798980e-01 -1.022961e+02
-5.796739e-01 2.893213e-02 8.143347e-01 3.713073e+02 3.670420e-02 9.992822e-01 -9.375619e-03 -9.198832e-01 -8.140215e-01 2.445471e-02 -5.803198e-01 -1.038959e+02
-5.803059e-01 2.879355e-02 8.138894e-01 3.734632e+02 3.757738e-02 9.992571e-01 -8.558638e-03 -9.670680e-01 -8.135312e-01 2.561721e-02 -5.809568e-01 -1.055424e+02
-5.825574e-01 2.881779e-02 8.122786e-01 3.757266e+02 3.763942e-02 9.992556e-01 -8.456731e-03 -1.024923e+00 -8.119176e-01 2.564716e-02 -5.832084e-01 -1.070457e+02
-5.850442e-01 2.715450e-02 8.105467e-01 3.779307e+02 3.458931e-02 9.993653e-01 -8.513995e-03 -1.092667e+00 -8.102635e-01 2.305519e-02 -5.856122e-01 -1.086387e+02
-5.890322e-01 2.478454e-02 8.077294e-01 3.801391e+02 2.527872e-02 9.996055e-01 -1.223774e-02 -1.150405e+00 -8.077141e-01 1.320994e-02 -5.894263e-01 -1.101762e+02
-5.925910e-01 2.684795e-02 8.050559e-01 3.823727e+02 1.647303e-02 9.996393e-01 -2.121156e-02 -1.268676e+00 -8.053350e-01 6.919299e-04 -5.928196e-01 -1.116982e+02
-5.950405e-01 3.655799e-02 8.028638e-01 3.845325e+02 2.595766e-02 9.993179e-01 -2.626497e-02 -1.347157e+00 -8.032764e-01 5.211741e-03 -5.955836e-01 -1.133293e+02
-6.088953e-01 3.722804e-02 7.923766e-01 3.869462e+02 3.326642e-02 9.992178e-01 -2.138270e-02 -1.410459e+00 -7.925528e-01 1.333971e-02 -6.096574e-01 -1.145711e+02
-6.119081e-01 2.772492e-02 7.904428e-01 3.891258e+02 3.179820e-02 9.994398e-01 -1.043948e-02 -1.480886e+00 -7.902894e-01 1.874666e-02 -6.124470e-01 -1.161887e+02
-6.164433e-01 1.749058e-02 7.872050e-01 3.912779e+02 2.685883e-02 9.996385e-01 -1.177979e-03 -1.531742e+00 -7.869411e-01 2.041725e-02 -6.166903e-01 -1.178330e+02
-6.181909e-01 1.138981e-02 7.859455e-01 3.933806e+02 2.144034e-02 9.997673e-01 2.375562e-03 -1.569447e+00 -7.857355e-01 1.831949e-02 -6.182912e-01 -1.195261e+02
-6.188931e-01 1.138000e-02 7.853928e-01 3.953679e+02 2.098727e-02 9.997776e-01 2.051715e-03 -1.587431e+00 -7.851948e-01 1.775304e-02 -6.189943e-01 -1.213432e+02
-6.223093e-01 1.645570e-02 7.825984e-01 3.975068e+02 2.696894e-02 9.996362e-01 4.258973e-04 -1.654384e+00 -7.823067e-01 2.137089e-02 -6.225267e-01 -1.229812e+02
-6.244346e-01 2.212752e-02 7.807636e-01 3.996677e+02 3.056595e-02 9.995252e-01 -3.881562e-03 -1.704531e+00 -7.804788e-01 2.144100e-02 -6.248145e-01 -1.245941e+02
-6.284073e-01 2.425958e-02 7.775061e-01 4.018131e+02 3.061707e-02 9.995104e-01 -6.440731e-03 -1.755867e+00 -7.772817e-01 1.975756e-02 -6.288424e-01 -1.262275e+02
-6.311531e-01 2.369586e-02 7.752963e-01 4.039031e+02 3.004280e-02 9.995300e-01 -6.092013e-03 -1.799046e+00 -7.750763e-01 1.944708e-02 -6.315683e-01 -1.279269e+02
-6.335849e-01 2.204623e-02 7.733590e-01 4.060015e+02 2.872131e-02 9.995751e-01 -4.964668e-03 -1.839075e+00 -7.731398e-01 1.906634e-02 -6.339489e-01 -1.296019e+02
-6.374431e-01 2.040072e-02 7.702273e-01 4.080830e+02 2.756145e-02 9.996134e-01 -3.666421e-03 -1.882651e+00 -7.700043e-01 1.889144e-02 -6.377589e-01 -1.313195e+02
-6.403882e-01 2.039246e-02 7.677806e-01 4.102076e+02 2.751425e-02 9.996149e-01 -3.601041e-03 -1.927396e+00 -7.675584e-01 1.881884e-02 -6.407027e-01 -1.329707e+02
-6.436541e-01 1.966811e-02 7.650638e-01 4.123677e+02 2.680302e-02 9.996358e-01 -3.148857e-03 -1.968616e+00 -7.648471e-01 1.847925e-02 -6.439468e-01 -1.345804e+02
-6.475787e-01 2.009260e-02 7.617336e-01 4.145401e+02 2.711879e-02 9.996267e-01 -3.312897e-03 -1.978649e+00 -7.615158e-01 1.851193e-02 -6.478819e-01 -1.361746e+02
-6.503969e-01 1.831634e-02 7.593737e-01 4.166120e+02 2.689060e-02 9.996378e-01 -1.080024e-03 -2.015634e+00 -7.591184e-01 1.971757e-02 -6.506538e-01 -1.378810e+02
-6.519990e-01 1.576620e-02 7.580559e-01 4.187380e+02 2.650068e-02 9.996468e-01 2.002207e-03 -2.071731e+00 -7.577566e-01 2.139443e-02 -6.521865e-01 -1.395409e+02
-6.537263e-01 1.481941e-02 7.565859e-01 4.208140e+02 2.775253e-02 9.996051e-01 4.400031e-03 -2.100756e+00 -7.562220e-01 2.387359e-02 -6.538795e-01 -1.412457e+02
-6.560433e-01 1.393591e-02 7.545945e-01 4.228877e+02 2.520834e-02 9.996763e-01 3.453998e-03 -2.138706e+00 -7.543021e-01 2.128805e-02 -6.561822e-01 -1.429486e+02
-6.581067e-01 1.347963e-02 7.528040e-01 4.248800e+02 2.048710e-02 9.997901e-01 7.827190e-06 -2.166427e+00 -7.526459e-01 1.542792e-02 -6.582448e-01 -1.447463e+02
-6.600113e-01 1.260088e-02 7.511500e-01 4.269154e+02 1.743595e-02 9.998469e-01 -1.452479e-03 -2.201557e+00 -7.510533e-01 1.213836e-02 -6.601300e-01 -1.464960e+02
-6.636635e-01 1.076760e-02 7.479538e-01 4.289854e+02 1.464090e-02 9.998918e-01 -1.403569e-03 -2.224061e+00 -7.478880e-01 1.001922e-02 -6.637494e-01 -1.482101e+02
-6.642131e-01 9.505850e-03 7.474828e-01 4.309629e+02 1.282571e-02 9.999169e-01 -1.319170e-03 -2.276019e+00 -7.474333e-01 8.710786e-03 -6.642798e-01 -1.500195e+02
-6.637019e-01 9.332003e-03 7.479390e-01 4.329545e+02 1.075993e-02 9.999378e-01 -2.928093e-03 -2.306301e+00 -7.479198e-01 6.104393e-03 -6.637610e-01 -1.518178e+02
-6.645087e-01 9.363896e-03 7.472218e-01 4.349693e+02 1.087724e-02 9.999368e-01 -2.857631e-03 -2.365025e+00 -7.472013e-01 6.228789e-03 -6.645686e-01 -1.535757e+02
-6.641410e-01 8.903689e-03 7.475544e-01 4.369135e+02 1.236859e-02 9.999231e-01 -9.210282e-04 -2.386669e+00 -7.475051e-01 8.634499e-03 -6.642000e-01 -1.554203e+02
-6.606708e-01 7.046750e-03 7.506426e-01 4.387732e+02 1.381117e-02 9.999008e-01 2.769080e-03 -2.408098e+00 -7.505487e-01 1.219671e-02 -6.607026e-01 -1.573389e+02
-6.595245e-01 5.445773e-03 7.516633e-01 4.407533e+02 1.749794e-02 9.998140e-01 8.109426e-03 -2.406096e+00 -7.514794e-01 1.850092e-02 -6.594971e-01 -1.591368e+02
-6.598644e-01 4.396296e-03 7.513718e-01 4.429040e+02 2.138145e-02 9.996878e-01 1.292827e-02 -2.425008e+00 -7.510804e-01 2.459632e-02 -6.597524e-01 -1.607218e+02
-6.566174e-01 1.864073e-03 7.542215e-01 4.440207e+02 1.560890e-02 9.998164e-01 1.111788e-02 -2.455267e+00 -7.540623e-01 1.907277e-02 -6.565259e-01 -1.631377e+02
-6.570249e-01 7.601736e-04 7.538685e-01 4.461204e+02 7.833935e-03 9.999524e-01 5.819255e-03 -2.478961e+00 -7.538282e-01 9.729152e-03 -6.569996e-01 -1.648020e+02
-6.532223e-01 -7.190566e-04 7.571659e-01 4.481340e+02 3.899402e-03 9.999831e-01 4.313745e-03 -2.496574e+00 -7.571562e-01 5.770329e-03 -6.532084e-01 -1.665671e+02
