1.000000e+00 0.000000e+00 0.000000e+00 0.000000e+00 0.000000e+00 1.000000e+00 0.000000e+00 0.000000e+00 0.000000e+00 0.000000e+00 1.000000e+00 0.000000e+00
9.999972e-01 -2.267608e-03 -7.057680e-04 -2.714319e-02 2.269922e-03 9.999920e-01 3.294744e-03 -2.556780e-02 6.982912e-04 -3.296337e-03 9.999943e-01 1.523266e+00
9.999947e-01 -3.074353e-03 -1.106312e-03 -7.244465e-02 3.078883e-03 9.999868e-01 4.116251e-03 -3.979056e-02 1.093643e-03 -4.119635e-03 9.999909e-01 3.036693e+00
9.999965e-01 -1.871098e-03 -1.851002e-03 -1.054890e-01 1.878063e-03 9.999911e-01 3.768069e-03 -4.501397e-02 1.843935e-03 -3.771532e-03 9.999912e-01 4.549619e+00
9.999962e-01 -1.077405e-03 -2.549749e-03 -1.467287e-01 1.086597e-03 9.999929e-01 3.606646e-03 -5.480159e-02 2.545845e-03 -3.609403e-03 9.999902e-01 6.085105e+00
9.999935e-01 -1.027245e-03 -3.464677e-03 -1.783245e-01 1.040501e-03 9.999921e-01 3.826421e-03 -7.008053e-02 3.460719e-03 -3.830001e-03 9.999867e-01 7.568724e+00
9.999856e-01 -1.179894e-03 -5.239041e-03 -1.811090e-01 1.201515e-03 9.999908e-01 4.125624e-03 -8.973676e-02 5.234124e-03 -4.131860e-03 9.999778e-01 9.069025e+00
9.999675e-01 -3.988554e-03 -7.000798e-03 -1.843339e-01 4.011786e-03 9.999865e-01 3.307666e-03 -1.130488e-01 6.987511e-03 -3.335644e-03 9.999700e-01 1.056390e+01
9.999475e-01 -5.806730e-03 -8.439601e-03 -1.973940e-01 5.838799e-03 9.999758e-01 3.780173e-03 -1.304870e-01 8.417446e-03 -3.829251e-03 9.999572e-01 1.205711e+01
9.999434e-01 -5.739527e-03 -8.957722e-03 -2.315615e-01 5.772952e-03 9.999765e-01 3.710035e-03 -1.460882e-01 8.936217e-03 -3.761538e-03 9.999530e-01 1.354555e+01
9.999279e-01 -5.412411e-03 -1.071521e-02 -2.300919e-01 5.456364e-03 9.999768e-01 4.076959e-03 -1.713064e-01 1.069290e-02 -4.135131e-03 9.999343e-01 1.503030e+01
9.999291e-01 -3.765272e-03 -1.129758e-02 -2.533410e-01 3.818465e-03 9.999817e-01 4.690438e-03 -1.905124e-01 1.127972e-02 -4.733245e-03 9.999252e-01 1.651298e+01
9.999296e-01 -2.557448e-03 -1.158264e-02 -2.743972e-01 2.620094e-03 9.999820e-01 5.396624e-03 -2.087201e-01 1.156863e-02 -5.426592e-03 9.999184e-01 1.798690e+01
9.999339e-01 -1.827371e-03 -1.135112e-02 -3.085072e-01 1.895570e-03 9.999802e-01 6.000277e-03 -2.123148e-01 1.133993e-02 -6.021397e-03 9.999176e-01 1.946023e+01
9.999195e-01 -3.564061e-03 -1.218096e-02 -3.302606e-01 3.639268e-03 9.999744e-01 6.157625e-03 -2.340637e-01 1.215870e-02 -6.201459e-03 9.999068e-01 2.092223e+01
9.999112e-01 -2.750863e-03 -1.303841e-02 -3.547002e-01 2.830269e-03 9.999775e-01 6.075630e-03 -2.504875e-01 1.302140e-02 -6.111993e-03 9.998965e-01 2.237937e+01
9.999118e-01 -2.703911e-03 -1.300529e-02 -3.755116e-01 2.792321e-03 9.999731e-01 6.784650e-03 -2.810659e-01 1.298660e-02 -6.820367e-03 9.998924e-01 2.383159e+01
9.999178e-01 -1.979611e-03 -1.266555e-02 -4.029719e-01 2.082441e-03 9.999649e-01 8.110861e-03 -2.976643e-01 1.264905e-02 -8.136570e-03 9.998869e-01 2.527262e+01
9.999207e-01 -2.096060e-03 -1.241688e-02 -4.400508e-01 2.179643e-03 9.999750e-01 6.721725e-03 -3.020233e-01 1.240248e-02 -6.748256e-03 9.999003e-01 2.670567e+01
9.999324e-01 -1.404474e-03 -1.154518e-02 -4.851988e-01 1.457767e-03 9.999883e-01 4.608919e-03 -3.187609e-01 1.153858e-02 -4.625438e-03 9.999227e-01 2.813081e+01
9.999235e-01 -3.658420e-03 -1.181311e-02 -4.981118e-01 3.722034e-03 9.999787e-01 5.367539e-03 -3.591231e-01 1.179322e-02 -5.411097e-03 9.999158e-01 2.955205e+01
9.999249e-01 -4.581541e-03 -1.136710e-02 -5.105383e-01 4.679863e-03 9.999517e-01 8.638217e-03 -3.941186e-01 1.132697e-02 -8.690765e-03 9.998981e-01 3.096324e+01
9.999167e-01 -5.946256e-03 -1.145474e-02 -5.152614e-01 6.054081e-03 9.999375e-01 9.401563e-03 -3.945555e-01 1.139812e-02 -9.470128e-03 9.998902e-01 3.235806e+01
9.999221e-01 -6.533993e-03 -1.063732e-02 -5.488231e-01 6.626504e-03 9.999403e-01 8.684883e-03 -3.991857e-01 1.057994e-02 -8.754694e-03 9.999057e-01 3.374215e+01
9.999386e-01 -6.744372e-03 -8.788959e-03 -5.933895e-01 6.806460e-03 9.999520e-01 7.053666e-03 -4.317582e-01 8.740965e-03 -7.113055e-03 9.999365e-01 3.510927e+01
9.999571e-01 -5.762287e-03 -7.254971e-03 -6.472086e-01 5.807383e-03 9.999639e-01 6.210212e-03 -4.406359e-01 7.218924e-03 -6.252078e-03 9.999544e-01 3.646489e+01
9.999712e-01 -5.125386e-03 -5.599994e-03 -7.124099e-01 5.153405e-03 9.999742e-01 5.000490e-03 -4.466490e-01 5.574221e-03 -5.029205e-03 9.999718e-01 3.779794e+01
9.999803e-01 -4.583334e-03 -4.294217e-03 -7.277903e-01 4.609519e-03 9.999707e-01 6.107727e-03 -4.714458e-01 4.266098e-03 -6.127401e-03 9.999721e-01 3.912182e+01
9.999901e-01 -4.263252e-03 -1.298953e-03 -7.906501e-01 4.273922e-03 9.999562e-01 8.325552e-03 -4.829763e-01 1.263402e-03 -8.331021e-03 9.999645e-01 4.042373e+01
9.999888e-01 -4.701703e-03 4.422599e-04 -7.950419e-01 4.697302e-03 9.999441e-01 9.474583e-03 -4.992507e-01 -4.867819e-04 -9.472400e-03 9.999550e-01 4.170621e+01
9.999873e-01 -4.146759e-03 2.852074e-03 -8.011480e-01 4.117249e-03 9.999387e-01 1.027588e-02 -5.148735e-01 -2.894511e-03 -1.026401e-02 9.999431e-01 4.296962e+01
9.999698e-01 -4.908816e-03 6.018014e-03 -8.058671e-01 4.850371e-03 9.999413e-01 9.688061e-03 -5.184236e-01 -6.065218e-03 -9.658579e-03 9.999350e-01 4.421099e+01
9.999362e-01 -6.136412e-03 9.484763e-03 -7.924956e-01 6.062329e-03 9.999510e-01 7.819947e-03 -5.250717e-01 -9.532285e-03 -7.761948e-03 9.999244e-01 4.544437e+01
9.999024e-01 -5.642364e-03 1.278404e-02 -7.738735e-01 5.562533e-03 9.999649e-01 6.271601e-03 -5.372206e-01 -1.281897e-02 -6.199877e-03 9.998986e-01 4.666450e+01
9.998423e-01 -5.518787e-03 1.687658e-02 -7.621400e-01 5.398128e-03 9.999596e-01 7.186729e-03 -5.537539e-01 -1.691556e-02 -7.094494e-03 9.998318e-01 4.787408e+01
9.997436e-01 -5.030414e-03 2.207695e-02 -7.276956e-01 4.874662e-03 9.999629e-01 7.103150e-03 -5.644494e-01 -2.211186e-02 -6.993711e-03 9.997310e-01 4.907173e+01
9.995891e-01 -3.603474e-03 2.843603e-02 -6.936667e-01 3.424825e-03 9.999741e-01 6.328672e-03 -5.812116e-01 -2.845809e-02 -6.228683e-03 9.995756e-01 5.025702e+01
9.993458e-01 -2.630162e-03 3.607055e-02 -6.865232e-01 2.388976e-03 9.999745e-01 6.727983e-03 -6.102755e-01 -3.608733e-02 -6.637410e-03 9.993266e-01 5.143456e+01
9.990575e-01 -1.204862e-03 4.338993e-02 -6.059706e-01 8.660734e-04 9.999690e-01 7.825962e-03 -6.237037e-01 -4.339801e-02 -7.781007e-03 9.990276e-01 5.259652e+01
9.985306e-01 6.219399e-04 5.418657e-02 -5.687388e-01 -1.088944e-03 9.999625e-01 8.589357e-03 -6.465420e-01 -5.417920e-02 -8.635742e-03 9.984939e-01 5.374491e+01
9.976714e-01 3.431918e-03 6.811682e-02 -5.101630e-01 -4.041953e-03 9.999529e-01 8.819912e-03 -6.555360e-01 -6.808334e-02 -9.074700e-03 9.976384e-01 5.487645e+01
9.965600e-01 5.439776e-03 8.269548e-02 -4.171223e-01 -6.234241e-03 9.999368e-01 9.351939e-03 -6.641374e-01 -8.263939e-02 -9.835312e-03 9.965310e-01 5.599446e+01
9.951014e-01 7.448430e-03 9.857854e-02 -3.130810e-01 -8.560723e-03 9.999043e-01 1.086514e-02 -6.774879e-01 -9.848818e-02 -1.165582e-02 9.950700e-01 5.710377e+01
9.932391e-01 7.511418e-03 1.158433e-01 -1.811810e-01 -8.939820e-03 9.998902e-01 1.181583e-02 -6.908947e-01 -1.157418e-01 -1.277157e-02 9.931972e-01 5.819459e+01
9.909916e-01 6.878659e-03 1.337473e-01 -2.797690e-02 -8.469811e-03 9.998999e-01 1.133138e-02 -6.977302e-01 -1.336560e-01 -1.236211e-02 9.909507e-01 5.926947e+01
9.881577e-01 6.279423e-03 1.533130e-01 1.420120e-01 -8.006794e-03 9.999112e-01 1.065212e-02 -6.919017e-01 -1.532325e-01 -1.175352e-02 9.881203e-01 6.033082e+01
9.847077e-01 3.301257e-03 1.741836e-01 3.208506e-01 -5.204023e-03 9.999317e-01 1.046832e-02 -6.950851e-01 -1.741371e-01 -1.121469e-02 9.846575e-01 6.137951e+01
9.806938e-01 -1.858287e-03 1.955409e-01 5.332129e-01 -6.316105e-04 9.999195e-01 1.267026e-02 -7.065932e-01 -1.955488e-01 -1.254915e-02 9.806137e-01 6.241015e+01
9.758115e-01 -6.930951e-03 2.185039e-01 7.729686e-01 3.911441e-03 9.998908e-01 1.424856e-02 -7.098739e-01 -2.185789e-01 -1.304924e-02 9.757320e-01 6.342188e+01
9.700500e-01 -1.219853e-02 2.425987e-01 1.004710e+00 9.180008e-03 9.998658e-01 1.356901e-02 -7.088908e-01 -2.427316e-01 -1.093556e-02 9.700318e-01 6.441902e+01
9.635626e-01 -1.764522e-02 2.669002e-01 1.314649e+00 1.512337e-02 9.998195e-01 1.150139e-02 -6.895768e-01 -2.670550e-01 -7.045881e-03 9.636555e-01 6.538537e+01
9.559063e-01 -2.132088e-02 2.928968e-01 1.612864e+00 1.844299e-02 9.997507e-01 1.258396e-02 -7.023598e-01 -2.930921e-01 -6.627189e-03 9.560612e-01 6.634431e+01
9.470901e-01 -2.350974e-02 3.201057e-01 1.927708e+00 1.961824e-02 9.996893e-01 1.537677e-02 -7.125775e-01 -3.203678e-01 -8.283275e-03 9.472570e-01 6.729254e+01
9.375893e-01 -2.871877e-02 3.465566e-01 2.305001e+00 2.404790e-02 9.995528e-01 1.777164e-02 -6.937507e-01 -3.469120e-01 -8.328541e-03 9.378607e-01 6.820198e+01
9.269604e-01 -3.169189e-02 3.738181e-01 2.701883e+00 2.716698e-02 9.994800e-01 1.736860e-02 -6.859259e-01 -3.741742e-01 -5.944499e-03 9.273394e-01 6.908548e+01
9.148427e-01 -3.189911e-02 4.025484e-01 3.081118e+00 2.879092e-02 9.994906e-01 1.377151e-02 -6.939190e-01 -4.027827e-01 -1.009026e-03 9.152951e-01 6.996703e+01
9.018215e-01 -3.306105e-02 4.308420e-01 3.503797e+00 3.243477e-02 9.994351e-01 8.801366e-03 -7.067184e-01 -4.308896e-01 6.037002e-03 9.023844e-01 7.082492e+01
8.871517e-01 -3.498300e-02 4.601500e-01 3.926392e+00 3.582526e-02 9.993342e-01 6.904850e-03 -7.176536e-01 -4.600852e-01 1.035934e-02 8.878144e-01 7.168124e+01
8.718058e-01 -3.562023e-02 4.885549e-01 4.422444e+00 3.483199e-02 9.993359e-01 1.070471e-02 -7.337214e-01 -4.886118e-01 7.684913e-03 8.724675e-01 7.249697e+01
8.538522e-01 -3.555862e-02 5.192995e-01 4.888846e+00 3.112888e-02 9.993666e-01 1.724753e-02 -7.515684e-01 -5.195839e-01 1.438375e-03 8.544183e-01 7.331586e+01
8.340050e-01 -3.542070e-02 5.506188e-01 5.390480e+00 2.873759e-02 9.993714e-01 2.076053e-02 -7.429998e-01 -5.510080e-01 -1.490923e-03 8.344986e-01 7.409951e+01
8.131360e-01 -2.961685e-02 5.813198e-01 5.935285e+00 2.468434e-02 9.995608e-01 1.639738e-02 -7.516053e-01 -5.815501e-01 1.016196e-03 8.135099e-01 7.484533e+01
7.910648e-01 -2.257959e-02 6.113155e-01 6.490275e+00 2.110558e-02 9.997310e-01 9.614741e-03 -7.568802e-01 -6.113682e-01 5.296285e-03 7.913286e-01 7.557555e+01
7.689482e-01 -2.070822e-02 6.389757e-01 7.084480e+00 2.052923e-02 9.997596e-01 7.695642e-03 -7.530354e-01 -6.389814e-01 7.200130e-03 7.691885e-01 7.628052e+01
7.460941e-01 -2.266576e-02 6.654547e-01 7.713189e+00 2.087098e-02 9.997254e-01 1.065109e-02 -7.470802e-01 -6.655134e-01 5.941975e-03 7.463623e-01 7.694170e+01
7.230658e-01 -2.293325e-02 6.903984e-01 8.369243e+00 2.124764e-02 9.997142e-01 1.095491e-02 -7.453145e-01 -6.904524e-01 6.748215e-03 7.233464e-01 7.755505e+01
6.976492e-01 -2.105974e-02 7.161299e-01 9.008290e+00 2.186540e-02 9.997281e-01 8.098586e-03 -7.431212e-01 -7.161058e-01 1.000849e-02 6.979200e-01 7.818858e+01
6.709673e-01 -1.897447e-02 7.412441e-01 9.658886e+00 2.160735e-02 9.997483e-01 6.032925e-03 -7.614988e-01 -7.411721e-01 1.196843e-02 6.712084e-01 7.880599e+01
6.454939e-01 -1.601493e-02 7.635975e-01 1.038977e+01 1.923157e-02 9.998040e-01 4.711811e-03 -7.463770e-01 -7.635233e-01 1.164373e-02 6.456753e-01 7.933624e+01
6.173778e-01 -1.448938e-02 7.865334e-01 1.109018e+01 1.914183e-02 9.998110e-01 3.393243e-03 -7.459511e-01 -7.864339e-01 1.296078e-02 6.175385e-01 7.990323e+01
5.866920e-01 -7.248753e-03 8.097777e-01 1.176748e+01 1.911610e-02 9.998053e-01 -4.900014e-03 -7.043075e-01 -8.095845e-01 1.835459e-02 5.867164e-01 8.050192e+01
5.549244e-01 3.086267e-03 8.318950e-01 1.249727e+01 1.792215e-02 9.997167e-01 -1.566404e-02 -6.881776e-01 -8.317077e-01 2.360171e-02 5.547119e-01 8.106055e+01
5.235225e-01 1.176126e-02 8.519307e-01 1.327258e+01 1.723322e-02 9.995540e-01 -2.438930e-02 -6.910744e-01 -8.518375e-01 2.744985e-02 5.230863e-01 8.156907e+01
4.921273e-01 1.686325e-02 8.703599e-01 1.408167e+01 1.510799e-02 9.994963e-01 -2.790778e-02 -6.931717e-01 -8.703921e-01 2.688357e-02 4.916247e-01 8.202354e+01
4.585901e-01 1.679830e-02 8.884891e-01 1.489565e+01 1.368370e-02 9.995693e-01 -2.596123e-02 -7.095696e-01 -8.885425e-01 2.406338e-02 4.581627e-01 8.248710e+01
4.220385e-01 1.577243e-02 9.064407e-01 1.569308e+01 8.365998e-03 9.997383e-01 -2.129105e-02 -7.519826e-01 -9.065393e-01 1.656892e-02 4.217961e-01 8.296182e+01
3.883156e-01 1.687429e-02 9.213719e-01 1.656336e+01 4.125007e-03 9.997905e-01 -2.004897e-02 -7.855954e-01 -9.215172e-01 1.158599e-02 3.881646e-01 8.331487e+01
3.513041e-01 2.063790e-02 9.360339e-01 1.742486e+01 -4.492419e-03 9.997827e-01 -2.035739e-02 -8.178559e-01 -9.362506e-01 2.946578e-03 3.513205e-01 8.369007e+01
3.160322e-01 2.235868e-02 9.484850e-01 1.832493e+01 -9.167484e-03 9.997476e-01 -2.051252e-02 -8.392760e-01 -9.487042e-01 -2.212606e-03 3.161574e-01 8.398260e+01
2.772999e-01 2.185994e-02 9.605347e-01 1.921330e+01 -1.180264e-02 9.997432e-01 -1.934490e-02 -8.614636e-01 -9.607109e-01 -5.972502e-03 2.774867e-01 8.432130e+01
2.405802e-01 2.224418e-02 9.703744e-01 2.013576e+01 -9.948167e-03 9.997414e-01 -2.045097e-02 -8.416376e-01 -9.705783e-01 -4.733349e-03 2.407392e-01 8.458372e+01
2.039613e-01 2.001138e-02 9.787744e-01 2.106997e+01 -1.167169e-02 9.997697e-01 -1.800844e-02 -9.302421e-01 -9.789094e-01 -7.750924e-03 2.041479e-01 8.479025e+01
1.676705e-01 1.938713e-02 9.856525e-01 2.201367e+01 -9.747507e-03 9.997903e-01 -1.800705e-02 -9.577974e-01 -9.857949e-01 -6.588404e-03 1.678243e-01 8.498802e+01
1.337904e-01 1.789000e-02 9.908482e-01 2.296871e+01 -4.486112e-03 9.998377e-01 -1.744656e-02 -1.027246e+00 -9.909995e-01 -2.110873e-03 1.338490e-01 8.507140e+01
1.003963e-01 2.121891e-02 9.947212e-01 2.392837e+01 -2.467945e-03 9.997748e-01 -2.107762e-02 -1.054445e+00 -9.949445e-01 -3.388020e-04 1.004261e-01 8.515417e+01
6.747305e-02 2.583725e-02 9.973865e-01 2.489067e+01 -1.103467e-03 9.996660e-01 -2.582165e-02 -1.090341e+00 -9.977205e-01 6.416829e-04 6.747902e-02 8.522709e+01
3.811790e-02 3.026770e-02 9.988147e-01 2.586191e+01 5.390204e-03 9.995204e-01 -3.049479e-02 -1.110243e+00 -9.992587e-01 6.546213e-03 3.793647e-02 8.525694e+01
1.252690e-02 2.842037e-02 9.995176e-01 2.684371e+01 6.803095e-03 9.995704e-01 -2.850714e-02 -1.145108e+00 -9.998984e-01 7.156918e-03 1.232817e-02 8.526894e+01
-9.871362e-03 2.538649e-02 9.996290e-01 2.782714e+01 8.185269e-03 9.996462e-01 -2.530609e-02 -1.179028e+00 -9.999178e-01 7.932426e-03 -1.007567e-02 8.525987e+01
-2.828668e-02 2.253865e-02 9.993457e-01 2.880644e+01 8.693920e-03 9.997135e-01 -2.230086e-02 -1.217977e+00 -9.995620e-01 8.057414e-03 -2.847453e-02 8.521330e+01
-4.519069e-02 2.618827e-02 9.986351e-01 2.979023e+01 9.994878e-03 9.996181e-01 -2.576176e-02 -1.239876e+00 -9.989284e-01 8.817044e-03 -4.543518e-02 8.518155e+01
-6.014592e-02 3.010378e-02 9.977356e-01 3.077676e+01 1.284917e-02 9.994857e-01 -2.938200e-02 -1.289496e+00 -9.981069e-01 1.105287e-02 -6.050180e-02 8.512632e+01
-7.178518e-02 3.559981e-02 9.967846e-01 3.176738e+01 1.738794e-02 9.992556e-01 -3.443584e-02 -1.321489e+00 -9.972685e-01 1.486005e-02 -7.235075e-02 8.504408e+01
-8.068334e-02 3.888048e-02 9.959812e-01 3.275764e+01 2.270066e-02 9.990514e-01 -3.716138e-02 -1.368274e+00 -9.964812e-01 1.961113e-02 -8.148942e-02 8.495852e+01
-8.641544e-02 4.418672e-02 9.952788e-01 3.374769e+01 2.634004e-02 9.987680e-01 -4.205465e-02 -1.420635e+00 -9.959109e-01 2.258152e-02 -8.747286e-02 8.486073e+01
-8.922780e-02 4.975368e-02 9.947678e-01 3.474520e+01 2.788860e-02 9.984848e-01 -4.743806e-02 -1.455464e+00 -9.956207e-01 2.350988e-02 -9.048016e-02 8.475183e+01
-9.200135e-02 5.392330e-02 9.942978e-01 3.574661e+01 3.037557e-02 9.982199e-01 -5.132539e-02 -1.503995e+00 -9.952955e-01 2.548035e-02 -9.347553e-02 8.466329e+01
-9.475842e-02 5.634131e-02 9.939047e-01 3.674880e+01 3.064960e-02 9.980890e-01 -5.365638e-02 -1.575350e+00 -9.950284e-01 2.537839e-02 -9.630417e-02 8.457563e+01
-9.735638e-02 5.984279e-02 9.934488e-01 3.775292e+01 3.136013e-02 9.978794e-01 -5.703644e-02 -1.634065e+00 -9.947554e-01 2.560183e-02 -9.902660e-02 8.448236e+01
-9.913890e-02 6.348772e-02 9.930462e-01 3.876243e+01 3.305337e-02 9.976220e-01 -6.048044e-02 -1.695277e+00 -9.945245e-01 2.682756e-02 -1.010016e-01 8.437114e+01
-1.015240e-01 6.518087e-02 9.926955e-01 3.978237e+01 3.548029e-02 9.974537e-01 -6.186469e-02 -1.765550e+00 -9.942002e-01 2.894037e-02 -1.035781e-01 8.428387e+01
-1.024759e-01 6.450232e-02 9.926420e-01 4.079914e+01 3.613571e-02 9.974782e-01 -6.108609e-02 -1.821489e+00 -9.940789e-01 2.960997e-02 -1.045483e-01 8.415179e+01
-1.059598e-01 6.417395e-02 9.922974e-01 4.182023e+01 3.557804e-02 9.975210e-01 -6.071266e-02 -1.892478e+00 -9.937337e-01 2.887089e-02 -1.079804e-01 8.406788e+01
-1.085746e-01 6.457350e-02 9.919888e-01 4.284071e+01 3.541535e-02 9.975058e-01 -6.105637e-02 -1.980091e+00 -9.934572e-01 2.850246e-02 -1.105907e-01 8.395531e+01
-1.108550e-01 6.655980e-02 9.916052e-01 4.386817e+01 3.414896e-02 9.974207e-01 -6.313253e-02 -2.046534e+00 -9.932497e-01 2.686373e-02 -1.128421e-01 8.382291e+01
-1.137744e-01 6.906964e-02 9.911028e-01 4.490365e+01 3.327683e-02 9.972857e-01 -6.568048e-02 -2.114847e+00 -9.929492e-01 2.550800e-02 -1.157640e-01 8.372336e+01
-1.164544e-01 7.273147e-02 9.905294e-01 4.594093e+01 3.083868e-02 9.970990e-01 -6.958822e-02 -2.181634e+00 -9.927172e-01 2.244277e-02 -1.183595e-01 8.361957e+01
-1.180190e-01 7.688221e-02 9.900306e-01 4.698153e+01 2.765196e-02 9.968661e-01 -7.411672e-02 -2.262080e+00 -9.926263e-01 1.862910e-02 -1.197751e-01 8.349487e+01
-1.205661e-01 7.919368e-02 9.895414e-01 4.802572e+01 2.592006e-02 9.967241e-01 -7.661041e-02 -2.345907e+00 -9.923669e-01 1.641235e-02 -1.222238e-01 8.337118e+01
-1.234674e-01 7.761241e-02 9.893089e-01 4.908301e+01 2.486669e-02 9.968658e-01 -7.510185e-02 -2.433889e+00 -9.920370e-01 1.532820e-02 -1.250104e-01 8.325645e+01
-1.262623e-01 7.355160e-02 9.892664e-01 5.013703e+01 2.179637e-02 9.972124e-01 -7.136047e-02 -2.514005e+00 -9.917574e-01 1.255228e-02 -1.275135e-01 8.312065e+01
-1.285769e-01 7.209639e-02 9.890754e-01 5.119463e+01 2.237348e-02 9.973109e-01 -6.978821e-02 -2.591375e+00 -9.914471e-01 1.315591e-02 -1.298442e-01 8.299264e+01
-1.314523e-01 7.213527e-02 9.886945e-01 5.225162e+01 2.119097e-02 9.973256e-01 -6.994754e-02 -2.681483e+00 -9.910960e-01 1.175663e-02 -1.326294e-01 8.286744e+01
-1.328624e-01 7.551945e-02 9.882532e-01 5.331146e+01 2.180852e-02 9.970743e-01 -7.326155e-02 -2.753390e+00 -9.908945e-01 1.181863e-02 -1.341207e-01 8.272898e+01
-1.336708e-01 7.826122e-02 9.879308e-01 5.438041e+01 2.198187e-02 9.968659e-01 -7.599480e-02 -2.841305e+00 -9.907820e-01 1.155828e-02 -1.349722e-01 8.259101e+01
-1.345008e-01 7.914160e-02 9.877480e-01 5.545359e+01 2.049431e-02 9.968145e-01 -7.707734e-02 -2.917718e+00 -9.907015e-01 9.876254e-03 -1.356943e-01 8.244999e+01
-1.338152e-01 7.800768e-02 9.879313e-01 5.652357e+01 1.799488e-02 9.969240e-01 -7.628034e-02 -3.008474e+00 -9.908429e-01 7.570237e-03 -1.348073e-01 8.228210e+01
-1.333939e-01 7.718016e-02 9.880533e-01 5.759655e+01 1.503446e-02 9.970059e-01 -7.584973e-02 -3.094124e+00 -9.909491e-01 4.736955e-03 -1.341549e-01 8.212475e+01
-1.328879e-01 7.820920e-02 9.880405e-01 5.867517e+01 1.131711e-02 9.969366e-01 -7.739126e-02 -3.182859e+00 -9.910665e-01 8.973939e-04 -1.333660e-01 8.196064e+01
-1.329439e-01 7.853052e-02 9.880075e-01 5.976393e+01 6.755359e-03 9.969047e-01 -7.832872e-02 -3.265822e+00 -9.911005e-01 -3.738975e-03 -1.330629e-01 8.180913e+01
-1.337434e-01 7.788104e-02 9.879510e-01 6.087254e+01 3.674337e-03 9.969394e-01 -7.809219e-02 -3.360675e+00 -9.910092e-01 -6.814249e-03 -1.336202e-01 8.169273e+01
-1.348365e-01 7.442027e-02 9.880692e-01 6.198033e+01 4.355992e-03 9.972104e-01 -7.451434e-02 -3.405895e+00 -9.908583e-01 -5.743231e-03 -1.347845e-01 8.157718e+01
-1.351019e-01 6.538591e-02 9.886719e-01 6.308772e+01 8.114204e-03 9.978598e-01 -6.488475e-02 -3.493160e+00 -9.907985e-01 -7.437680e-04 -1.353433e-01 8.142112e+01
-1.340316e-01 6.084629e-02 9.891073e-01 6.418376e+01 1.309211e-02 9.981348e-01 -5.962755e-02 -3.542929e+00 -9.908906e-01 4.957525e-03 -1.345782e-01 8.122864e+01
-1.347846e-01 6.289499e-02 9.888768e-01 6.529247e+01 2.156806e-02 9.979333e-01 -6.053126e-02 -3.635605e+00 -9.906402e-01 1.316948e-02 -1.358625e-01 8.114073e+01
-1.331560e-01 6.882505e-02 9.887025e-01 6.639869e+01 2.608154e-02 9.974837e-01 -6.592373e-02 -3.703578e+00 -9.907518e-01 1.700874e-02 -1.346160e-01 8.097532e+01
-1.322249e-01 7.464616e-02 9.884050e-01 6.751131e+01 3.048902e-02 9.969948e-01 -7.121618e-02 -3.781239e+00 -9.907507e-01 2.071894e-02 -1.341034e-01 8.082757e+01
-1.320741e-01 7.876641e-02 9.881054e-01 6.863512e+01 3.124743e-02 9.966733e-01 -7.527274e-02 -3.878764e+00 -9.907472e-01 2.093418e-02 -1.340960e-01 8.069425e+01
-1.314366e-01 7.558846e-02 9.884386e-01 6.976207e+01 2.802751e-02 9.969735e-01 -7.251421e-02 -3.959789e+00 -9.909283e-01 1.817245e-02 -1.331574e-01 8.051712e+01
-1.314666e-01 7.068118e-02 9.887976e-01 7.089558e+01 2.715519e-02 9.973374e-01 -6.768118e-02 -4.056311e+00 -9.909486e-01 1.795317e-02 -1.330359e-01 8.037002e+01
-1.314044e-01 6.874631e-02 9.889423e-01 7.202679e+01 2.479542e-02 9.975084e-01 -6.604713e-02 -4.131543e+00 -9.910187e-01 1.584235e-02 -1.327816e-01 8.022611e+01
-1.318141e-01 7.000139e-02 9.887997e-01 7.316371e+01 2.264812e-02 9.974558e-01 -6.759503e-02 -4.198083e+00 -9.910157e-01 1.348448e-02 -1.330641e-01 8.008651e+01
-1.318511e-01 7.503223e-02 9.884258e-01 7.430274e+01 2.442898e-02 9.970743e-01 -7.243004e-02 -4.289612e+00 -9.909685e-01 1.459626e-02 -1.332983e-01 7.995502e+01
-1.318153e-01 7.756582e-02 9.882349e-01 7.545376e+01 2.324515e-02 9.969016e-01 -7.514552e-02 -4.374630e+00 -9.910017e-01 1.306635e-02 -1.332099e-01 7.981927e+01
-1.318106e-01 7.676830e-02 9.882978e-01 7.661567e+01 2.276236e-02 9.969682e-01 -7.440594e-02 -4.458162e+00 -9.910135e-01 1.268850e-02 -1.331584e-01 7.967573e+01
-1.307351e-01 7.032790e-02 9.889198e-01 7.776938e+01 2.374802e-02 9.974168e-01 -6.779268e-02 -4.546024e+00 -9.911329e-01 1.462200e-02 -1.320675e-01 7.950960e+01
-1.314291e-01 6.841527e-02 9.889619e-01 7.892451e+01 2.189409e-02 9.975727e-01 -6.610132e-02 -4.637283e+00 -9.910838e-01 1.296478e-02 -1.326080e-01 7.936396e+01
-1.309971e-01 7.086890e-02 9.888465e-01 8.008222e+01 1.995539e-02 9.974281e-01 -6.884035e-02 -4.724227e+00 -9.911819e-01 1.071493e-02 -1.320744e-01 7.920515e+01
-1.312881e-01 7.454562e-02 9.885375e-01 8.125560e+01 1.825786e-02 9.971814e-01 -7.277262e-02 -4.805024e+00 -9.911761e-01 8.494400e-03 -1.322791e-01 7.905374e+01
-1.315634e-01 7.427361e-02 9.885214e-01 8.241513e+01 1.693415e-02 9.972121e-01 -7.267281e-02 -4.888686e+00 -9.911631e-01 7.178685e-03 -1.324544e-01 7.890550e+01
-1.315977e-01 7.088197e-02 9.887658e-01 8.357758e+01 1.633606e-02 9.974599e-01 -6.933102e-02 -4.974754e+00 -9.911686e-01 7.028734e-03 -1.324214e-01 7.876499e+01
-1.315922e-01 6.909550e-02 9.888930e-01 8.474548e+01 1.643043e-02 9.975829e-01 -6.751627e-02 -5.077138e+00 -9.911678e-01 7.363322e-03 -1.324094e-01 7.862098e+01
-1.305464e-01 6.957958e-02 9.889976e-01 8.591791e+01 1.776316e-02 9.975384e-01 -6.783574e-02 -5.164559e+00 -9.912831e-01 8.712015e-03 -1.314610e-01 7.847013e+01
-1.288262e-01 6.988859e-02 9.892014e-01 8.710132e+01 2.033335e-02 9.974899e-01 -6.782612e-02 -5.256014e+00 -9.914587e-01 1.137600e-02 -1.299239e-01 7.830608e+01
-1.271741e-01 6.925098e-02 9.894600e-01 8.828346e+01 2.010725e-02 9.975348e-01 -6.723176e-02 -5.345664e+00 -9.916766e-01 1.134518e-02 -1.282531e-01 7.813531e+01
-1.256077e-01 7.001036e-02 9.896066e-01 8.948974e+01 2.148228e-02 9.974649e-01 -6.783963e-02 -5.434110e+00 -9.918474e-01 1.273783e-02 -1.267932e-01 7.797576e+01
-1.250769e-01 6.813208e-02 9.898049e-01 9.070191e+01 2.178759e-02 9.975874e-01 -6.591459e-02 -5.531873e+00 -9.919078e-01 1.332107e-02 -1.262595e-01 7.783556e+01
-1.239257e-01 6.757578e-02 9.899878e-01 9.191522e+01 2.074877e-02 9.976368e-01 -6.550058e-02 -5.614639e+00 -9.920746e-01 1.242383e-02 -1.250349e-01 7.769366e+01
-1.239503e-01 6.767294e-02 9.899781e-01 9.313768e+01 2.176118e-02 9.976172e-01 -6.547052e-02 -5.689594e+00 -9.920498e-01 1.342800e-02 -1.251276e-01 7.756481e+01
-1.227251e-01 6.860815e-02 9.900664e-01 9.435838e+01 1.903762e-02 9.975868e-01 -6.676945e-02 -5.772589e+00 -9.922581e-01 1.065422e-02 -1.237351e-01 7.741965e+01
-1.209928e-01 7.150222e-02 9.900748e-01 9.558486e+01 1.962008e-02 9.973798e-01 -6.963209e-02 -5.857068e+00 -9.924595e-01 1.100037e-02 -1.220786e-01 7.726668e+01
-1.199475e-01 7.021785e-02 9.902939e-01 9.681357e+01 1.769044e-02 9.974884e-01 -6.858526e-02 -5.948090e+00 -9.926226e-01 9.292101e-03 -1.208884e-01 7.713222e+01
-1.190868e-01 6.885982e-02 9.904931e-01 9.804256e+01 1.476431e-02 9.976047e-01 -6.757911e-02 -6.042585e+00 -9.927741e-01 6.576172e-03 -1.198182e-01 7.698660e+01
-1.192371e-01 7.004416e-02 9.903920e-01 9.927947e+01 1.140852e-02 9.975392e-01 -6.917612e-02 -6.135883e+00 -9.928003e-01 3.050547e-03 -1.197428e-01 7.683714e+01
-1.183799e-01 6.936246e-02 9.905428e-01 1.005178e+02 8.281216e-03 9.975915e-01 -6.886636e-02 -6.224170e+00 -9.929338e-01 5.050798e-05 -1.186692e-01 7.665631e+01
-1.195676e-01 6.632665e-02 9.906081e-01 1.017634e+02 5.650671e-03 9.977953e-01 -6.612583e-02 -6.332941e+00 -9.928100e-01 -2.308909e-03 -1.196788e-01 7.651810e+01
-1.192598e-01 6.515398e-02 9.907230e-01 1.030042e+02 3.982110e-03 9.978679e-01 -6.514451e-02 -6.416320e+00 -9.928551e-01 -3.823954e-03 -1.192650e-01 7.633814e+01
-1.223926e-01 6.422533e-02 9.904015e-01 1.042536e+02 1.277565e-03 9.979134e-01 -6.455458e-02 -6.513650e+00 -9.924809e-01 -6.635698e-03 -1.222192e-01 7.621658e+01
-1.234163e-01 6.495890e-02 9.902266e-01 1.055005e+02 7.267149e-04 9.978609e-01 -6.536913e-02 -6.599367e+00 -9.923547e-01 -7.348004e-03 -1.231995e-01 7.606331e+01
-1.260064e-01 6.376570e-02 9.899779e-01 1.067492e+02 -3.703523e-04 9.979289e-01 -6.432498e-02 -6.682776e+00 -9.920294e-01 -8.472000e-03 -1.257218e-01 7.591707e+01
-1.302753e-01 5.940269e-02 9.896968e-01 1.079903e+02 -4.276204e-03 9.981606e-01 -6.047358e-02 -6.764803e+00 -9.914686e-01 -1.211036e-02 -1.297817e-01 7.577398e+01
-1.343036e-01 5.950130e-02 9.891522e-01 1.092155e+02 -4.577571e-03 9.981478e-01 -6.066394e-02 -6.845622e+00 -9.909297e-01 -1.267530e-02 -1.337825e-01 7.561352e+01
-1.401701e-01 6.553020e-02 9.879565e-01 1.104530e+02 -1.058651e-02 9.976512e-01 -6.767524e-02 -6.924090e+00 -9.900708e-01 -1.994506e-02 -1.391471e-01 7.546013e+01
-1.466874e-01 6.901746e-02 9.867722e-01 1.116740e+02 -9.374209e-03 9.974212e-01 -7.115578e-02 -7.007112e+00 -9.891385e-01 -1.968786e-02 -1.456621e-01 7.527164e+01
-1.559709e-01 6.589767e-02 9.855610e-01 1.129049e+02 -6.256242e-03 9.976862e-01 -6.769848e-02 -7.084094e+00 -9.877418e-01 -1.672490e-02 -1.551978e-01 7.509771e+01
-1.657205e-01 6.301209e-02 9.841576e-01 1.141181e+02 -3.591905e-03 9.979114e-01 -6.449753e-02 -7.200370e+00 -9.861662e-01 -1.422357e-02 -1.651481e-01 7.486833e+01
-1.797186e-01 6.356629e-02 9.816621e-01 1.153408e+02 -5.117860e-03 9.978361e-01 -6.555057e-02 -7.293526e+00 -9.837048e-01 -1.680467e-02 -1.790044e-01 7.467137e+01
-1.941023e-01 6.384494e-02 9.789015e-01 1.165569e+02 -3.457688e-03 9.978291e-01 -6.576503e-02 -7.384403e+00 -9.809752e-01 -1.614988e-02 -1.934601e-01 7.446069e+01
-2.070227e-01 6.244011e-02 9.763416e-01 1.177520e+02 -1.942723e-03 9.979330e-01 -6.423289e-02 -7.474528e+00 -9.783342e-01 -1.519443e-02 -2.064735e-01 7.417495e+01
-2.222464e-01 6.495132e-02 9.728247e-01 1.189393e+02 1.602570e-03 9.978016e-01 -6.625281e-02 -7.555074e+00 -9.749892e-01 -1.316543e-02 -2.218619e-01 7.390347e+01
-2.373274e-01 6.830687e-02 9.690252e-01 1.201173e+02 2.432629e-03 9.975634e-01 -6.972275e-02 -7.646601e+00 -9.714267e-01 -1.418984e-02 -2.369153e-01 7.362351e+01
-2.537851e-01 7.139480e-02 9.646222e-01 1.213025e+02 2.206287e-03 9.973124e-01 -7.323385e-02 -7.751162e+00 -9.672581e-01 -1.645742e-02 -2.532605e-01 7.336356e+01
-2.685790e-01 6.799569e-02 9.608548e-01 1.224779e+02 -2.076979e-03 9.974623e-01 -7.116681e-02 -7.870595e+00 -9.632554e-01 -2.110958e-02 -2.677562e-01 7.302608e+01
-2.851282e-01 6.304724e-02 9.564136e-01 1.236637e+02 -7.471265e-03 9.976578e-01 -6.799342e-02 -7.941261e+00 -9.584603e-01 -2.653246e-02 -2.839893e-01 7.272497e+01
-3.001656e-01 5.834787e-02 9.521009e-01 1.248217e+02 -1.180278e-02 9.978239e-01 -6.487094e-02 -8.033710e+00 -9.538141e-01 -3.070946e-02 -2.988237e-01 7.236677e+01
-3.154149e-01 5.936692e-02 9.470951e-01 1.259726e+02 -1.416676e-02 9.976354e-01 -6.725296e-02 -8.133519e+00 -9.488481e-01 -3.462985e-02 -3.138280e-01 7.199808e+01
-3.308700e-01 6.141401e-02 9.416758e-01 1.271210e+02 -1.438020e-02 9.974361e-01 -7.010324e-02 -8.221847e+00 -9.435668e-01 -3.673655e-02 -3.291386e-01 7.163859e+01
-3.464880e-01 6.391412e-02 9.358745e-01 1.282733e+02 -1.257945e-02 9.972698e-01 -7.276430e-02 -8.311637e+00 -9.379701e-01 -3.698474e-02 -3.447380e-01 7.128456e+01
-3.599077e-01 6.382995e-02 9.308019e-01 1.293945e+02 -9.897424e-03 9.973396e-01 -7.221977e-02 -8.412521e+00 -9.329354e-01 -3.520499e-02 -3.583185e-01 7.085345e+01
-3.734139e-01 6.166694e-02 9.256129e-01 1.304978e+02 -1.049334e-02 9.974434e-01 -7.068575e-02 -8.515431e+00 -9.276055e-01 -3.610781e-02 -3.718122e-01 7.038385e+01
-3.888502e-01 6.038727e-02 9.193198e-01 1.316167e+02 -1.049719e-02 9.974944e-01 -6.996237e-02 -8.612099e+00 -9.212412e-01 -3.685516e-02 -3.872420e-01 6.997597e+01
-4.038517e-01 6.141367e-02 9.127607e-01 1.327131e+02 -1.216918e-02 9.972952e-01 -7.248571e-02 -8.710599e+00 -9.147435e-01 -4.038103e-02 -4.020121e-01 6.952417e+01
-4.189748e-01 6.340907e-02 9.057811e-01 1.338117e+02 -1.084068e-02 9.971382e-01 -7.481894e-02 -8.811639e+00 -9.079331e-01 -4.116654e-02 -4.170884e-01 6.905772e+01
-4.331370e-01 6.491774e-02 8.989872e-01 1.348869e+02 -9.776768e-03 9.970058e-01 -7.670637e-02 -8.914476e+00 -9.012751e-01 -4.201355e-02 -4.312054e-01 6.854364e+01
-4.478467e-01 6.806211e-02 8.915160e-01 1.359643e+02 -6.731057e-03 9.968136e-01 -7.948227e-02 -9.004171e+00 -8.940850e-01 -4.159672e-02 -4.459615e-01 6.802092e+01
-4.633882e-01 7.180567e-02 8.832413e-01 1.370439e+02 -6.031725e-03 9.964329e-01 -8.417243e-02 -9.110167e+00 -8.861348e-01 -4.433198e-02 -4.613022e-01 6.749953e+01
-4.776704e-01 7.389986e-02 8.754255e-01 1.380970e+02 -5.473286e-03 9.961862e-01 -8.708045e-02 -9.218289e+00 -8.785221e-01 -4.638721e-02 -4.754442e-01 6.690142e+01
-4.928937e-01 7.053311e-02 8.672260e-01 1.391533e+02 -7.960820e-03 9.963016e-01 -8.555565e-02 -9.335646e+00 -8.700531e-01 -4.907367e-02 -4.905092e-01 6.630283e+01
-5.082146e-01 6.567534e-02 8.587227e-01 1.402022e+02 -1.083003e-02 9.965220e-01 -8.262376e-02 -9.454319e+00 -8.611624e-01 -5.129059e-02 -5.057357e-01 6.568262e+01
-5.247551e-01 6.685350e-02 8.486240e-01 1.412592e+02 -1.004488e-02 9.963556e-01 -8.470296e-02 -9.542176e+00 -8.511940e-01 -5.297263e-02 -5.221712e-01 6.507588e+01
-5.401019e-01 6.655417e-02 8.389640e-01 1.422961e+02 -1.058944e-02 9.962519e-01 -8.584885e-02 -9.642457e+00 -8.415330e-01 -5.525128e-02 -5.373727e-01 6.442005e+01
-5.555066e-01 6.577144e-02 8.289069e-01 1.433163e+02 -1.152869e-02 9.961618e-01 -8.676880e-02 -9.732294e+00 -8.314322e-01 -5.775685e-02 -5.526161e-01 6.372893e+01
-5.708784e-01 6.508193e-02 8.184511e-01 1.443283e+02 -1.292771e-02 9.960172e-01 -8.821892e-02 -9.843380e+00 -8.209328e-01 -6.094297e-02 -5.677634e-01 6.303002e+01
-5.874169e-01 6.506148e-02 8.066650e-01 1.453700e+02 -1.215167e-02 9.959417e-01 -8.917648e-02 -9.955929e+00 -8.091932e-01 -6.218611e-02 -5.842424e-01 6.235591e+01
-6.026668e-01 6.217163e-02 7.955674e-01 1.463736e+02 -1.276405e-02 9.960818e-01 -8.751050e-02 -1.007882e+01 -7.978909e-01 -6.289433e-02 -5.995119e-01 6.162387e+01
-6.182161e-01 5.842976e-02 7.838334e-01 1.473790e+02 -1.307963e-02 9.963303e-01 -8.458605e-02 -1.019425e+01 -7.858994e-01 -6.254471e-02 -6.151832e-01 6.088976e+01
-6.332076e-01 5.670656e-02 7.719019e-01 1.483614e+02 -1.228639e-02 9.964503e-01 -8.328145e-02 -1.030696e+01 -7.738845e-01 -6.221833e-02 -6.302632e-01 6.011219e+01
-6.482054e-01 5.441002e-02 7.595191e-01 1.493316e+02 -1.333996e-02 9.964794e-01 -8.277014e-02 -1.043208e+01 -7.613486e-01 -6.378401e-02 -6.451975e-01 5.932864e+01
-6.621220e-01 5.487845e-02 7.473840e-01 1.502728e+02 -1.434255e-02 9.962044e-01 -8.585502e-02 -1.056045e+01 -7.492588e-01 -6.756588e-02 -6.588217e-01 5.850232e+01
-6.786040e-01 5.385786e-02 7.325271e-01 1.512535e+02 -1.642933e-02 9.959455e-01 -8.844519e-02 -1.069061e+01 -7.343206e-01 -7.205419e-02 -6.749677e-01 5.770707e+01
-6.943929e-01 5.045451e-02 7.178251e-01 1.521801e+02 -1.836071e-02 9.959719e-01 -8.776626e-02 -1.080052e+01 -7.193618e-01 -7.412405e-02 -6.906694e-01 5.683732e+01
-7.108769e-01 4.271250e-02 7.020183e-01 1.531123e+02 -2.164879e-02 9.963524e-01 -8.254247e-02 -1.092472e+01 -7.029832e-01 -7.387537e-02 -7.073592e-01 5.597252e+01
-7.264890e-01 3.985891e-02 6.860211e-01 1.539750e+02 -2.260616e-02 9.963898e-01 -8.183150e-02 -1.104962e+01 -6.868061e-01 -7.495799e-02 -7.229652e-01 5.503595e+01
-7.431913e-01 3.714299e-02 6.680473e-01 1.548335e+02 -2.427015e-02 9.963043e-01 -8.239400e-02 -1.115144e+01 -6.686387e-01 -7.744811e-02 -7.395432e-01 5.409043e+01
-7.597185e-01 3.236442e-02 6.494462e-01 1.556919e+02 -2.760816e-02 9.962545e-01 -8.194308e-02 -1.129779e+01 -6.496658e-01 -8.018368e-02 -7.559795e-01 5.312024e+01
-7.762706e-01 2.986428e-02 6.296920e-01 1.565398e+02 -2.746101e-02 9.963271e-01 -8.110594e-02 -1.142606e+01 -6.298014e-01 -8.025214e-02 -7.725994e-01 5.213431e+01
-7.915723e-01 3.159361e-02 6.102582e-01 1.573687e+02 -2.466712e-02 9.961966e-01 -8.356996e-02 -1.158220e+01 -6.105774e-01 -8.120498e-02 -7.877823e-01 5.113644e+01
-8.059553e-01 3.167455e-02 5.911284e-01 1.581538e+02 -2.029944e-02 9.965015e-01 -8.107238e-02 -1.169860e+01 -5.916282e-01 -7.734029e-02 -8.024927e-01 5.009394e+01
-8.206387e-01 3.289958e-02 5.704996e-01 1.589418e+02 -1.655285e-02 9.965539e-01 -8.127984e-02 -1.180829e+01 -5.712076e-01 -7.614478e-02 -8.172661e-01 4.906245e+01
-8.337581e-01 3.452521e-02 5.510494e-01 1.596211e+02 -1.428318e-02 9.963603e-01 -8.403650e-02 -1.191012e+01 -5.519452e-01 -7.793685e-02 -8.302303e-01 4.796677e+01
-8.470360e-01 3.672972e-02 5.302649e-01 1.603313e+02 -1.213781e-02 9.960129e-01 -8.837929e-02 -1.203148e+01 -5.313968e-01 -8.129670e-02 -8.432130e-01 4.688600e+01
-8.597016e-01 3.679532e-02 5.094696e-01 1.610234e+02 -9.714519e-03 9.960439e-01 -8.832978e-02 -1.215920e+01 -5.107042e-01 -8.088651e-02 -8.559431e-01 4.579942e+01
-8.707716e-01 3.474476e-02 4.904587e-01 1.616638e+02 -9.002280e-03 9.962064e-01 -8.655547e-02 -1.227118e+01 -4.916054e-01 -7.978529e-02 -8.671554e-01 4.467462e+01
-8.811283e-01 3.596782e-02 4.715073e-01 1.622993e+02 -6.729240e-03 9.960484e-01 -8.855645e-02 -1.238107e+01 -4.728293e-01 -8.120248e-02 -8.774045e-01 4.355756e+01
-8.900953e-01 3.907029e-02 4.540968e-01 1.628993e+02 -3.410164e-03 9.957202e-01 -9.235574e-02 -1.250276e+01 -4.557617e-01 -8.375395e-02 -8.861526e-01 4.241686e+01
-8.986942e-01 3.641594e-02 4.370613e-01 1.634812e+02 -5.147667e-03 9.956024e-01 -9.353831e-02 -1.264288e+01 -4.385455e-01 -8.631219e-02 -8.945546e-01 4.126651e+01
-9.062413e-01 3.394629e-02 4.213958e-01 1.640187e+02 -5.787989e-03 9.956813e-01 -9.265638e-02 -1.277996e+01 -4.227212e-01 -8.640807e-02 -9.021310e-01 4.009560e+01
-9.131793e-01 3.092022e-02 4.063833e-01 1.645584e+02 -7.817696e-03 9.956056e-01 -9.331903e-02 -1.289391e+01 -4.074830e-01 -8.839399e-02 -9.089247e-01 3.892498e+01
-9.195333e-01 2.878791e-02 3.919564e-01 1.650811e+02 -8.438362e-03 9.956376e-01 -9.292278e-02 -1.301990e+01 -3.929216e-01 -8.875305e-02 -9.152789e-01 3.774876e+01
-9.254105e-01 2.651869e-02 3.780371e-01 1.655805e+02 -9.320659e-03 9.956542e-01 -9.265989e-02 -1.314419e+01 -3.788515e-01 -8.927200e-02 -9.211417e-01 3.655734e+01
-9.306887e-01 2.036171e-02 3.652450e-01 1.660531e+02 -1.265042e-02 9.960610e-01 -8.776332e-02 -1.330275e+01 -3.655933e-01 -8.630084e-02 -9.267652e-01 3.535450e+01
-9.354295e-01 1.642026e-02 3.531319e-01 1.665258e+02 -1.409690e-02 9.963935e-01 -8.367329e-02 -1.343800e+01 -3.532322e-01 -8.324853e-02 -9.318244e-01 3.414980e+01
-9.395438e-01 1.650413e-02 3.420309e-01 1.669879e+02 -1.178240e-02 9.966883e-01 -8.045925e-02 -1.355419e+01 -3.422260e-01 -7.962493e-02 -9.362378e-01 3.294793e+01
-9.428754e-01 1.989678e-02 3.325508e-01 1.674283e+02 -7.689971e-03 9.966491e-01 -8.143353e-02 -1.368910e+01 -3.330568e-01 -7.933898e-02 -9.395629e-01 3.173966e+01
-9.448886e-01 2.426113e-02 3.264918e-01 1.678266e+02 -3.132202e-03 9.965350e-01 -8.311583e-02 -1.379738e+01 -3.273770e-01 -7.955784e-02 -9.415385e-01 3.051801e+01
-9.466639e-01 2.860744e-02 3.209501e-01 1.682617e+02 1.058861e-03 9.963219e-01 -8.568258e-02 -1.390029e+01 -3.222208e-01 -8.077277e-02 -9.432123e-01 2.929944e+01
-9.482885e-01 2.643104e-02 3.163074e-01 1.686775e+02 -4.411525e-04 9.964162e-01 -8.458434e-02 -1.401623e+01 -3.174095e-01 -8.034989e-02 -9.448784e-01 2.807772e+01
-9.499290e-01 1.921933e-02 3.118743e-01 1.690887e+02 -6.313307e-03 9.967223e-01 -8.065278e-02 -1.413077e+01 -3.124021e-01 -7.858337e-02 -9.466940e-01 2.685423e+01
-9.517018e-01 1.362540e-02 3.067214e-01 1.695051e+02 -1.094535e-02 9.968740e-01 -7.824534e-02 -1.425350e+01 -3.068287e-01 -7.782341e-02 -9.485777e-01 2.563736e+01
-9.534773e-01 6.677686e-03 3.013910e-01 1.699376e+02 -1.815183e-02 9.966690e-01 -7.950734e-02 -1.436306e+01 -3.009180e-01 -8.127924e-02 -9.501800e-01 2.442933e+01
-9.544584e-01 4.786624e-03 2.983055e-01 1.703298e+02 -2.042591e-02 9.964767e-01 -8.134425e-02 -1.449177e+01 -2.976439e-01 -8.373287e-02 -9.509979e-01 2.320589e+01
-9.551814e-01 4.636864e-03 2.959846e-01 1.707144e+02 -2.109530e-02 9.962690e-01 -8.368475e-02 -1.460769e+01 -2.952683e-01 -8.617800e-02 -9.515198e-01 2.197924e+01
-9.552197e-01 6.301418e-03 2.958304e-01 1.710898e+02 -1.979284e-02 9.961733e-01 -8.512922e-02 -1.472309e+01 -2.952348e-01 -8.717243e-02 -9.514396e-01 2.074919e+01
-9.552532e-01 9.673478e-03 2.956312e-01 1.714705e+02 -1.672102e-02 9.961008e-01 -8.662334e-02 -1.484364e+01 -2.953165e-01 -8.769047e-02 -9.513667e-01 1.953161e+01
-9.551511e-01 1.071328e-02 2.959251e-01 1.718590e+02 -1.551566e-02 9.961619e-01 -8.614329e-02 -1.498638e+01 -2.957122e-01 -8.687133e-02 -9.513189e-01 1.833442e+01
-9.547273e-01 1.265689e-02 2.972130e-01 1.722396e+02 -1.375174e-02 9.961486e-01 -8.659549e-02 -1.512250e+01 -2.971643e-01 -8.676228e-02 -9.508763e-01 1.712754e+01
-9.545362e-01 1.265330e-02 2.978263e-01 1.726584e+02 -1.342042e-02 9.962616e-01 -8.533925e-02 -1.527065e+01 -2.977927e-01 -8.545636e-02 -9.507979e-01 1.594392e+01
-9.540034e-01 1.087812e-02 2.995985e-01 1.730643e+02 -1.559152e-02 9.961888e-01 -8.581826e-02 -1.539885e+01 -2.993902e-01 -8.654210e-02 -9.501979e-01 1.474766e+01
-9.530146e-01 9.967147e-03 3.027602e-01 1.734803e+02 -1.673904e-02 9.961987e-01 -8.548617e-02 -1.552821e+01 -3.024614e-01 -8.653749e-02 -9.492251e-01 1.355141e+01
-9.516731e-01 8.632754e-03 3.069916e-01 1.738872e+02 -1.785795e-02 9.963580e-01 -8.337765e-02 -1.564413e+01 -3.065934e-01 -8.483051e-02 -9.480529e-01 1.234621e+01
-9.500841e-01 6.041224e-03 3.119355e-01 1.743049e+02 -1.998136e-02 9.965818e-01 -8.015936e-02 -1.576909e+01 -3.113535e-01 -8.239103e-02 -9.467158e-01 1.115015e+01
-9.478084e-01 3.087529e-03 3.188254e-01 1.747211e+02 -2.280579e-02 9.967354e-01 -7.744981e-02 -1.588065e+01 -3.180237e-01 -8.067865e-02 -9.446438e-01 9.957611e+00
-9.457457e-01 4.158766e-03 3.248811e-01 1.751585e+02 -2.210608e-02 9.967774e-01 -7.711158e-02 -1.600676e+01 -3.241548e-01 -8.010980e-02 -9.426060e-01 8.773653e+00
-9.432482e-01 3.423087e-03 3.320709e-01 1.755930e+02 -2.319433e-02 9.968259e-01 -7.615913e-02 -1.613236e+01 -3.312776e-01 -7.953913e-02 -9.401748e-01 7.595235e+00
-9.398278e-01 6.654213e-03 3.415836e-01 1.760263e+02 -2.155048e-02 9.966647e-01 -7.870917e-02 -1.623237e+01 -3.409680e-01 -8.133436e-02 -9.365498e-01 6.402240e+00
-9.359335e-01 6.374640e-03 3.521191e-01 1.764669e+02 -2.295229e-02 9.966064e-01 -7.904945e-02 -1.633814e+01 -3.514281e-01 -8.206697e-02 -9.326110e-01 5.209868e+00
-9.317304e-01 6.276588e-03 3.630966e-01 1.769362e+02 -2.439897e-02 9.965094e-01 -7.983535e-02 -1.647381e+01 -3.623303e-01 -8.324420e-02 -9.283249e-01 4.033451e+00
