1.000000e+00 0.000000e+00 0.000000e+00 0.000000e+00 0.000000e+00 1.000000e+00 0.000000e+00 0.000000e+00 0.000000e+00 0.000000e+00 1.000000e+00 0.000000e+00
9.999913e-01 -7.174384e-04 -4.116150e-03 3.098820e-02 7.049602e-04 9.999952e-01 -3.032173e-03 -8.019586e-03 4.118306e-03 3.029245e-03 9.999869e-01 8.587309e-01
9.999493e-01 1.576218e-03 -9.947778e-03 5.298932e-02 -1.632248e-03 9.999828e-01 -5.626863e-03 1.340991e-02 9.938738e-03 5.642815e-03 9.999347e-01 1.718620e+00
9.999131e-01 2.048436e-03 -1.302625e-02 3.325704e-03 -2.141863e-03 9.999721e-01 -7.162276e-03 1.022527e-02 1.301121e-02 7.189554e-03 9.998895e-01 2.576608e+00
9.998197e-01 3.561736e-03 -1.864974e-02 -1.776059e-03 -3.706743e-03 9.999631e-01 -7.746486e-03 3.255371e-03 1.862146e-02 7.814220e-03 9.997961e-01 3.437000e+00
9.997477e-01 1.582652e-03 -2.240564e-02 -3.367642e-02 -1.755037e-03 9.999690e-01 -7.676233e-03 -1.230043e-02 2.239280e-02 7.713619e-03 9.997195e-01 4.295665e+00
9.996241e-01 3.113030e-03 -2.723961e-02 -7.688771e-02 -3.371100e-03 9.999498e-01 -9.433258e-03 -1.438391e-02 2.720888e-02 9.521539e-03 9.995844e-01 5.155115e+00
9.994737e-01 6.396018e-03 -3.180298e-02 -1.182167e-01 -6.734477e-03 9.999217e-01 -1.054667e-02 -2.179086e-02 3.173303e-02 1.075530e-02 9.994385e-01 6.013535e+00
9.993357e-01 6.948594e-03 -3.577458e-02 -1.562470e-01 -7.281847e-03 9.999312e-01 -9.193502e-03 -3.253219e-02 3.570824e-02 9.447900e-03 9.993176e-01 6.872933e+00
9.991700e-01 4.922537e-03 -4.043586e-02 -2.007927e-01 -5.152058e-03 9.999712e-01 -5.573952e-03 -6.223600e-02 4.040726e-02 5.777653e-03 9.991666e-01 7.731864e+00
9.990521e-01 4.094331e-03 -4.333773e-02 -2.490033e-01 -4.213718e-03 9.999876e-01 -2.663814e-03 -7.739211e-02 4.332629e-02 2.843902e-03 9.990569e-01 8.589510e+00
9.989489e-01 5.399781e-03 -4.551901e-02 -2.971940e-01 -5.531384e-03 9.999809e-01 -2.765704e-03 -1.006981e-01 4.550321e-02 3.014580e-03 9.989596e-01 9.448276e+00
9.988772e-01 6.113006e-03 -4.697898e-02 -3.590467e-01 -6.254198e-03 9.999764e-01 -2.859012e-03 -1.164104e-01 4.696040e-02 3.149618e-03 9.988918e-01 1.030626e+01
9.987578e-01 5.441411e-03 -4.953019e-02 -3.700676e-01 -5.591538e-03 9.999802e-01 -2.892974e-03 -1.562804e-01 4.951346e-02 3.166331e-03 9.987684e-01 1.116486e+01
9.987093e-01 4.475202e-03 -5.059336e-02 -4.589855e-01 -4.548341e-03 9.999888e-01 -1.330585e-03 -1.813497e-01 5.058683e-02 1.558984e-03 9.987184e-01 1.201573e+01
9.985864e-01 2.491556e-03 -5.309504e-02 -4.657957e-01 -2.562307e-03 9.999959e-01 -1.264511e-03 -1.923594e-01 5.309168e-02 1.398769e-03 9.985887e-01 1.287930e+01
9.984187e-01 5.384085e-03 -5.595594e-02 -4.972956e-01 -5.571619e-03 9.999794e-01 -3.195993e-03 -2.122709e-01 5.593757e-02 3.502705e-03 9.984281e-01 1.374923e+01
9.982740e-01 4.955170e-03 -5.851894e-02 -5.193184e-01 -5.324393e-03 9.999669e-01 -6.155221e-03 -2.088112e-01 5.848651e-02 6.456175e-03 9.982673e-01 1.463056e+01
9.981844e-01 1.023477e-02 -5.935558e-02 -5.854130e-01 -1.071643e-02 9.999121e-01 -7.802153e-03 -2.340817e-01 5.927051e-02 8.424068e-03 9.982064e-01 1.551967e+01
9.980670e-01 8.208814e-03 -6.160225e-02 -6.428384e-01 -8.664094e-03 9.999371e-01 -7.127160e-03 -2.348788e-01 6.153987e-02 7.647111e-03 9.980753e-01 1.641956e+01
9.980586e-01 7.103970e-03 -6.187469e-02 -7.291269e-01 -7.442347e-03 9.999586e-01 -5.239999e-03 -2.499763e-01 6.183490e-02 5.690319e-03 9.980702e-01 1.732148e+01
9.979360e-01 6.813471e-03 -6.385432e-02 -7.675035e-01 -7.044045e-03 9.999695e-01 -3.386506e-03 -2.571483e-01 6.382930e-02 3.829309e-03 9.979535e-01 1.823369e+01
9.978514e-01 7.404521e-03 -6.509801e-02 -8.101012e-01 -7.654087e-03 9.999643e-01 -3.585134e-03 -2.775061e-01 6.506913e-02 4.075697e-03 9.978724e-01 1.914757e+01
9.977724e-01 3.509349e-03 -6.661721e-02 -8.901150e-01 -3.817230e-03 9.999826e-01 -4.494929e-03 -2.604044e-01 6.660027e-02 4.739210e-03 9.977685e-01 2.006243e+01
9.977291e-01 3.982205e-03 -6.723713e-02 -9.619862e-01 -4.335588e-03 9.999775e-01 -5.110672e-03 -2.862782e-01 6.721527e-02 5.390578e-03 9.977239e-01 2.098798e+01
9.976625e-01 1.275152e-03 -6.832163e-02 -1.036759e+00 -1.577468e-03 9.999892e-01 -4.371117e-03 -2.633358e-01 6.831532e-02 4.468675e-03 9.976538e-01 2.192085e+01
9.977112e-01 5.203307e-03 -6.741864e-02 -1.119795e+00 -5.302878e-03 9.999851e-01 -1.298036e-03 -2.868439e-01 6.741088e-02 1.652578e-03 9.977239e-01 2.285420e+01
9.977616e-01 8.486467e-03 -6.633027e-02 -1.167487e+00 -8.331018e-03 9.999619e-01 2.619826e-03 -3.170297e-01 6.634998e-02 -2.061363e-03 9.977943e-01 2.379652e+01
9.978106e-01 5.301198e-03 -6.592391e-02 -1.198335e+00 -4.907991e-03 9.999692e-01 6.125084e-03 -3.157380e-01 6.595435e-02 -5.788119e-03 9.978059e-01 2.474290e+01
9.979082e-01 4.964807e-03 -6.445567e-02 -1.254088e+00 -4.516663e-03 9.999646e-01 7.096592e-03 -3.274638e-01 6.448862e-02 -6.790623e-03 9.978953e-01 2.569062e+01
9.979794e-01 3.869471e-03 -6.342086e-02 -1.316592e+00 -3.587451e-03 9.999832e-01 4.560069e-03 -3.251164e-01 6.343744e-02 -4.323336e-03 9.979765e-01 2.664187e+01
9.979853e-01 5.434388e-03 -6.321218e-02 -1.360994e+00 -5.474285e-03 9.999849e-01 -4.579748e-04 -3.403665e-01 6.320874e-02 8.030936e-04 9.980000e-01 2.760076e+01
9.979823e-01 4.917997e-03 -6.330241e-02 -1.383567e+00 -5.120287e-03 9.999823e-01 -3.033774e-03 -3.543210e-01 6.328637e-02 3.351779e-03 9.979898e-01 2.857026e+01
9.980823e-01 6.710026e-04 -6.189749e-02 -1.463417e+00 -8.004055e-04 9.999975e-01 -2.065829e-03 -3.522563e-01 6.189596e-02 2.111410e-03 9.980804e-01 2.954402e+01
9.980936e-01 -1.247587e-03 -6.170534e-02 -1.546560e+00 1.407302e-03 9.999958e-01 2.544963e-03 -3.478894e-01 6.170190e-02 -2.626949e-03 9.980912e-01 3.052131e+01
9.980229e-01 -4.500723e-03 -6.269012e-02 -1.596027e+00 4.909942e-03 9.999676e-01 6.375124e-03 -3.541365e-01 6.265940e-02 -6.670324e-03 9.980127e-01 3.150066e+01
9.978087e-01 -1.275065e-02 -6.492482e-02 -1.633241e+00 1.316125e-02 9.998960e-01 5.900356e-03 -3.636399e-01 6.484283e-02 -6.741918e-03 9.978727e-01 3.248048e+01
9.976742e-01 -1.653073e-02 -6.612871e-02 -1.731262e+00 1.665941e-02 9.998602e-01 1.394949e-03 -3.399265e-01 6.609641e-02 -2.493370e-03 9.978101e-01 3.346114e+01
9.976498e-01 -1.559213e-02 -6.672190e-02 -1.800200e+00 1.542932e-02 9.998766e-01 -2.954860e-03 -3.436752e-01 6.675973e-02 1.918442e-03 9.977672e-01 3.447214e+01
9.975504e-01 -1.319521e-02 -6.869497e-02 -1.856686e+00 1.301965e-02 9.999107e-01 -3.002851e-03 -3.871926e-01 6.872846e-02 2.101112e-03 9.976332e-01 3.553018e+01
9.974849e-01 -1.443474e-02 -6.939336e-02 -1.957008e+00 1.437336e-02 9.998957e-01 -1.383747e-03 -3.903344e-01 6.940610e-02 3.828503e-04 9.975884e-01 3.656998e+01
9.975582e-01 -1.162254e-02 -6.886593e-02 -2.107773e+00 1.172782e-02 9.999306e-01 1.124705e-03 -3.885767e-01 6.884808e-02 -1.929606e-03 9.976253e-01 3.760561e+01
9.975026e-01 -1.217615e-02 -6.957233e-02 -2.193246e+00 1.241921e-02 9.999182e-01 3.062131e-03 -4.191372e-01 6.952936e-02 -3.918517e-03 9.975722e-01 3.863668e+01
9.975073e-01 -9.315092e-03 -6.994603e-02 -2.284725e+00 9.675437e-03 9.999416e-01 4.814730e-03 -4.218320e-01 6.989710e-02 -5.479486e-03 9.975392e-01 3.967052e+01
9.974605e-01 -9.063137e-03 -7.064297e-02 -2.354161e+00 9.659947e-03 9.999204e-01 8.111216e-03 -4.342812e-01 7.056384e-02 -8.773025e-03 9.974687e-01 4.069387e+01
9.973663e-01 -1.994336e-03 -7.250194e-02 -2.390548e+00 2.764650e-03 9.999408e-01 1.052594e-02 -4.520322e-01 7.247665e-02 -1.069866e-02 9.973127e-01 4.171793e+01
9.973049e-01 -2.013659e-03 -7.334082e-02 -2.460064e+00 2.777813e-03 9.999429e-01 1.031871e-02 -4.627525e-01 7.331585e-02 -1.049463e-02 9.972536e-01 4.272800e+01
9.974016e-01 -1.316256e-03 -7.203026e-02 -2.579134e+00 1.980397e-03 9.999562e-01 9.149666e-03 -4.740822e-01 7.201506e-02 -9.268540e-03 9.973605e-01 4.372879e+01
9.971819e-01 1.880439e-03 -7.499758e-02 -2.580111e+00 -1.426338e-03 9.999803e-01 6.107987e-03 -4.673867e-01 7.500759e-02 -5.983803e-03 9.971650e-01 4.473243e+01
9.971110e-01 6.990221e-04 -7.595543e-02 -2.663791e+00 -2.801383e-04 9.999847e-01 5.525378e-03 -4.557968e-01 7.595813e-02 -5.488137e-03 9.970959e-01 4.573055e+01
9.971091e-01 6.517784e-05 -7.598277e-02 -2.757820e+00 4.668136e-04 9.999755e-01 6.983693e-03 -4.749497e-01 7.598137e-02 -6.998973e-03 9.970847e-01 4.672356e+01
9.970467e-01 1.149445e-03 -7.678888e-02 -2.820032e+00 -5.026308e-04 9.999642e-01 8.442075e-03 -5.103755e-01 7.679584e-02 -8.378546e-03 9.970116e-01 4.771000e+01
9.970861e-01 1.607811e-03 -7.626757e-02 -2.950521e+00 -1.230247e-03 9.999868e-01 4.997238e-03 -5.044797e-01 7.627459e-02 -4.888849e-03 9.970749e-01 4.868180e+01
9.969786e-01 2.094480e-03 -7.764836e-02 -3.020081e+00 -2.037663e-03 9.999976e-01 8.109363e-04 -5.110765e-01 7.764988e-02 -6.502649e-04 9.969805e-01 4.966380e+01
9.970152e-01 3.190473e-03 -7.713894e-02 -3.120640e+00 -3.218574e-03 9.999948e-01 -2.399776e-04 -5.143566e-01 7.713777e-02 4.875387e-04 9.970203e-01 5.064221e+01
9.967379e-01 8.284909e-05 -8.070691e-02 -3.142987e+00 1.842441e-04 9.999945e-01 3.301969e-03 -5.163004e-01 8.070674e-02 -3.306067e-03 9.967324e-01 5.162110e+01
9.967482e-01 -2.458816e-03 -8.054156e-02 -3.226746e+00 2.975640e-03 9.999757e-01 6.297459e-03 -5.222703e-01 8.052412e-02 -6.516644e-03 9.967314e-01 5.259006e+01
9.967149e-01 -4.541775e-03 -8.086264e-02 -3.310678e+00 5.080296e-03 9.999663e-01 6.455208e-03 -5.238222e-01 8.083060e-02 -6.844808e-03 9.967044e-01 5.355183e+01
9.966959e-01 -6.306806e-03 -8.097876e-02 -3.365065e+00 6.804434e-03 9.999596e-01 5.870667e-03 -5.577533e-01 8.093846e-02 -6.402284e-03 9.966985e-01 5.451555e+01
9.966041e-01 -8.556188e-03 -8.189703e-02 -3.428061e+00 8.934710e-03 9.999510e-01 4.256561e-03 -5.591681e-01 8.185660e-02 -4.973833e-03 9.966317e-01 5.547450e+01
9.964850e-01 -8.030479e-03 -8.338509e-02 -3.486612e+00 8.529599e-03 9.999478e-01 5.631204e-03 -5.919858e-01 8.333552e-02 -6.322652e-03 9.965015e-01 5.643649e+01
9.965035e-01 -1.060405e-02 -8.287590e-02 -3.606558e+00 1.141406e-02 9.998916e-01 9.306053e-03 -5.937807e-01 8.276823e-02 -1.021946e-02 9.965164e-01 5.739303e+01
9.965346e-01 -9.818557e-03 -8.259824e-02 -3.696345e+00 1.100851e-02 9.998419e-01 1.396349e-02 -5.985363e-01 8.244808e-02 -1.482438e-02 9.964851e-01 5.834313e+01
9.964207e-01 -1.031524e-02 -8.390068e-02 -3.780491e+00 1.166790e-02 9.998095e-01 1.564790e-02 -5.733194e-01 8.372328e-02 -1.657083e-02 9.963513e-01 5.928266e+01
9.962049e-01 -9.538349e-03 -8.651513e-02 -3.850731e+00 1.059455e-02 9.998748e-01 1.175732e-02 -5.843331e-01 8.639215e-02 -1.262929e-02 9.961812e-01 6.020726e+01
9.960327e-01 -8.747304e-03 -8.855732e-02 -3.927059e+00 9.189222e-03 9.999473e-01 4.583727e-03 -5.897768e-01 8.851256e-02 -5.379314e-03 9.960605e-01 6.112162e+01
9.960019e-01 -6.065921e-03 -8.912596e-02 -4.020739e+00 6.076755e-03 9.999815e-01 -1.497813e-04 -6.038831e-01 8.912522e-02 -3.924141e-04 9.960204e-01 6.203051e+01
9.960410e-01 -1.246080e-03 -8.888647e-02 -4.129381e+00 1.315567e-03 9.999989e-01 7.231710e-04 -6.117730e-01 8.888547e-02 -8.372440e-04 9.960415e-01 6.292552e+01
9.960841e-01 2.884579e-03 -8.836371e-02 -4.239748e+00 -2.684869e-03 9.999936e-01 2.378867e-03 -6.205531e-01 8.837000e-02 -2.132307e-03 9.960854e-01 6.380454e+01
9.958460e-01 7.159164e-03 -9.077190e-02 -4.257196e+00 -6.803870e-03 9.999679e-01 4.222987e-03 -6.702279e-01 9.079922e-02 -3.587844e-03 9.958628e-01 6.467475e+01
9.958694e-01 7.375572e-03 -9.049681e-02 -4.364068e+00 -7.001718e-03 9.999656e-01 4.447903e-03 -6.869333e-01 9.052650e-02 -3.795897e-03 9.958868e-01 6.552599e+01
9.957190e-01 1.083004e-02 -9.179521e-02 -4.457083e+00 -1.035008e-02 9.999302e-01 5.703118e-03 -7.189018e-01 9.185056e-02 -4.728616e-03 9.957616e-01 6.636641e+01
9.955329e-01 1.347635e-02 -9.344887e-02 -4.517010e+00 -1.288029e-02 9.998927e-01 6.978769e-03 -7.590314e-01 9.353289e-02 -5.743945e-03 9.955996e-01 6.719505e+01
9.954229e-01 1.377205e-02 -9.457025e-02 -4.605125e+00 -1.318169e-02 9.998896e-01 6.864473e-03 -7.528157e-01 9.465434e-02 -5.586458e-03 9.954945e-01 6.800989e+01
9.953730e-01 1.435701e-02 -9.500820e-02 -4.690783e+00 -1.362666e-02 9.998724e-01 8.331590e-03 -7.682730e-01 9.511570e-02 -6.998395e-03 9.954416e-01 6.881274e+01
9.951712e-01 1.583340e-02 -9.686845e-02 -4.773161e+00 -1.475701e-02 9.998213e-01 1.181825e-02 -7.924595e-01 9.703826e-02 -1.033169e-02 9.952270e-01 6.960513e+01
9.949465e-01 1.777758e-02 -9.882041e-02 -4.825825e+00 -1.629192e-02 9.997421e-01 1.582068e-02 -7.912899e-01 9.907618e-02 -1.413076e-02 9.949795e-01 7.038276e+01
9.947019e-01 2.114457e-02 -1.006038e-01 -4.900852e+00 -1.939869e-02 9.996443e-01 1.830092e-02 -8.039682e-01 1.009550e-01 -1.625238e-02 9.947582e-01 7.113556e+01
9.947452e-01 2.480505e-02 -9.933099e-02 -5.047530e+00 -2.360526e-02 9.996337e-01 1.323600e-02 -7.947017e-01 9.962293e-02 -1.082171e-02 9.949664e-01 7.185469e+01
9.943910e-01 2.491591e-02 -1.027902e-01 -5.041975e+00 -2.431130e-02 9.996790e-01 7.130832e-03 -8.263972e-01 1.029349e-01 -4.591872e-03 9.946775e-01 7.256997e+01
9.943003e-01 2.300598e-02 -1.041035e-01 -5.156848e+00 -2.304486e-02 9.997341e-01 8.294359e-04 -8.135383e-01 1.040949e-01 1.574343e-03 9.945661e-01 7.325863e+01
9.942585e-01 2.475453e-02 -1.041016e-01 -5.265565e+00 -2.495071e-02 9.996885e-01 -5.825433e-04 -8.118720e-01 1.040548e-01 3.176609e-03 9.945665e-01 7.392989e+01
9.941860e-01 2.801567e-02 -1.039679e-01 -5.354506e+00 -2.789510e-02 9.996074e-01 2.613820e-03 -8.164809e-01 1.040003e-01 3.015717e-04 9.945772e-01 7.458369e+01
9.938839e-01 2.788327e-02 -1.068523e-01 -5.390918e+00 -2.749113e-02 9.996088e-01 5.141396e-03 -8.326455e-01 1.069538e-01 -2.172460e-03 9.942616e-01 7.521636e+01
9.938823e-01 2.459673e-02 -1.076707e-01 -5.442030e+00 -2.460015e-02 9.996965e-01 1.296691e-03 -8.270687e-01 1.076699e-01 1.359956e-03 9.941858e-01 7.582841e+01
9.938089e-01 1.679363e-02 -1.098266e-01 -5.447436e+00 -1.739373e-02 9.998386e-01 -4.508242e-03 -8.214807e-01 1.097332e-01 6.390625e-03 9.939405e-01 7.642512e+01
9.940112e-01 1.240780e-02 -1.085713e-01 -5.521347e+00 -1.364060e-02 9.998506e-01 -1.061938e-02 -8.137580e-01 1.084233e-01 1.203676e-02 9.940319e-01 7.700479e+01
9.942548e-01 1.558120e-02 -1.058988e-01 -5.596451e+00 -1.686828e-02 9.997942e-01 -1.126898e-02 -8.242092e-01 1.057014e-01 1.299056e-02 9.943131e-01 7.757234e+01
9.946869e-01 2.066487e-02 -1.008507e-01 -5.668653e+00 -2.169937e-02 9.997225e-01 -9.171428e-03 -8.204212e-01 1.006332e-01 1.131110e-02 9.948593e-01 7.812465e+01
9.951146e-01 1.997294e-02 -9.668485e-02 -5.702394e+00 -2.069742e-02 9.997647e-01 -6.495991e-03 -8.321522e-01 9.653236e-02 8.465382e-03 9.952938e-01 7.866756e+01
9.955942e-01 1.583359e-02 -9.241987e-02 -5.709211e+00 -1.612157e-02 9.998672e-01 -2.370161e-03 -8.411189e-01 9.237007e-02 3.849671e-03 9.957173e-01 7.919942e+01
9.964171e-01 1.126444e-02 -8.382216e-02 -5.768476e+00 -1.126908e-02 9.999364e-01 4.178201e-04 -8.425503e-01 8.382153e-02 5.282753e-04 9.964806e-01 7.970862e+01
9.973363e-01 1.532068e-02 -7.131361e-02 -5.854794e+00 -1.539226e-02 9.998814e-01 -4.543185e-04 -8.483239e-01 7.129819e-02 1.550786e-03 9.974538e-01 8.020313e+01
9.981661e-01 2.049695e-02 -5.695873e-02 -5.878434e+00 -2.062105e-02 9.997861e-01 -1.591812e-03 -8.410025e-01 5.691392e-02 2.763441e-03 9.983753e-01 8.069060e+01
9.989308e-01 2.548068e-02 -3.857337e-02 -5.901465e+00 -2.552795e-02 9.996738e-01 -7.331854e-04 -8.543645e-01 3.854210e-02 1.717100e-03 9.992555e-01 8.116449e+01
9.995692e-01 2.443518e-02 -1.625620e-02 -5.900549e+00 -2.444140e-02 9.997012e-01 -1.840191e-04 -8.579603e-01 1.624685e-02 5.812641e-04 9.998678e-01 8.162476e+01
9.996849e-01 2.204829e-02 1.199695e-02 -5.936442e+00 -2.205376e-02 9.997567e-01 3.238075e-04 -8.666362e-01 -1.198689e-02 -5.882833e-04 9.999280e-01 8.207829e+01
9.988379e-01 2.131494e-02 4.322732e-02 -5.904725e+00 -2.138317e-02 9.997707e-01 1.116629e-03 -8.693119e-01 -4.319361e-02 -2.039668e-03 9.990646e-01 8.252733e+01
9.968438e-01 2.126574e-02 7.648605e-02 -5.860353e+00 -2.145422e-02 9.997685e-01 1.643294e-03 -8.670881e-01 -7.643340e-02 -3.279057e-03 9.970693e-01 8.296280e+01
9.934067e-01 2.037280e-02 1.128187e-01 -5.776955e+00 -2.071172e-02 9.997838e-01 1.832761e-03 -8.827990e-01 -1.127570e-01 -4.157347e-03 9.936139e-01 8.339322e+01
9.875983e-01 2.065556e-02 1.556372e-01 -5.698485e+00 -2.114493e-02 9.997753e-01 1.489214e-03 -8.959696e-01 -1.555714e-01 -4.761683e-03 9.878132e-01 8.381770e+01
9.791300e-01 1.988581e-02 2.022596e-01 -5.604230e+00 -2.066021e-02 9.997851e-01 1.718077e-03 -9.186810e-01 -2.021820e-01 -5.860947e-03 9.793304e-01 8.421931e+01
9.681030e-01 2.238309e-02 2.495507e-01 -5.472452e+00 -2.266928e-02 9.997415e-01 -1.727543e-03 -9.145763e-01 -2.495248e-01 -3.984695e-03 9.683602e-01 8.461454e+01
9.533723e-01 2.310637e-02 3.009109e-01 -5.307124e+00 -2.247715e-02 9.997319e-01 -5.553396e-03 -9.196330e-01 -3.009586e-01 -1.469167e-03 9.536361e-01 8.497539e+01
9.338620e-01 2.319043e-02 3.568810e-01 -5.133517e+00 -2.180310e-02 9.997310e-01 -7.910490e-03 -9.351209e-01 -3.569684e-01 -3.938065e-04 9.341164e-01 8.533899e+01
9.083605e-01 2.195497e-02 4.176113e-01 -4.974044e+00 -1.987035e-02 9.997589e-01 -9.339395e-03 -9.629261e-01 -4.177157e-01 1.854551e-04 9.085778e-01 8.570134e+01
8.789516e-01 2.278277e-02 4.763664e-01 -4.769602e+00 -1.946300e-02 9.997397e-01 -1.190220e-02 -9.694553e-01 -4.765136e-01 1.189941e-03 8.791663e-01 8.601991e+01
8.464850e-01 2.064242e-02 5.320123e-01 -4.514850e+00 -1.541754e-02 9.997794e-01 -1.426123e-02 -9.814315e-01 -5.321894e-01 3.869602e-03 8.466165e-01 8.631137e+01
8.096874e-01 1.852890e-02 5.865688e-01 -4.262921e+00 -1.315626e-02 9.998234e-01 -1.342242e-02 -1.015909e+00 -5.867139e-01 3.150912e-03 8.097881e-01 8.658506e+01
7.697825e-01 1.745666e-02 6.380675e-01 -3.991373e+00 -1.079082e-02 9.998390e-01 -1.433589e-02 -1.011264e+00 -6.382151e-01 4.150250e-03 7.698469e-01 8.686239e+01
7.262018e-01 1.788769e-02 6.872488e-01 -3.709327e+00 -1.274776e-02 9.998399e-01 -1.255351e-02 -1.021911e+00 -6.873634e-01 3.554963e-04 7.263136e-01 8.712209e+01
6.825065e-01 1.597986e-02 7.307048e-01 -3.398322e+00 -1.076624e-02 9.998723e-01 -1.181022e-02 -1.036861e+00 -7.308002e-01 1.936091e-04 6.825914e-01 8.733294e+01
6.374726e-01 1.464968e-02 7.703338e-01 -3.069850e+00 -6.825260e-03 9.998874e-01 -1.336709e-02 -1.046123e+00 -7.704428e-01 3.263423e-03 6.375007e-01 8.752446e+01
5.904539e-01 1.197323e-02 8.069825e-01 -2.745407e+00 -5.524265e-04 9.998957e-01 -1.443130e-02 -1.059359e+00 -8.070712e-01 8.075216e-03 5.903990e-01 8.770390e+01
5.441760e-01 1.354509e-02 8.388617e-01 -2.405302e+00 -2.755696e-04 9.998725e-01 -1.596616e-02 -1.059257e+00 -8.389711e-01 8.457238e-03 5.441103e-01 8.787401e+01
4.969064e-01 1.656652e-02 8.676460e-01 -2.066816e+00 -3.306913e-03 9.998467e-01 -1.719682e-02 -1.066824e+00 -8.677978e-01 5.675983e-03 4.968850e-01 8.804903e+01
4.499888e-01 1.846577e-02 8.928433e-01 -1.726683e+00 -5.779225e-03 9.998255e-01 -1.776567e-02 -1.098590e+00 -8.930155e-01 2.834411e-03 4.500170e-01 8.820726e+01
4.066340e-01 1.600480e-02 9.134510e-01 -1.358605e+00 9.893162e-04 9.998382e-01 -1.795882e-02 -1.113801e+00 -9.135906e-01 8.206359e-03 4.065524e-01 8.833037e+01
3.687642e-01 7.879625e-03 9.294896e-01 -9.786685e-01 1.622686e-02 9.997571e-01 -1.491313e-02 -1.131089e+00 -9.293813e-01 2.058213e-02 3.685468e-01 8.839390e+01
3.331919e-01 3.884590e-03 9.428510e-01 -6.054439e-01 2.145175e-02 9.997014e-01 -1.169960e-02 -1.131360e+00 -9.426150e-01 2.412402e-02 3.330091e-01 8.849118e+01
2.999240e-01 7.707033e-03 9.539320e-01 -2.288406e-01 1.626886e-02 9.997806e-01 -1.319252e-02 -1.164494e+00 -9.538244e-01 1.947614e-02 2.997328e-01 8.858103e+01
2.685817e-01 1.514107e-02 9.631379e-01 1.496098e-01 6.301276e-03 9.998274e-01 -1.747503e-02 -1.176226e+00 -9.632363e-01 1.076247e-02 2.684400e-01 8.868876e+01
2.396433e-01 1.911563e-02 9.706728e-01 5.437163e-01 2.456622e-04 9.998049e-01 -1.974999e-02 -1.210368e+00 -9.708610e-01 4.971409e-03 2.395918e-01 8.877166e+01
2.148772e-01 2.135205e-02 9.764076e-01 9.504682e-01 1.409593e-03 9.997532e-01 -2.217278e-02 -1.224454e+00 -9.766400e-01 6.140763e-03 2.147941e-01 8.883141e+01
1.920272e-01 2.254708e-02 9.811306e-01 1.371555e+00 9.920177e-03 9.996404e-01 -2.491402e-02 -1.232975e+00 -9.813395e-01 1.451716e-02 1.917345e-01 8.888162e+01
1.713534e-01 2.846977e-02 9.847982e-01 1.797090e+00 1.666497e-02 9.993556e-01 -3.179029e-02 -1.241769e+00 -9.850687e-01 2.185901e-02 1.707685e-01 8.893978e+01
1.526102e-01 3.516639e-02 9.876606e-01 2.243552e+00 2.193190e-02 9.990001e-01 -3.895899e-02 -1.233470e+00 -9.880431e-01 2.760682e-02 1.516864e-01 8.899848e+01
1.340312e-01 3.683484e-02 9.902923e-01 2.707102e+00 1.858334e-02 9.990398e-01 -3.967537e-02 -1.243004e+00 -9.908029e-01 2.372067e-02 1.332180e-01 8.906514e+01
1.173919e-01 3.250104e-02 9.925537e-01 3.176871e+00 1.623527e-02 9.992679e-01 -3.464109e-02 -1.277649e+00 -9.929530e-01 2.018096e-02 1.167783e-01 8.913004e+01
1.040797e-01 2.982047e-02 9.941218e-01 3.663235e+00 1.620234e-02 9.993669e-01 -3.167411e-02 -1.292840e+00 -9.944370e-01 1.940374e-02 1.035307e-01 8.916493e+01
9.079444e-02 2.768865e-02 9.954847e-01 4.160586e+00 1.933962e-02 9.993759e-01 -2.956078e-02 -1.308856e+00 -9.956819e-01 2.193625e-02 9.020229e-02 8.919003e+01
7.968642e-02 2.678500e-02 9.964601e-01 4.674778e+00 2.301834e-02 9.993229e-01 -2.870272e-02 -1.329135e+00 -9.965542e-01 2.522407e-02 7.901592e-02 8.921316e+01
6.850976e-02 2.807359e-02 9.972554e-01 5.203911e+00 2.518822e-02 9.992367e-01 -2.985975e-02 -1.343508e+00 -9.973324e-01 2.716477e-02 6.775034e-02 8.925043e+01
6.116114e-02 2.908396e-02 9.977041e-01 5.749755e+00 2.825683e-02 9.991243e-01 -3.085756e-02 -1.354205e+00 -9.977279e-01 3.007924e-02 6.028576e-02 8.926921e+01
5.609608e-02 2.909045e-02 9.980015e-01 6.312755e+00 3.047227e-02 9.990599e-01 -3.083410e-02 -1.380732e+00 -9.979603e-01 3.214105e-02 5.515689e-02 8.929395e+01
5.056650e-02 3.049072e-02 9.982552e-01 6.896285e+00 3.107576e-02 9.990018e-01 -3.208767e-02 -1.399188e+00 -9.982371e-01 3.264410e-02 4.956850e-02 8.931678e+01
4.437284e-02 3.098388e-02 9.985345e-01 7.498379e+00 3.123684e-02 9.989872e-01 -3.238603e-02 -1.421521e+00 -9.985266e-01 3.262813e-02 4.336006e-02 8.934864e+01
4.014614e-02 3.075679e-02 9.987203e-01 8.117205e+00 3.408596e-02 9.989022e-01 -3.213257e-02 -1.443994e+00 -9.986123e-01 3.533234e-02 3.905370e-02 8.936866e+01
3.791327e-02 3.108803e-02 9.987973e-01 8.756400e+00 3.466520e-02 9.988734e-01 -3.240625e-02 -1.467233e+00 -9.986796e-01 3.585214e-02 3.679289e-02 8.938641e+01
3.547322e-02 2.973827e-02 9.989281e-01 9.410883e+00 3.697313e-02 9.988338e-01 -3.104843e-02 -1.493948e+00 -9.986865e-01 3.803488e-02 3.433233e-02 8.938975e+01
3.257726e-02 2.918497e-02 9.990430e-01 1.008379e+01 3.756050e-02 9.988317e-01 -3.040359e-02 -1.524537e+00 -9.987632e-01 3.851502e-02 3.144300e-02 8.941346e+01
3.138779e-02 2.924663e-02 9.990793e-01 1.076889e+01 4.141072e-02 9.986755e-01 -3.053579e-02 -1.549989e+00 -9.986491e-01 4.233104e-02 3.013509e-02 8.944822e+01
3.243318e-02 2.902683e-02 9.990523e-01 1.147589e+01 4.395673e-02 9.985696e-01 -3.043982e-02 -1.571076e+00 -9.985068e-01 4.490233e-02 3.111086e-02 8.946617e+01
3.399969e-02 2.855348e-02 9.990139e-01 1.219795e+01 4.512984e-02 9.985283e-01 -3.007552e-02 -1.605724e+00 -9.984024e-01 4.610790e-02 3.266104e-02 8.949512e+01
3.784033e-02 2.834727e-02 9.988816e-01 1.293437e+01 4.798192e-02 9.983930e-01 -3.015109e-02 -1.647733e+00 -9.981312e-01 4.906919e-02 3.641936e-02 8.954580e+01
4.210226e-02 2.757509e-02 9.987327e-01 1.369049e+01 4.868767e-02 9.983748e-01 -2.961768e-02 -1.691998e+00 -9.979263e-01 4.987294e-02 4.069127e-02 8.960127e+01
4.665797e-02 2.638518e-02 9.985624e-01 1.446242e+01 5.012341e-02 9.983300e-01 -2.872107e-02 -1.706083e+00 -9.976526e-01 5.139142e-02 4.525753e-02 8.960487e+01
5.107648e-02 2.560559e-02 9.983664e-01 1.524937e+01 4.882627e-02 9.984118e-01 -2.810471e-02 -1.724420e+00 -9.975005e-01 5.018200e-02 4.974513e-02 8.964464e+01
5.593557e-02 2.319898e-02 9.981648e-01 1.604364e+01 4.729731e-02 9.985461e-01 -2.585830e-02 -1.753461e+00 -9.973135e-01 4.865691e-02 5.475700e-02 8.967950e+01
5.995040e-02 2.177126e-02 9.979639e-01 1.684474e+01 4.607285e-02 9.986363e-01 -2.455365e-02 -1.786581e+00 -9.971375e-01 4.745104e-02 5.886558e-02 8.973243e+01
6.401613e-02 2.181093e-02 9.977105e-01 1.764633e+01 4.232629e-02 9.988022e-01 -2.455058e-02 -1.837878e+00 -9.970509e-01 4.380102e-02 6.301627e-02 8.979341e+01
6.752073e-02 2.622005e-02 9.973733e-01 1.845444e+01 4.058234e-02 9.987552e-01 -2.900374e-02 -1.861563e+00 -9.968922e-01 4.243410e-02 6.637260e-02 8.985357e+01
6.942556e-02 3.144741e-02 9.970913e-01 1.926711e+01 3.535873e-02 9.987974e-01 -3.396317e-02 -1.889645e+00 -9.969603e-01 3.761380e-02 6.823013e-02 8.991948e+01
7.068530e-02 3.378027e-02 9.969265e-01 2.008521e+01 3.290491e-02 9.988035e-01 -3.617693e-02 -1.933372e+00 -9.969558e-01 3.536096e-02 6.948919e-02 8.995311e+01
6.984237e-02 3.312648e-02 9.970079e-01 2.090021e+01 2.994580e-02 9.989284e-01 -3.528805e-02 -1.972777e+00 -9.971085e-01 3.232080e-02 6.877553e-02 9.003912e+01
7.018298e-02 3.157195e-02 9.970344e-01 2.171617e+01 2.827680e-02 9.990344e-01 -3.362574e-02 -2.002159e+00 -9.971333e-01 3.055290e-02 6.922246e-02 9.010503e+01
7.118255e-02 2.910843e-02 9.970385e-01 2.253303e+01 2.911724e-02 9.990875e-01 -3.124705e-02 -2.062436e+00 -9.970382e-01 3.125526e-02 7.027004e-02 9.012893e+01
7.189793e-02 2.757648e-02 9.970307e-01 2.334655e+01 2.699511e-02 9.991977e-01 -2.958309e-02 -2.109684e+00 -9.970466e-01 2.904192e-02 7.109582e-02 9.019329e+01
7.208388e-02 2.843254e-02 9.969932e-01 2.415879e+01 2.493488e-02 9.992298e-01 -3.029915e-02 -2.141456e+00 -9.970868e-01 2.704399e-02 7.131940e-02 9.023882e+01
7.253989e-02 3.027654e-02 9.969059e-01 2.496816e+01 2.720445e-02 9.991072e-01 -3.232293e-02 -2.130559e+00 -9.969944e-01 2.946498e-02 7.165147e-02 9.031157e+01
7.108000e-02 3.141616e-02 9.969758e-01 2.577764e+01 2.064196e-02 9.992435e-01 -3.295931e-02 -2.194419e+00 -9.972570e-01 2.292228e-02 7.037774e-02 9.036207e+01
6.838227e-02 3.119276e-02 9.971714e-01 2.658738e+01 1.748797e-02 9.993201e-01 -3.245923e-02 -2.230304e+00 -9.975059e-01 1.965814e-02 6.779027e-02 9.040794e+01
6.539123e-02 2.979052e-02 9.974149e-01 2.739901e+01 1.507025e-02 9.994108e-01 -3.083815e-02 -2.266195e+00 -9.977459e-01 1.704783e-02 6.490375e-02 9.045461e+01
6.137161e-02 2.720029e-02 9.977443e-01 2.821017e+01 1.364783e-02 9.995123e-01 -2.808797e-02 -2.301492e+00 -9.980217e-01 1.534085e-02 6.097045e-02 9.049870e+01
5.605872e-02 2.460251e-02 9.981243e-01 2.901684e+01 1.229031e-02 9.996036e-01 -2.532925e-02 -2.339507e+00 -9.983518e-01 1.368718e-02 5.573412e-02 9.052482e+01
4.767714e-02 2.469238e-02 9.985575e-01 2.981671e+01 1.118332e-02 9.996185e-01 -2.525257e-02 -2.376043e+00 -9.988002e-01 1.237116e-02 4.738282e-02 9.057956e+01
3.994192e-02 2.564715e-02 9.988728e-01 3.061809e+01 1.157398e-02 9.995916e-01 -2.612841e-02 -2.400909e+00 -9.991350e-01 1.260455e-02 3.962876e-02 9.059496e+01
3.046955e-02 2.574506e-02 9.992041e-01 3.141468e+01 9.698011e-03 9.996136e-01 -2.605134e-02 -2.450118e+00 -9.994886e-01 1.048406e-02 3.020810e-02 9.060687e+01
2.031978e-02 2.377873e-02 9.995107e-01 3.220632e+01 1.075726e-02 9.996541e-01 -2.400083e-02 -2.488767e+00 -9.997357e-01 1.123969e-02 2.005695e-02 9.062595e+01
8.877728e-03 2.312746e-02 9.996931e-01 3.299783e+01 8.563844e-03 9.996941e-01 -2.320353e-02 -2.519990e+00 -9.999239e-01 8.767211e-03 8.676952e-03 9.064982e+01
-1.671204e-03 2.261360e-02 9.997429e-01 3.378415e+01 1.118302e-02 9.996822e-01 -2.259354e-02 -2.544413e+00 -9.999361e-01 1.114239e-02 -1.923562e-03 9.061685e+01
-1.220616e-02 2.248313e-02 9.996727e-01 3.456370e+01 1.250239e-02 9.996725e-01 -2.233047e-02 -2.575928e+00 -9.998473e-01 1.222573e-02 -1.248325e-02 9.060037e+01
-2.367411e-02 2.263207e-02 9.994635e-01 3.533907e+01 1.035691e-02 9.996956e-01 -2.239200e-02 -2.613983e+00 -9.996661e-01 9.821239e-03 -2.390131e-02 9.058361e+01
-3.973469e-02 2.508491e-02 9.988953e-01 3.610025e+01 1.217833e-02 9.996227e-01 -2.461874e-02 -2.619877e+00 -9.991360e-01 1.118666e-02 -4.002519e-02 9.069800e+01
-5.084373e-02 2.649041e-02 9.983552e-01 3.686150e+01 1.295440e-02 9.995816e-01 -2.586322e-02 -2.649365e+00 -9.986226e-01 1.161811e-02 -5.116563e-02 9.068522e+01
-5.977864e-02 2.825807e-02 9.978116e-01 3.761419e+01 1.606051e-02 9.994971e-01 -2.734362e-02 -2.658119e+00 -9.980824e-01 1.439079e-02 -6.020241e-02 9.062762e+01
-6.958268e-02 2.860148e-02 9.971661e-01 3.835812e+01 1.615643e-02 9.994901e-01 -2.754074e-02 -2.699852e+00 -9.974453e-01 1.419429e-02 -7.000930e-02 9.056811e+01
-7.786987e-02 2.848962e-02 9.965564e-01 3.909231e+01 1.608656e-02 9.994974e-01 -2.731671e-02 -2.740097e+00 -9.968337e-01 1.390402e-02 -7.828903e-02 9.048008e+01
-8.676208e-02 2.853223e-02 9.958204e-01 3.982272e+01 1.822011e-02 9.994680e-01 -2.704929e-02 -2.759263e+00 -9.960624e-01 1.579710e-02 -8.723579e-02 9.042243e+01
-9.782202e-02 2.735463e-02 9.948279e-01 4.054634e+01 1.885021e-02 9.994938e-01 -2.562937e-02 -2.781506e+00 -9.950254e-01 1.624560e-02 -9.828814e-02 9.043348e+01
-1.035573e-01 2.539204e-02 9.942993e-01 4.126069e+01 1.999417e-02 9.995252e-01 -2.344309e-02 -2.816455e+00 -9.944225e-01 1.745249e-02 -1.040158e-01 9.036756e+01
-1.059296e-01 2.380640e-02 9.940886e-01 4.195403e+01 2.399903e-02 9.994834e-01 -2.137827e-02 -2.848191e+00 -9.940840e-01 2.159257e-02 -1.064462e-01 9.023709e+01
-1.074839e-01 2.235177e-02 9.939555e-01 4.263530e+01 2.582287e-02 9.994727e-01 -1.968342e-02 -2.879558e+00 -9.938714e-01 2.355113e-02 -1.080044e-01 9.012558e+01
-1.102546e-01 2.095726e-02 9.936824e-01 4.331010e+01 2.572091e-02 9.995030e-01 -1.822614e-02 -2.909152e+00 -9.935705e-01 2.354890e-02 -1.107388e-01 9.006923e+01
-1.113419e-01 2.237861e-02 9.935302e-01 4.396539e+01 2.683846e-02 9.994495e-01 -1.950423e-02 -2.918949e+00 -9.934197e-01 2.449318e-02 -1.118812e-01 8.999255e+01
-1.097893e-01 2.437692e-02 9.936559e-01 4.460227e+01 2.838579e-02 9.993684e-01 -2.138071e-02 -2.910471e+00 -9.935495e-01 2.585834e-02 -1.104119e-01 8.990156e+01
-1.065734e-01 2.572912e-02 9.939719e-01 4.522204e+01 2.928566e-02 9.993127e-01 -2.272737e-02 -2.944852e+00 -9.938735e-01 2.668699e-02 -1.072536e-01 8.983438e+01
-1.012079e-01 2.628147e-02 9.945181e-01 4.582332e+01 3.093628e-02 9.992507e-01 -2.325828e-02 -2.969971e+00 -9.943842e-01 2.841277e-02 -1.019451e-01 8.977250e+01
-9.308703e-02 2.617500e-02 9.953139e-01 4.640493e+01 2.966475e-02 9.992835e-01 -2.350499e-02 -3.011952e+00 -9.952160e-01 2.733773e-02 -9.379680e-02 8.972496e+01
-8.364206e-02 2.693742e-02 9.961317e-01 4.696887e+01 2.722511e-02 9.993232e-01 -2.473771e-02 -3.024037e+00 -9.961239e-01 2.505068e-02 -8.431882e-02 8.970468e+01
-6.937255e-02 2.610317e-02 9.972493e-01 4.750959e+01 2.432813e-02 9.994046e-01 -2.446723e-02 -3.069140e+00 -9.972941e-01 2.256386e-02 -6.996628e-02 8.966876e+01
-5.234127e-02 2.648315e-02 9.982780e-01 4.804259e+01 2.202626e-02 9.994357e-01 -2.535900e-02 -3.119109e+00 -9.983863e-01 2.066101e-02 -5.289506e-02 8.964707e+01
-3.016844e-02 2.857912e-02 9.991362e-01 4.856995e+01 2.059757e-02 9.993967e-01 -2.796464e-02 -3.145639e+00 -9.993326e-01 1.973613e-02 -3.073890e-02 8.963623e+01
-5.696737e-03 3.197115e-02 9.994726e-01 4.909282e+01 1.852130e-02 9.993207e-01 -3.186072e-02 -3.165575e+00 -9.998122e-01 1.833002e-02 -6.285014e-03 8.966299e+01
2.318587e-02 3.405475e-02 9.991510e-01 4.961699e+01 1.705503e-02 9.992607e-01 -3.445427e-02 -3.183774e+00 -9.995857e-01 1.783940e-02 2.258793e-02 8.969025e+01
5.534270e-02 3.351542e-02 9.979048e-01 5.013559e+01 1.406248e-02 9.993112e-01 -3.434254e-02 -3.204044e+00 -9.983684e-01 1.593362e-02 5.483326e-02 8.974692e+01
9.145938e-02 3.165484e-02 9.953056e-01 5.064126e+01 1.213834e-02 9.993849e-01 -3.289998e-02 -3.218483e+00 -9.957348e-01 1.509037e-02 9.101889e-02 8.983841e+01
1.357433e-01 2.769919e-02 9.903568e-01 5.114883e+01 1.024712e-02 9.995164e-01 -2.935989e-02 -3.250997e+00 -9.906911e-01 1.413371e-02 1.353938e-01 8.991363e+01
1.804922e-01 2.283971e-02 9.833112e-01 5.164898e+01 6.482087e-03 9.996810e-01 -2.440976e-02 -3.278488e+00 -9.835551e-01 1.077968e-02 1.802865e-01 9.003958e+01
2.312929e-01 1.996106e-02 9.726794e-01 5.213274e+01 3.273811e-03 9.997679e-01 -2.129544e-02 -3.289309e+00 -9.728786e-01 8.109854e-03 2.311739e-01 9.015458e+01
2.829100e-01 1.959663e-02 9.589462e-01 5.260046e+01 3.605349e-04 9.997890e-01 -2.053765e-02 -3.290784e+00 -9.591464e-01 6.156039e-03 2.828432e-01 9.032910e+01
3.359776e-01 2.010514e-02 9.416554e-01 5.304082e+01 8.449250e-04 9.997653e-01 -2.164730e-02 -3.300374e+00 -9.418696e-01 8.068636e-03 3.358817e-01 9.055291e+01
3.954556e-01 2.089816e-02 9.182473e-01 5.346170e+01 2.631417e-03 9.997112e-01 -2.388543e-02 -3.315731e+00 -9.184813e-01 1.186192e-02 3.952865e-01 9.075200e+01
4.559974e-01 2.482544e-02 8.896348e-01 5.388384e+01 2.552335e-03 9.995703e-01 -2.920146e-02 -3.331662e+00 -8.899774e-01 1.558644e-02 4.557381e-01 9.098013e+01
5.145035e-01 2.679963e-02 8.570694e-01 5.425363e+01 3.837118e-03 9.994295e-01 -3.355452e-02 -3.359743e+00 -8.574797e-01 2.055259e-02 5.141072e-01 9.124515e+01
5.720952e-01 3.112888e-02 8.195963e-01 5.462419e+01 -5.049867e-04 9.992927e-01 -3.760139e-02 -3.371609e+00 -8.201871e-01 2.109769e-02 5.717063e-01 9.154603e+01
6.272435e-01 3.324365e-02 7.781134e-01 5.495686e+01 -4.499633e-03 9.992266e-01 -3.906317e-02 -3.393726e+00 -7.788102e-01 2.100090e-02 6.269080e-01 9.188602e+01
6.790783e-01 3.484275e-02 7.332384e-01 5.526082e+01 -6.688806e-03 9.991251e-01 -4.128268e-02 -3.405559e+00 -7.340353e-01 2.312968e-02 6.787173e-01 9.222088e+01
7.286724e-01 3.375671e-02 6.840300e-01 5.556806e+01 -8.002417e-03 9.991360e-01 -4.078243e-02 -3.414035e+00 -6.848156e-01 2.424314e-02 7.283130e-01 9.258628e+01
7.735967e-01 2.710303e-02 6.330984e-01 5.583822e+01 -7.614720e-03 9.994104e-01 -3.348030e-02 -3.456299e+00 -6.336326e-01 2.107938e-02 7.733469e-01 9.297830e+01
8.145164e-01 2.443085e-02 5.796258e-01 5.607223e+01 -1.035257e-02 9.995659e-01 -2.758315e-02 -3.455262e+00 -5.800481e-01 1.646632e-02 8.144158e-01 9.337097e+01
8.500922e-01 2.227564e-02 5.261626e-01 5.628033e+01 -1.334338e-02 9.996953e-01 -2.076497e-02 -3.466491e+00 -5.264649e-01 1.063135e-02 8.501304e-01 9.380474e+01
8.812402e-01 1.816193e-02 4.723196e-01 5.647092e+01 -1.357244e-02 9.998218e-01 -1.312270e-02 -3.477558e+00 -4.724737e-01 5.153725e-03 8.813297e-01 9.424761e+01
9.061056e-01 1.919631e-02 4.226159e-01 5.662000e+01 -1.771212e-02 9.998155e-01 -7.438702e-03 -3.493290e+00 -4.226807e-01 -7.451744e-04 9.062783e-01 9.469312e+01
9.257806e-01 2.192101e-02 3.774253e-01 5.673914e+01 -2.224732e-02 9.997464e-01 -3.495549e-03 -3.514050e+00 -3.774062e-01 -5.160590e-03 9.260334e-01 9.516885e+01
9.411397e-01 2.582749e-02 3.370297e-01 5.688324e+01 -2.736574e-02 9.996255e-01 -1.864124e-04 -3.518851e+00 -3.369083e-01 -9.047629e-03 9.414940e-01 9.562600e+01
9.529979e-01 3.042701e-02 3.014450e-01 5.701384e+01 -3.132622e-02 9.995075e-01 -1.851728e-03 -3.512928e+00 -3.013529e-01 -7.678442e-03 9.534818e-01 9.609993e+01
9.620912e-01 3.225851e-02 2.708134e-01 5.712357e+01 -3.286256e-02 9.994572e-01 -2.304988e-03 -3.506893e+00 -2.707408e-01 -6.682014e-03 9.626291e-01 9.657996e+01
9.683988e-01 2.573401e-02 2.480756e-01 5.724061e+01 -2.609542e-02 9.996578e-01 -1.831810e-03 -3.515961e+00 -2.480378e-01 -4.699714e-03 9.687389e-01 9.706194e+01
9.725536e-01 2.193629e-02 2.316428e-01 5.736938e+01 -2.224629e-02 9.997517e-01 -1.274097e-03 -3.520584e+00 -2.316132e-01 -3.914064e-03 9.728001e-01 9.755263e+01
9.755824e-01 2.605321e-02 2.180829e-01 5.749905e+01 -2.631676e-02 9.996522e-01 -1.696494e-03 -3.520437e+00 -2.180513e-01 -4.084167e-03 9.759288e-01 9.805437e+01
9.773317e-01 3.199468e-02 2.092825e-01 5.756160e+01 -3.243617e-02 9.994729e-01 -1.323170e-03 -3.518193e+00 -2.092146e-01 -5.495149e-03 9.778543e-01 9.857631e+01
9.782887e-01 4.030413e-02 2.032900e-01 5.766411e+01 -4.055238e-02 9.991731e-01 -2.945856e-03 -3.516567e+00 -2.032407e-01 -5.361997e-03 9.791141e-01 9.910246e+01
9.785487e-01 4.487335e-02 2.010692e-01 5.772604e+01 -4.445810e-02 9.989896e-01 -6.582799e-03 -3.527005e+00 -2.011615e-01 -2.497567e-03 9.795549e-01 9.964469e+01
9.789341e-01 4.460094e-02 1.992458e-01 5.785941e+01 -4.370861e-02 9.990049e-01 -8.877054e-03 -3.552458e+00 -1.994434e-01 -1.870489e-05 9.799093e-01 1.001844e+02
9.786045e-01 4.338774e-02 2.011236e-01 5.796826e+01 -4.172968e-02 9.990510e-01 -1.247844e-02 -3.560254e+00 -2.014742e-01 3.818633e-03 9.794864e-01 1.007384e+02
9.778058e-01 4.153234e-02 2.053554e-01 5.808905e+01 -3.846369e-02 9.990810e-01 -1.891430e-02 -3.568752e+00 -2.059522e-01 1.059579e-02 9.785047e-01 1.013021e+02
9.770884e-01 4.041900e-02 2.089607e-01 5.821277e+01 -3.632182e-02 9.990659e-01 -2.340927e-02 -3.594340e+00 -2.097117e-01 1.528309e-02 9.776438e-01 1.018862e+02
9.761960e-01 4.404469e-02 2.123709e-01 5.835250e+01 -4.011155e-02 9.989352e-01 -2.279528e-02 -3.615515e+00 -2.131487e-01 1.373414e-02 9.769232e-01 1.024785e+02
9.749056e-01 4.791944e-02 2.174000e-01 5.849583e+01 -4.486291e-02 9.988129e-01 -1.897632e-02 -3.623113e+00 -2.180513e-01 8.746927e-03 9.758981e-01 1.030852e+02
9.737360e-01 4.527202e-02 2.231338e-01 5.863240e+01 -4.307096e-02 9.989635e-01 -1.472368e-02 -3.630908e+00 -2.235691e-01 4.726391e-03 9.746766e-01 1.037037e+02
9.731519e-01 4.052158e-02 2.265689e-01 5.880616e+01 -3.935716e-02 9.991785e-01 -9.656239e-03 -3.637819e+00 -2.267741e-01 4.798784e-04 9.739473e-01 1.043266e+02
9.723276e-01 3.777496e-02 2.305473e-01 5.893222e+01 -3.772983e-02 9.992774e-01 -4.606015e-03 -3.657399e+00 -2.305547e-01 -4.219954e-03 9.730502e-01 1.049669e+02
9.720491e-01 3.265683e-02 2.324955e-01 5.910727e+01 -3.271330e-02 9.994582e-01 -3.613865e-03 -3.672048e+00 -2.324875e-01 -4.092839e-03 9.725908e-01 1.056050e+02
9.722649e-01 2.711010e-02 2.323057e-01 5.927910e+01 -2.618663e-02 9.996321e-01 -7.058745e-03 -3.683085e+00 -2.324116e-01 7.796660e-04 9.726172e-01 1.062484e+02
9.723920e-01 2.611328e-02 2.318878e-01 5.944886e+01 -2.355715e-02 9.996274e-01 -1.378581e-02 -3.705788e+00 -2.321614e-01 7.942594e-03 9.726449e-01 1.069052e+02
9.724301e-01 2.885892e-02 2.314018e-01 5.960113e+01 -2.459475e-02 9.994707e-01 -2.129184e-02 -3.710212e+00 -2.318938e-01 1.501355e-02 9.726252e-01 1.075812e+02
9.728948e-01 3.241631e-02 2.289649e-01 5.977279e+01 -2.730326e-02 9.993028e-01 -2.546467e-02 -3.711274e+00 -2.296307e-01 1.852296e-02 9.731016e-01 1.082738e+02
9.737092e-01 3.141673e-02 2.256178e-01 5.997326e+01 -2.729746e-02 9.993992e-01 -2.135499e-02 -3.722452e+00 -2.261532e-01 1.463476e-02 9.739818e-01 1.089755e+02
9.741628e-01 2.778022e-02 2.241321e-01 6.014054e+01 -2.544982e-02 9.995879e-01 -1.328015e-02 -3.743246e+00 -2.244086e-01 7.232905e-03 9.744683e-01 1.096956e+02
9.747169e-01 2.758514e-02 2.217341e-01 6.029904e+01 -2.668611e-02 9.996190e-01 -7.049975e-03 -3.779414e+00 -2.218441e-01 9.545066e-04 9.750817e-01 1.104209e+02
9.747938e-01 3.252561e-02 2.207241e-01 6.045203e+01 -3.160921e-02 9.994708e-01 -7.683476e-03 -3.786066e+00 -2.208572e-01 5.128904e-04 9.753060e-01 1.111541e+02
9.748157e-01 3.825905e-02 2.197056e-01 6.058005e+01 -3.645544e-02 9.992601e-01 -1.225913e-02 -3.793130e+00 -2.200121e-01 3.940928e-03 9.754892e-01 1.119045e+02
9.758043e-01 3.843335e-02 2.152414e-01 6.075267e+01 -3.544996e-02 9.992146e-01 -1.770542e-02 -3.797263e+00 -2.157528e-01 9.646725e-03 9.764004e-01 1.126588e+02
9.767534e-01 3.687681e-02 2.111704e-01 6.091378e+01 -3.328101e-02 9.992346e-01 -2.055799e-02 -3.806567e+00 -2.117669e-01 1.305212e-02 9.772330e-01 1.134316e+02
9.775157e-01 3.533622e-02 2.078808e-01 6.105143e+01 -3.199982e-02 9.992997e-01 -1.939161e-02 -3.817429e+00 -2.084205e-01 1.230345e-02 9.779619e-01 1.142175e+02
9.785914e-01 3.117340e-02 2.034383e-01 6.123115e+01 -2.821847e-02 9.994501e-01 -1.741025e-02 -3.840778e+00 -2.038692e-01 1.129680e-02 9.789330e-01 1.150089e+02
9.788881e-01 3.031857e-02 2.021358e-01 6.138886e+01 -2.794872e-02 9.995032e-01 -1.456858e-02 -3.860744e+00 -2.024771e-01 8.611568e-03 9.792491e-01 1.158241e+02
9.793170e-01 2.595052e-02 2.006610e-01 6.154983e+01 -2.385981e-02 9.996330e-01 -1.283099e-02 -3.863672e+00 -2.009203e-01 7.777869e-03 9.795767e-01 1.166396e+02
