1.000000e+00 0.000000e+00 0.000000e+00 0.000000e+00 0.000000e+00 1.000000e+00 0.000000e+00 0.000000e+00 0.000000e+00 0.000000e+00 1.000000e+00 0.000000e+00
9.990186e-01 -5.156414e-04 4.428896e-02 4.480766e-02 6.309983e-04 9.999964e-01 -2.590701e-03 -2.092258e-02 -4.428747e-02 2.616105e-03 9.990154e-01 9.985726e-01
9.959606e-01 -5.108846e-03 8.964545e-02 1.278074e-01 5.808436e-03 9.999547e-01 -7.544823e-03 -4.025502e-02 -8.960284e-02 8.035046e-03 9.959452e-01 1.996423e+00
9.908680e-01 -5.662394e-03 1.347166e-01 2.749099e-01 7.351848e-03 9.999004e-01 -1.204663e-02 -5.671816e-02 -1.346350e-01 1.292703e-02 9.908109e-01 2.979032e+00
9.835636e-01 -3.418119e-03 1.805295e-01 4.676514e-01 6.130023e-03 9.998766e-01 -1.446618e-02 -9.061189e-02 -1.804577e-01 1.533505e-02 9.834632e-01 3.958227e+00
9.739395e-01 -5.573389e-03 2.267397e-01 6.780876e-01 9.033819e-03 9.998580e-01 -1.422687e-02 -1.244150e-01 -2.266282e-01 1.590443e-02 9.738515e-01 4.927466e+00
9.621985e-01 -5.614625e-03 2.722912e-01 9.439605e-01 1.012044e-02 9.998341e-01 -1.514619e-02 -1.553229e-01 -2.721609e-01 1.732935e-02 9.620957e-01 5.881865e+00
9.486443e-01 -7.245698e-03 3.162618e-01 1.256569e+00 1.349407e-02 9.997545e-01 -1.757138e-02 -1.859898e-01 -3.160568e-01 2.093665e-02 9.485092e-01 6.818276e+00
9.332560e-01 -7.684403e-03 3.591297e-01 1.608098e+00 1.565974e-02 9.996910e-01 -1.930365e-02 -2.101572e-01 -3.588704e-01 2.363912e-02 9.330880e-01 7.740603e+00
9.160366e-01 -8.297717e-03 4.010088e-01 2.010898e+00 1.767613e-02 9.996498e-01 -1.969327e-02 -2.524732e-01 -4.007049e-01 2.512804e-02 9.158625e-01 8.638332e+00
8.966503e-01 -9.542468e-03 4.426366e-01 2.450165e+00 1.957762e-02 9.996443e-01 -1.810787e-02 -2.952002e-01 -4.423064e-01 2.490220e-02 8.965182e-01 9.515203e+00
8.748708e-01 -9.168742e-03 4.842696e-01 2.931648e+00 1.993141e-02 9.996554e-01 -1.708104e-02 -3.394057e-01 -4.839461e-01 2.459588e-02 8.747521e-01 1.036730e+01
8.507771e-01 -8.978128e-03 5.254500e-01 3.419917e+00 2.039282e-02 9.996650e-01 -1.593800e-02 -3.626858e-01 -5.251309e-01 2.427509e-02 8.506752e-01 1.121222e+01
8.251782e-01 -9.059524e-03 5.647998e-01 3.971018e+00 2.171285e-02 9.996412e-01 -1.568820e-02 -4.039369e-01 -5.644550e-01 2.520897e-02 8.250788e-01 1.201498e+01
7.980299e-01 -1.112718e-02 6.025152e-01 4.567614e+00 2.596809e-02 9.995358e-01 -1.593536e-02 -4.246358e-01 -6.020581e-01 2.836306e-02 7.979483e-01 1.277554e+01
7.693392e-01 -9.742909e-03 6.387662e-01 5.173860e+00 2.636037e-02 9.995163e-01 -1.650349e-02 -4.692378e-01 -6.382964e-01 2.953490e-02 7.692239e-01 1.352945e+01
7.392719e-01 -1.294918e-02 6.732826e-01 5.836627e+00 3.128294e-02 9.993961e-01 -1.512772e-02 -5.061466e-01 -6.726801e-01 3.224576e-02 7.392305e-01 1.422999e+01
7.074599e-01 -1.137910e-02 7.066618e-01 6.520906e+00 3.122959e-02 9.993971e-01 -1.517197e-02 -5.323906e-01 -7.060631e-01 3.280232e-02 7.073888e-01 1.490374e+01
6.742066e-01 -1.076012e-02 7.384644e-01 7.236080e+00 3.343846e-02 9.993132e-01 -1.596787e-02 -5.642728e-01 -7.377855e-01 3.545876e-02 6.741033e-01 1.553738e+01
6.392821e-01 -1.177155e-02 7.688822e-01 7.979112e+00 3.814059e-02 9.991375e-01 -1.641500e-02 -5.863017e-01 -7.680258e-01 3.981944e-02 6.391797e-01 1.613331e+01
6.029452e-01 -9.402661e-03 7.977272e-01 8.729442e+00 3.798825e-02 9.991347e-01 -1.693600e-02 -6.079469e-01 -7.968776e-01 4.051574e-02 6.027807e-01 1.671881e+01
5.657958e-01 -8.911317e-03 8.244973e-01 9.530604e+00 4.166395e-02 9.989732e-01 -1.779402e-02 -6.546511e-01 -8.234921e-01 4.441959e-02 5.655861e-01 1.723243e+01
5.271123e-01 -7.268326e-03 8.497646e-01 1.033932e+01 4.596656e-02 9.987433e-01 -1.997064e-02 -6.975228e-01 -8.485515e-01 4.958752e-02 5.267840e-01 1.773385e+01
4.882269e-01 -6.166225e-03 8.726949e-01 1.116977e+01 4.692313e-02 9.987141e-01 -1.919438e-02 -7.270584e-01 -8.714544e-01 5.032079e-02 4.878884e-01 1.821570e+01
4.496222e-01 -8.457289e-03 8.931788e-01 1.202506e+01 5.261216e-02 9.984698e-01 -1.703046e-02 -7.660076e-01 -8.916680e-01 5.464934e-02 4.493792e-01 1.865797e+01
4.132531e-01 -9.065663e-03 9.105711e-01 1.290441e+01 5.661573e-02 9.982717e-01 -1.575564e-02 -8.002260e-01 -9.088545e-01 5.806372e-02 4.130521e-01 1.905421e+01
3.786187e-01 -6.887386e-03 9.255271e-01 1.380673e+01 5.791296e-02 9.981892e-01 -1.626318e-02 -8.369301e-01 -9.237391e-01 5.975756e-02 3.783319e-01 1.942721e+01
3.449046e-01 -7.683693e-03 9.386063e-01 1.472594e+01 5.870439e-02 9.981855e-01 -1.340036e-02 -8.664484e-01 -9.368002e-01 5.972216e-02 3.447299e-01 1.978602e+01
3.112425e-01 -9.908659e-03 9.502789e-01 1.566105e+01 6.115714e-02 9.980818e-01 -9.623541e-03 -9.082923e-01 -9.483607e-01 6.111160e-02 3.112514e-01 2.011748e+01
2.775302e-01 -9.768130e-03 9.606672e-01 1.660616e+01 6.131714e-02 9.980897e-01 -7.565460e-03 -9.324136e-01 -9.587581e-01 6.100501e-02 2.775990e-01 2.042047e+01
2.450378e-01 -6.451887e-03 9.694921e-01 1.757008e+01 5.890306e-02 9.982297e-01 -8.244534e-03 -9.366962e-01 -9.677225e-01 5.912627e-02 2.449840e-01 2.068886e+01
2.149530e-01 -4.852716e-03 9.766123e-01 1.856276e+01 5.832924e-02 9.982663e-01 -7.877989e-03 -9.559441e-01 -9.748810e-01 5.865845e-02 2.148634e-01 2.090219e+01
1.850942e-01 -3.942531e-03 9.827129e-01 1.957218e+01 6.108980e-02 9.981041e-01 -7.501997e-03 -9.585217e-01 -9.808202e-01 6.142231e-02 1.849841e-01 2.109167e+01
1.539000e-01 -3.931857e-03 9.880786e-01 2.059759e+01 6.309712e-02 9.979902e-01 -5.856512e-03 -9.664935e-01 -9.860697e-01 6.324623e-02 1.538388e-01 2.126108e+01
1.238290e-01 -4.074887e-03 9.922952e-01 2.164615e+01 6.274204e-02 9.980228e-01 -3.731203e-03 -9.740002e-01 -9.903180e-01 6.272065e-02 1.238399e-01 2.135500e+01
9.453770e-02 -4.202081e-03 9.955124e-01 2.270381e+01 6.304517e-02 9.980091e-01 -1.774393e-03 -9.760497e-01 -9.935230e-01 6.293000e-02 9.461440e-02 2.147309e+01
6.754186e-02 -3.977489e-03 9.977085e-01 2.377886e+01 6.674033e-02 9.977702e-01 -5.403844e-04 -9.905636e-01 -9.954817e-01 6.662390e-02 6.765671e-02 2.154846e+01
4.216258e-02 -3.416692e-03 9.991049e-01 2.486807e+01 7.091559e-02 9.974822e-01 4.184799e-04 -9.947275e-01 -9.965908e-01 7.083447e-02 4.229872e-02 2.163134e+01
1.929131e-02 -3.214896e-03 9.998087e-01 2.597188e+01 7.481749e-02 9.971957e-01 1.762890e-03 -1.006236e+00 -9.970106e-01 7.476917e-02 1.947774e-02 2.164945e+01
-4.620749e-04 -4.110478e-03 9.999914e-01 2.708748e+01 8.122544e-02 9.966872e-01 4.134428e-03 -1.042977e+00 -9.966956e-01 8.122665e-02 -1.266688e-04 2.164526e+01
-1.849567e-02 -4.776929e-03 9.998175e-01 2.821685e+01 8.518874e-02 9.963447e-01 6.336246e-03 -1.042749e+00 -9.961931e-01 8.529038e-02 -1.802112e-02 2.165938e+01
-3.562116e-02 -3.952592e-03 9.993575e-01 2.935014e+01 8.864320e-02 9.960381e-01 7.099067e-03 -1.024440e+00 -9.954263e-01 8.883913e-02 -3.512967e-02 2.172561e+01
-4.946271e-02 -4.094621e-03 9.987676e-01 3.049017e+01 9.189962e-02 9.957308e-01 8.633385e-03 -1.020082e+00 -9.945390e-01 9.221339e-02 -4.887525e-02 2.164919e+01
-6.271706e-02 -5.406383e-03 9.980167e-01 3.163810e+01 9.284189e-02 9.956176e-01 1.122773e-02 -1.042156e+00 -9.937037e-01 9.336192e-02 -6.194026e-02 2.159318e+01
-7.429265e-02 -5.332427e-03 9.972222e-01 3.279451e+01 9.262834e-02 9.956257e-01 1.222466e-02 -1.046985e+00 -9.929253e-01 9.327925e-02 -7.347374e-02 2.148378e+01
-8.570144e-02 -2.541508e-03 9.963176e-01 3.397019e+01 9.243473e-02 9.956635e-01 1.049091e-02 -1.047205e+00 -9.920237e-01 9.299344e-02 -8.509487e-02 2.138269e+01
-9.601164e-02 5.020134e-04 9.953801e-01 3.516848e+01 9.368491e-02 9.955653e-01 8.534484e-03 -1.062740e+00 -9.909616e-01 9.407151e-02 -9.563289e-02 2.127060e+01
-1.055582e-01 3.237885e-03 9.944079e-01 3.638667e+01 9.424623e-02 9.955259e-01 6.762884e-03 -1.037578e+00 -9.899369e-01 9.443307e-02 -1.053911e-01 2.111821e+01
-1.129140e-01 4.502226e-03 9.935946e-01 3.762730e+01 9.362852e-02 9.955883e-01 6.128868e-03 -1.030696e+00 -9.891836e-01 9.372083e-02 -1.128374e-01 2.095063e+01
-1.183701e-01 4.845100e-03 9.929577e-01 3.888853e+01 9.417266e-02 9.955355e-01 6.368609e-03 -1.047421e+00 -9.884938e-01 9.426333e-02 -1.182979e-01 2.080844e+01
-1.236588e-01 6.347563e-03 9.923045e-01 4.017254e+01 9.581249e-02 9.953838e-01 5.572683e-03 -1.056278e+00 -9.876884e-01 9.576428e-02 -1.236962e-01 2.064071e+01
-1.289349e-01 8.163893e-03 9.916195e-01 4.148091e+01 9.454061e-02 9.955126e-01 4.096658e-03 -1.047457e+00 -9.871362e-01 9.427651e-02 -1.291281e-01 2.049973e+01
-1.330217e-01 9.455857e-03 9.910680e-01 4.281360e+01 9.504251e-02 9.954679e-01 3.258821e-03 -1.041285e+00 -9.865456e-01 9.462709e-02 -1.333175e-01 2.034705e+01
-1.369349e-01 8.998499e-03 9.905392e-01 4.416775e+01 9.545592e-02 9.954250e-01 4.153205e-03 -1.032294e+00 -9.859701e-01 9.512155e-02 -1.371673e-01 2.017603e+01
-1.399943e-01 7.802290e-03 9.901216e-01 4.553759e+01 9.631518e-02 9.953341e-01 5.774734e-03 -1.022991e+00 -9.854567e-01 9.617216e-02 -1.400926e-01 1.997854e+01
-1.417108e-01 6.632329e-03 9.898859e-01 4.692799e+01 9.661569e-02 9.952960e-01 7.162800e-03 -1.022539e+00 -9.851819e-01 9.665355e-02 -1.416850e-01 1.977681e+01
-1.443100e-01 7.120352e-03 9.895069e-01 4.834100e+01 9.960469e-02 9.949998e-01 7.366504e-03 -1.028423e+00 -9.845067e-01 9.962259e-02 -1.442977e-01 1.959573e+01
-1.445329e-01 6.806647e-03 9.894766e-01 4.976913e+01 9.997620e-02 9.949596e-01 7.759165e-03 -1.033050e+00 -9.844364e-01 1.000456e-01 -1.444849e-01 1.935536e+01
-1.450320e-01 8.071072e-03 9.893940e-01 5.121292e+01 1.016650e-01 9.947955e-01 6.787596e-03 -1.027621e+00 -9.841900e-01 1.015711e-01 -1.450977e-01 1.911298e+01
-1.453264e-01 7.797135e-03 9.893530e-01 5.268484e+01 1.012377e-01 9.948374e-01 7.030491e-03 -1.030436e+00 -9.841906e-01 1.011816e-01 -1.453655e-01 1.890233e+01
-1.442378e-01 9.088296e-03 9.895013e-01 5.417885e+01 1.027881e-01 9.946861e-01 5.847322e-03 -1.041114e+00 -9.841900e-01 1.025524e-01 -1.444055e-01 1.867913e+01
-1.433567e-01 8.596375e-03 9.896338e-01 5.569575e+01 1.022239e-01 9.947423e-01 6.167231e-03 -1.036023e+00 -9.843775e-01 1.020483e-01 -1.434817e-01 1.847847e+01
-1.415246e-01 7.346968e-03 9.899075e-01 5.722851e+01 1.015551e-01 9.948043e-01 7.135776e-03 -1.028640e+00 -9.847118e-01 1.015401e-01 -1.415354e-01 1.823558e+01
-1.412823e-01 7.547529e-03 9.899406e-01 5.878600e+01 1.018848e-01 9.947719e-01 6.956430e-03 -1.037548e+00 -9.847125e-01 1.018427e-01 -1.413127e-01 1.804564e+01
-1.402684e-01 8.578964e-03 9.900763e-01 6.037293e+01 1.011349e-01 9.948563e-01 5.707841e-03 -1.017358e+00 -9.849348e-01 1.009319e-01 -1.404146e-01 1.785669e+01
-1.394636e-01 9.233069e-03 9.901841e-01 6.196585e+01 1.007827e-01 9.948963e-01 4.917851e-03 -9.921495e-01 -9.850851e-01 1.004793e-01 -1.396824e-01 1.759134e+01
-1.373657e-01 9.354684e-03 9.904762e-01 6.357966e+01 1.021415e-01 9.947584e-01 4.770525e-03 -1.001760e+00 -9.852400e-01 1.018241e-01 -1.376012e-01 1.732941e+01
-1.365951e-01 8.186985e-03 9.905931e-01 6.521967e+01 1.046315e-01 9.944917e-01 6.208669e-03 -9.987868e-01 -9.850858e-01 1.044953e-01 -1.366993e-01 1.714338e+01
-1.353330e-01 6.469285e-03 9.907790e-01 6.685453e+01 1.059956e-01 9.943345e-01 7.985705e-03 -9.907082e-01 -9.851142e-01 1.060989e-01 -1.352520e-01 1.685679e+01
-1.345857e-01 7.244957e-03 9.908755e-01 6.851873e+01 1.076107e-01 9.941660e-01 7.347215e-03 -1.010599e+00 -9.850414e-01 1.076177e-01 -1.345801e-01 1.664942e+01
-1.337377e-01 9.973313e-03 9.909666e-01 7.019309e+01 1.090289e-01 9.940274e-01 4.710076e-03 -9.822490e-01 -9.850010e-01 1.086739e-01 -1.340263e-01 1.641713e+01
-1.329844e-01 9.398176e-03 9.910736e-01 7.188295e+01 1.075947e-01 9.941822e-01 5.009630e-03 -9.836355e-01 -9.852606e-01 1.073005e-01 -1.332219e-01 1.619018e+01
-1.330428e-01 9.001022e-03 9.910694e-01 7.359739e+01 1.099825e-01 9.939170e-01 5.737347e-03 -1.026259e+00 -9.849891e-01 1.097636e-01 -1.332235e-01 1.599614e+01
-1.333115e-01 8.561720e-03 9.910372e-01 7.532562e+01 1.099867e-01 9.939137e-01 6.208525e-03 -1.012248e+00 -9.849523e-01 1.098285e-01 -1.334418e-01 1.580971e+01
-1.341632e-01 8.583310e-03 9.909221e-01 7.707046e+01 1.124647e-01 9.936337e-01 6.620053e-03 -1.046681e+00 -9.845567e-01 1.123319e-01 -1.342744e-01 1.562106e+01
-1.348290e-01 9.158537e-03 9.908266e-01 7.883445e+01 1.165262e-01 9.931652e-01 6.676424e-03 -1.084036e+00 -9.839933e-01 1.163575e-01 -1.349747e-01 1.546217e+01
-1.354724e-01 9.491100e-03 9.907357e-01 8.059940e+01 1.146057e-01 9.933920e-01 6.154541e-03 -1.064000e+00 -9.841305e-01 1.143777e-01 -1.356649e-01 1.521944e+01
-1.357135e-01 1.092027e-02 9.906879e-01 8.237987e+01 1.147048e-01 9.933882e-01 4.763279e-03 -1.040608e+00 -9.840857e-01 1.142831e-01 -1.360688e-01 1.498253e+01
-1.376087e-01 1.116319e-02 9.904238e-01 8.417572e+01 1.133788e-01 9.935414e-01 4.554443e-03 -1.041934e+00 -9.839762e-01 1.129198e-01 -1.379857e-01 1.475067e+01
-1.395400e-01 1.186230e-02 9.901454e-01 8.599687e+01 1.123620e-01 9.936596e-01 3.930632e-03 -1.039201e+00 -9.838208e-01 1.118032e-01 -1.399881e-01 1.455116e+01
-1.402518e-01 1.211690e-02 9.900417e-01 8.781834e+01 1.108195e-01 9.938343e-01 3.535649e-03 -1.000799e+00 -9.838945e-01 1.102118e-01 -1.407298e-01 1.427102e+01
-1.414675e-01 1.143568e-02 9.898769e-01 8.966292e+01 1.132737e-01 9.935527e-01 4.710274e-03 -1.045050e+00 -9.834409e-01 1.127934e-01 -1.418507e-01 1.403365e+01
-1.430913e-01 9.774765e-03 9.896612e-01 9.151957e+01 1.093284e-01 9.939876e-01 5.989870e-03 -1.050206e+00 -9.836525e-01 1.090552e-01 -1.432996e-01 1.379666e+01
-1.455442e-01 9.998293e-03 9.893012e-01 9.339457e+01 1.087945e-01 9.940464e-01 5.959400e-03 -1.063567e+00 -9.833517e-01 1.084979e-01 -1.457654e-01 1.355374e+01
-1.495641e-01 1.118829e-02 9.886887e-01 9.528570e+01 1.072923e-01 9.942151e-01 4.979832e-03 -1.055445e+00 -9.829135e-01 1.068235e-01 -1.498993e-01 1.333554e+01
-1.537328e-01 1.275272e-02 9.880302e-01 9.717616e+01 1.065544e-01 9.942998e-01 3.745714e-03 -1.011175e+00 -9.823504e-01 1.058548e-01 -1.542154e-01 1.303242e+01
-1.569010e-01 1.179945e-02 9.875438e-01 9.907198e+01 1.051882e-01 9.944406e-01 4.830457e-03 -1.019770e+00 -9.819967e-01 1.046359e-01 -1.572699e-01 1.269598e+01
-1.622189e-01 1.101662e-02 9.866933e-01 1.009793e+02 1.038033e-01 9.945800e-01 5.961280e-03 -1.028863e+00 -9.812797e-01 1.033891e-01 -1.624832e-01 1.239479e+01
-1.682978e-01 1.096679e-02 9.856752e-01 1.029070e+02 1.030522e-01 9.946545e-01 6.528821e-03 -1.064850e+00 -9.803347e-01 1.026748e-01 -1.685283e-01 1.213774e+01
-1.735886e-01 1.262433e-02 9.847373e-01 1.048370e+02 1.046508e-01 9.944927e-01 5.698349e-03 -1.084166e+00 -9.792422e-01 1.040427e-01 -1.739537e-01 1.183518e+01
-1.765270e-01 1.370366e-02 9.842004e-01 1.067699e+02 1.037622e-01 9.945907e-01 4.762551e-03 -1.088138e+00 -9.788113e-01 1.029635e-01 -1.769940e-01 1.146494e+01
-1.814102e-01 1.350578e-02 9.833148e-01 1.087202e+02 1.021489e-01 9.947556e-01 5.182382e-03 -1.098948e+00 -9.780879e-01 1.013847e-01 -1.818385e-01 1.112743e+01
-1.868686e-01 1.342958e-02 9.822931e-01 1.106800e+02 1.005866e-01 9.949129e-01 5.533199e-03 -1.110699e+00 -9.772218e-01 9.983952e-02 -1.872688e-01 1.078336e+01
-1.918719e-01 1.264395e-02 9.813385e-01 1.126450e+02 9.829472e-02 9.951368e-01 6.396919e-03 -1.121943e+00 -9.764852e-01 9.768779e-02 -1.921817e-01 1.040442e+01
-1.970051e-01 1.243183e-02 9.803236e-01 1.146176e+02 9.786872e-02 9.951744e-01 7.047466e-03 -1.122659e+00 -9.755054e-01 9.733141e-02 -1.972711e-01 1.002295e+01
-2.027358e-01 1.239128e-02 9.791551e-01 1.166001e+02 9.736134e-02 9.952204e-01 7.564244e-03 -1.112240e+00 -9.743813e-01 9.686540e-02 -2.029732e-01 9.656125e+00
-2.074434e-01 1.391271e-02 9.781481e-01 1.185833e+02 9.809147e-02 9.951552e-01 6.648403e-03 -1.110910e+00 -9.733167e-01 9.732715e-02 -2.078031e-01 9.240736e+00
-2.133140e-01 1.544926e-02 9.768615e-01 1.205794e+02 9.742678e-02 9.952273e-01 5.535037e-03 -1.095091e+00 -9.721138e-01 9.635317e-02 -2.138011e-01 8.812325e+00
-2.197611e-01 1.518754e-02 9.754355e-01 1.225832e+02 9.754447e-02 9.952101e-01 6.480897e-03 -1.110331e+00 -9.706648e-01 9.657259e-02 -2.201900e-01 8.381190e+00
-2.251564e-01 1.615599e-02 9.741887e-01 1.245875e+02 9.786873e-02 9.951805e-01 6.115493e-03 -1.099308e+00 -9.693948e-01 9.671955e-02 -2.256525e-01 7.929958e+00
-2.300836e-01 1.614306e-02 9.730370e-01 1.265881e+02 9.713680e-02 9.952501e-01 6.457305e-03 -1.117746e+00 -9.683109e-01 9.600341e-02 -2.305588e-01 7.402720e+00
-2.347963e-01 1.706082e-02 9.718949e-01 1.285934e+02 9.677988e-02 9.952883e-01 5.909202e-03 -1.124362e+00 -9.672147e-01 9.544733e-02 -2.353411e-01 6.870293e+00
-2.366424e-01 1.609750e-02 9.714635e-01 1.306006e+02 9.790334e-02 9.951687e-01 7.358335e-03 -1.120902e+00 -9.666516e-01 9.685081e-02 -2.370751e-01 6.290723e+00
-2.407166e-01 1.599693e-02 9.704636e-01 1.326424e+02 9.934730e-02 9.950187e-01 8.240693e-03 -1.109170e+00 -9.654976e-01 9.839661e-02 -2.411068e-01 5.826124e+00
-2.438625e-01 1.659054e-02 9.696679e-01 1.346813e+02 1.009425e-01 9.948571e-01 8.364579e-03 -1.126200e+00 -9.645422e-01 9.992050e-02 -2.442830e-01 5.299712e+00
-2.470970e-01 1.704014e-02 9.688409e-01 1.367294e+02 1.006541e-01 9.948879e-01 8.172953e-03 -1.122262e+00 -9.637489e-01 9.953732e-02 -2.475489e-01 4.776399e+00
-2.495160e-01 1.704548e-02 9.682206e-01 1.387959e+02 1.002631e-01 9.949261e-01 8.322760e-03 -1.124022e+00 -9.631662e-01 9.915350e-02 -2.499591e-01 4.263217e+00
-2.535676e-01 1.788107e-02 9.671524e-01 1.408532e+02 9.961533e-02 9.949961e-01 7.721245e-03 -1.119119e+00 -9.621748e-01 9.830106e-02 -2.540799e-01 3.720483e+00
-2.586831e-01 1.815315e-02 9.657917e-01 1.429332e+02 9.718757e-02 9.952391e-01 7.324618e-03 -1.104481e+00 -9.610607e-01 9.575770e-02 -2.592158e-01 3.206938e+00
-2.641111e-01 1.747384e-02 9.643340e-01 1.450246e+02 9.511465e-02 9.954341e-01 8.012556e-03 -1.084114e+00 -9.597909e-01 9.383849e-02 -2.645672e-01 2.698867e+00
-2.693099e-01 1.852183e-02 9.628754e-01 1.471167e+02 9.550043e-02 9.954007e-01 7.563355e-03 -1.063333e+00 -9.583068e-01 9.399190e-02 -2.698401e-01 2.182555e+00
-2.743877e-01 1.857182e-02 9.614398e-01 1.491974e+02 9.363517e-02 9.955784e-01 7.491514e-03 -1.053434e+00 -9.570495e-01 9.208015e-02 -2.749135e-01 1.581407e+00
-2.793130e-01 1.868470e-02 9.600183e-01 1.513060e+02 9.308811e-02 9.956281e-01 7.705789e-03 -1.043665e+00 -9.556772e-01 9.151861e-02 -2.798311e-01 1.015386e+00
-2.842125e-01 1.752745e-02 9.586011e-01 1.534077e+02 9.293875e-02 9.956279e-01 9.350637e-03 -1.061532e+00 -9.542461e-01 9.174875e-02 -2.845989e-01 4.340133e-01
-2.888776e-01 1.805776e-02 9.571957e-01 1.555328e+02 9.375944e-02 9.955494e-01 9.514888e-03 -1.048080e+00 -9.527638e-01 9.249477e-02 -2.892850e-01 -1.114531e-01
-2.929291e-01 1.921913e-02 9.559410e-01 1.576466e+02 9.621310e-02 9.953157e-01 9.471830e-03 -1.076141e+00 -9.512810e-01 9.474862e-02 -2.934061e-01 -7.225960e-01
-2.968266e-01 2.032598e-02 9.547150e-01 1.597664e+02 9.600356e-02 9.953433e-01 8.657125e-03 -1.073081e+00 -9.500933e-01 9.422570e-02 -2.973958e-01 -1.332634e+00
-3.002604e-01 2.199538e-02 9.536037e-01 1.618921e+02 9.667952e-02 9.952874e-01 7.484555e-03 -1.081242e+00 -9.489451e-01 9.444126e-02 -3.009719e-01 -1.981228e+00
-3.030779e-01 2.396506e-02 9.526644e-01 1.640078e+02 9.878927e-02 9.950878e-01 6.396278e-03 -1.083065e+00 -9.478314e-01 9.605159e-02 -3.039567e-01 -2.679406e+00
-3.059028e-01 2.510058e-02 9.517318e-01 1.661355e+02 9.781844e-02 9.951907e-01 5.193765e-03 -1.052008e+00 -9.470243e-01 9.468571e-02 -3.068869e-01 -3.367598e+00
-3.095413e-01 2.491896e-02 9.505594e-01 1.682620e+02 9.802353e-02 9.951670e-01 5.832146e-03 -1.068011e+00 -9.458200e-01 9.498248e-02 -3.104880e-01 -4.088673e+00
-3.137613e-01 2.519298e-02 9.491676e-01 1.704344e+02 9.892504e-02 9.950750e-01 6.289660e-03 -1.094277e+00 -9.443345e-01 9.586990e-02 -3.147082e-01 -4.694205e+00
-3.176344e-01 2.599684e-02 9.478568e-01 1.726045e+02 1.019210e-01 9.947688e-01 6.871056e-03 -1.124160e+00 -9.427197e-01 9.878901e-02 -3.186224e-01 -5.334509e+00
-3.191154e-01 2.731201e-02 9.473222e-01 1.747514e+02 1.055845e-01 9.943864e-01 6.898322e-03 -1.114022e+00 -9.418160e-01 1.022239e-01 -3.202077e-01 -6.072310e+00
-3.209168e-01 2.792538e-02 9.466956e-01 1.769150e+02 1.072629e-01 9.942058e-01 7.033805e-03 -1.092651e+00 -9.410139e-01 1.038026e-01 -3.220527e-01 -6.793841e+00
-3.238650e-01 2.741262e-02 9.457061e-01 1.790988e+02 1.069499e-01 9.942338e-01 7.806637e-03 -1.098910e+00 -9.400389e-01 1.036715e-01 -3.249293e-01 -7.473659e+00
-3.262444e-01 2.781995e-02 9.448760e-01 1.812795e+02 1.056097e-01 9.943817e-01 7.187084e-03 -1.096818e+00 -9.393675e-01 1.021328e-01 -3.273495e-01 -8.186716e+00
-3.291849e-01 3.000587e-02 9.437886e-01 1.834833e+02 1.056526e-01 9.943893e-01 5.236055e-03 -1.109761e+00 -9.383362e-01 1.014374e-01 -3.305081e-01 -8.863236e+00
-3.321787e-01 3.219366e-02 9.426669e-01 1.856656e+02 1.056639e-01 9.943965e-01 3.273721e-03 -1.110772e+00 -9.372793e-01 1.006933e-01 -3.337190e-01 -9.635563e+00
-3.344172e-01 3.323005e-02 9.418391e-01 1.878537e+02 1.055745e-01 9.944085e-01 2.401359e-03 -1.134508e+00 -9.364930e-01 1.002373e-01 -3.360555e-01 -1.040390e+01
-3.383740e-01 3.491439e-02 9.403638e-01 1.900520e+02 1.053457e-01 9.944352e-01 9.848839e-04 -1.155440e+00 -9.350964e-01 9.939654e-02 -3.401691e-01 -1.115990e+01
-3.426055e-01 3.517766e-02 9.388205e-01 1.922548e+02 1.061683e-01 9.943471e-01 1.485948e-03 -1.174337e+00 -9.334612e-01 1.001821e-01 -3.444036e-01 -1.195678e+01
-3.451408e-01 3.426166e-02 9.379254e-01 1.944379e+02 1.061291e-01 9.943486e-01 2.730965e-03 -1.189874e+00 -9.325312e-01 1.004837e-01 -3.468264e-01 -1.282460e+01
-3.509283e-01 3.327648e-02 9.358109e-01 1.966593e+02 1.050574e-01 9.944580e-01 4.034511e-03 -1.184753e+00 -9.304903e-01 9.972964e-02 -3.524794e-01 -1.359917e+01
-3.548887e-01 3.283367e-02 9.343318e-01 1.988827e+02 1.048254e-01 9.944787e-01 4.868662e-03 -1.207730e+00 -9.290133e-01 9.966952e-02 -3.563710e-01 -1.441200e+01
-3.578143e-01 3.261460e-02 9.332230e-01 2.010528e+02 1.042687e-01 9.945355e-01 5.221119e-03 -1.223919e+00 -9.279531e-01 9.917417e-02 -3.592597e-01 -1.531699e+01
-3.608834e-01 3.279218e-02 9.320343e-01 2.032762e+02 1.029009e-01 9.946798e-01 4.846921e-03 -1.227701e+00 -9.269167e-01 9.765632e-02 -3.623378e-01 -1.616747e+01
-3.626961e-01 3.318876e-02 9.313163e-01 2.054626e+02 1.034562e-01 9.946222e-01 4.845698e-03 -1.248963e+00 -9.261471e-01 9.810796e-02 -3.641791e-01 -1.706575e+01
-3.664812e-01 3.388832e-02 9.298081e-01 2.076828e+02 1.040274e-01 9.945631e-01 4.753671e-03 -1.249138e+00 -9.245917e-01 9.846764e-02 -3.680139e-01 -1.791891e+01
-3.672835e-01 3.395775e-02 9.294890e-01 2.098821e+02 1.052858e-01 9.944280e-01 5.272991e-03 -1.250812e+00 -9.241308e-01 9.979866e-02 -3.688122e-01 -1.883746e+01
-3.692341e-01 3.326565e-02 9.287409e-01 2.120764e+02 1.055231e-01 9.943967e-01 6.334903e-03 -1.242322e+00 -9.233261e-01 1.003427e-01 -3.706755e-01 -1.977543e+01
-3.724416e-01 3.377392e-02 9.274409e-01 2.142902e+02 1.059945e-01 9.943464e-01 6.354879e-03 -1.248228e+00 -9.219829e-01 1.006704e-01 -3.739158e-01 -2.065812e+01
-3.745298e-01 3.456948e-02 9.265702e-01 2.164918e+02 1.062132e-01 9.943263e-01 5.835127e-03 -1.265335e+00 -9.211114e-01 1.005994e-01 -3.760765e-01 -2.159714e+01
-3.772662e-01 3.521847e-02 9.254350e-01 2.187275e+02 1.061794e-01 9.943321e-01 5.445068e-03 -1.268321e+00 -9.199979e-01 1.003164e-01 -3.788674e-01 -2.249419e+01
-3.791746e-01 3.678063e-02 9.245939e-01 2.209227e+02 1.062505e-01 9.943313e-01 4.018352e-03 -1.272893e+00 -9.192048e-01 9.976219e-02 -3.809331e-01 -2.342895e+01
-3.825107e-01 3.738815e-02 9.231943e-01 2.231293e+02 1.056765e-01 9.943944e-01 3.513709e-03 -1.295033e+00 -9.178878e-01 9.890400e-02 -3.843175e-01 -2.436909e+01
-3.846081e-01 3.706889e-02 9.223354e-01 2.253448e+02 1.026813e-01 9.947103e-01 2.839808e-03 -1.294876e+00 -9.173512e-01 9.579882e-02 -3.863799e-01 -2.529925e+01
-3.872345e-01 3.794941e-02 9.211999e-01 2.275476e+02 1.039624e-01 9.945775e-01 2.729246e-03 -1.332094e+00 -9.161011e-01 9.682698e-02 -3.890800e-01 -2.625497e+01
-3.899093e-01 3.790344e-02 9.200728e-01 2.297750e+02 1.054456e-01 9.944181e-01 3.719645e-03 -1.334334e+00 -9.147961e-01 9.846792e-02 -3.917297e-01 -2.716648e+01
-3.914752e-01 3.742785e-02 9.194272e-01 2.319653e+02 1.060812e-01 9.943464e-01 4.689757e-03 -1.310641e+00 -9.140536e-01 9.936982e-02 -3.932323e-01 -2.815845e+01
-3.940667e-01 3.675134e-02 9.183468e-01 2.341830e+02 1.055599e-01 9.943977e-01 5.501386e-03 -1.352888e+00 -9.129998e-01 9.910849e-02 -3.957385e-01 -2.908537e+01
-3.966239e-01 3.662111e-02 9.172505e-01 2.363750e+02 1.038548e-01 9.945789e-01 5.198937e-03 -1.378637e+00 -9.120875e-01 9.732292e-02 -3.982770e-01 -3.008903e+01
-4.009971e-01 3.523470e-02 9.154015e-01 2.386037e+02 1.017171e-01 9.947936e-01 6.267183e-03 -1.420579e+00 -9.104147e-01 9.562507e-02 -4.024933e-01 -3.099897e+01
-4.037191e-01 3.466458e-02 9.142260e-01 2.408042e+02 1.007740e-01 9.948863e-01 6.778478e-03 -1.426900e+00 -9.093159e-01 9.486679e-02 -4.051479e-01 -3.197907e+01
-4.078291e-01 3.524880e-02 9.123776e-01 2.430311e+02 1.001524e-01 9.949520e-01 6.328756e-03 -1.406068e+00 -9.075488e-01 9.395790e-02 -4.093006e-01 -3.289011e+01
-4.099550e-01 3.604862e-02 9.113931e-01 2.451765e+02 9.996645e-02 9.949750e-01 5.611486e-03 -1.335842e+00 -9.066111e-01 9.340919e-02 -4.114986e-01 -3.397143e+01
-4.132195e-01 3.438343e-02 9.099821e-01 2.473390e+02 9.803457e-02 9.951590e-01 6.915321e-03 -1.367062e+00 -9.053391e-01 9.206725e-02 -4.145899e-01 -3.502168e+01
-4.149910e-01 3.474494e-02 9.091618e-01 2.494923e+02 9.716848e-02 9.952479e-01 6.318150e-03 -1.345102e+00 -9.046219e-01 9.096385e-02 -4.163950e-01 -3.608580e+01
-4.196976e-01 3.538235e-02 9.069741e-01 2.516932e+02 9.714229e-02 9.952517e-01 6.125911e-03 -1.370806e+00 -9.024507e-01 9.067657e-02 -4.211418e-01 -3.705732e+01
-4.217318e-01 3.636384e-02 9.059912e-01 2.538166e+02 9.754837e-02 9.952158e-01 5.462941e-03 -1.350107e+00 -9.014581e-01 9.068186e-02 -4.232613e-01 -3.817118e+01
-4.250399e-01 3.602470e-02 9.044574e-01 2.559834e+02 9.708102e-02 9.952585e-01 5.980846e-03 -1.360489e+00 -8.999535e-01 9.034775e-02 -4.265219e-01 -3.921939e+01
-4.283020e-01 3.715940e-02 9.028713e-01 2.581636e+02 9.624124e-02 9.953470e-01 4.689294e-03 -1.333383e+00 -8.984960e-01 8.890189e-02 -4.298854e-01 -4.025013e+01
-4.326998e-01 3.760486e-02 9.007535e-01 2.603472e+02 9.677313e-02 9.952942e-01 4.935657e-03 -1.337712e+00 -8.963291e-01 8.930439e-02 -4.343027e-01 -4.127679e+01
-4.340165e-01 3.809048e-02 9.000993e-01 2.624419e+02 9.717101e-02 9.952564e-01 4.737276e-03 -1.341672e+00 -8.956492e-01 8.951962e-02 -4.356590e-01 -4.248402e+01
-4.380083e-01 3.914194e-02 8.981184e-01 2.646309e+02 9.867657e-02 9.951082e-01 4.755151e-03 -1.377223e+00 -8.935389e-01 9.070603e-02 -4.397280e-01 -4.350316e+01
-4.389618e-01 4.131179e-02 8.975555e-01 2.667845e+02 1.014891e-01 9.948292e-01 3.845624e-03 -1.385830e+00 -8.927556e-01 9.278019e-02 -4.408847e-01 -4.464598e+01
-4.414912e-01 4.177953e-02 8.962924e-01 2.689391e+02 1.020302e-01 9.947737e-01 3.887428e-03 -1.390079e+00 -8.914457e-01 9.316519e-02 -4.434466e-01 -4.573873e+01
-4.444546e-01 4.404278e-02 8.947180e-01 2.711123e+02 1.027811e-01 9.947018e-01 2.092406e-03 -1.370717e+00 -8.898855e-01 9.289009e-02 -4.466266e-01 -4.684449e+01
-4.470149e-01 4.643992e-02 8.933202e-01 2.733072e+02 1.040278e-01 9.945743e-01 3.515325e-04 -1.380929e+00 -8.884570e-01 9.308731e-02 -4.494206e-01 -4.793970e+01
-4.503510e-01 4.752745e-02 8.915857e-01 2.754897e+02 1.043365e-01 9.945420e-01 -3.140654e-04 -1.354076e+00 -8.867344e-01 9.288347e-02 -4.528518e-01 -4.906228e+01
-4.546484e-01 4.894518e-02 8.893251e-01 2.777157e+02 1.045454e-01 9.945193e-01 -1.288085e-03 -1.372111e+00 -8.845140e-01 9.238922e-02 -4.572736e-01 -5.014681e+01
-4.576651e-01 4.887443e-02 8.877804e-01 2.799206e+02 1.041037e-01 9.945659e-01 -1.086091e-03 -1.386803e+00 -8.830091e-01 9.192416e-02 -4.602661e-01 -5.128223e+01
-4.620096e-01 5.016221e-02 8.854552e-01 2.821707e+02 1.050781e-01 9.944628e-01 -1.510390e-03 -1.392063e+00 -8.806281e-01 9.234411e-02 -4.647223e-01 -5.238537e+01
-4.653665e-01 5.154133e-02 8.836162e-01 2.843853e+02 1.046976e-01 9.945000e-01 -2.868983e-03 -1.376930e+00 -8.789041e-01 9.117738e-02 -4.682032e-01 -5.352377e+01
-4.687228e-01 5.136850e-02 8.818504e-01 2.866274e+02 1.032012e-01 9.946557e-01 -3.085798e-03 -1.421856e+00 -8.772961e-01 8.956165e-02 -4.715191e-01 -5.465093e+01
-4.696103e-01 5.219760e-02 8.813295e-01 2.887741e+02 1.025846e-01 9.947152e-01 -4.251489e-03 -1.352951e+00 -8.768937e-01 8.841430e-02 -4.724831e-01 -5.599005e+01
-4.723730e-01 5.197225e-02 8.798651e-01 2.910230e+02 1.039356e-01 9.945797e-01 -2.948362e-03 -1.390806e+00 -8.752492e-01 9.005660e-02 -4.752143e-01 -5.716509e+01
-4.744595e-01 5.233948e-02 8.787199e-01 2.932738e+02 1.052433e-01 9.944436e-01 -2.406870e-03 -1.402145e+00 -8.739634e-01 9.133743e-02 -4.773316e-01 -5.836988e+01
-4.761357e-01 5.224425e-02 8.778185e-01 2.955213e+02 1.052086e-01 9.944479e-01 -2.119573e-03 -1.419254e+00 -8.730555e-01 9.134487e-02 -4.789887e-01 -5.959043e+01
-4.778401e-01 5.187391e-02 8.769139e-01 2.977562e+02 1.034130e-01 9.946354e-01 -2.486843e-03 -1.388938e+00 -8.723386e-01 8.949599e-02 -4.806411e-01 -6.087354e+01
-4.808700e-01 5.112183e-02 8.753003e-01 2.999511e+02 1.003983e-01 9.949429e-01 -2.953033e-03 -1.317167e+00 -8.710248e-01 8.645859e-02 -4.835708e-01 -6.221884e+01
-4.835277e-01 5.109504e-02 8.738365e-01 3.022257e+02 1.019808e-01 9.947849e-01 -1.737219e-03 -1.367672e+00 -8.693681e-01 8.827453e-02 -4.862167e-01 -6.346321e+01
-4.850369e-01 5.285343e-02 8.728950e-01 3.044863e+02 1.015659e-01 9.948216e-01 -3.799446e-03 -1.357106e+00 -8.685756e-01 8.681352e-02 -4.878932e-01 -6.475013e+01
-4.877289e-01 5.518733e-02 8.712490e-01 3.067730e+02 1.007632e-01 9.948885e-01 -6.611323e-03 -1.381573e+00 -8.671605e-01 8.456532e-02 -4.907967e-01 -6.601775e+01
-4.921191e-01 5.520724e-02 8.687755e-01 3.091002e+02 9.948378e-02 9.950154e-01 -6.876560e-03 -1.394206e+00 -8.648247e-01 8.304499e-02 -4.951583e-01 -6.724000e+01
-4.970085e-01 5.394016e-02 8.660675e-01 3.113993e+02 9.764870e-02 9.952032e-01 -5.945479e-03 -1.423814e+00 -8.622339e-01 8.161541e-02 -4.998917e-01 -6.853797e+01
-5.028166e-01 4.997725e-02 8.629471e-01 3.136721e+02 9.062705e-02 9.958730e-01 -4.869594e-03 -1.386336e+00 -8.596291e-01 7.575784e-02 -5.052708e-01 -6.990200e+01
-5.077526e-01 4.590284e-02 8.602791e-01 3.159321e+02 8.349352e-02 9.965007e-01 -3.891950e-03 -1.332646e+00 -8.574474e-01 6.985158e-02 -5.098085e-01 -7.130024e+01
-5.119442e-01 4.695385e-02 8.577345e-01 3.182554e+02 8.479662e-02 9.963905e-01 -3.932727e-03 -1.353331e+00 -8.548232e-01 7.071965e-02 -5.140778e-01 -7.260506e+01
-5.139758e-01 4.845900e-02 8.564348e-01 3.204964e+02 8.736552e-02 9.961686e-01 -3.934411e-03 -1.375771e+00 -8.533441e-01 7.280068e-02 -5.162402e-01 -7.407274e+01
-5.181895e-01 5.007154e-02 8.537989e-01 3.228099e+02 8.913191e-02 9.960105e-01 -4.315497e-03 -1.394564e+00 -8.506087e-01 7.386448e-02 -5.205851e-01 -7.544995e+01
-5.220567e-01 4.951905e-02 8.514721e-01 3.251080e+02 8.814619e-02 9.961000e-01 -3.885768e-03 -1.401590e+00 -8.483437e-01 7.302543e-02 -5.243855e-01 -7.684811e+01
-5.265003e-01 4.827553e-02 8.488032e-01 3.273904e+02 8.766643e-02 9.961473e-01 -2.277482e-03 -1.416727e+00 -8.456430e-01 7.321245e-02 -5.287040e-01 -7.827825e+01
-5.327383e-01 4.571373e-02 8.450445e-01 3.297281e+02 8.415647e-02 9.964522e-01 -8.498660e-04 -1.419515e+00 -8.420853e-01 7.066320e-02 -5.346954e-01 -7.961311e+01
-5.379543e-01 4.430384e-02 8.418090e-01 3.320429e+02 8.239463e-02 9.965998e-01 2.035441e-04 -1.455930e+00 -8.389376e-01 6.947004e-02 -5.397755e-01 -8.100055e+01
-5.418163e-01 4.504497e-02 8.392890e-01 3.343299e+02 8.373621e-02 9.964878e-01 5.753444e-04 -1.470142e+00 -8.363153e-01 7.059061e-02 -5.436852e-01 -8.243934e+01
-5.425968e-01 4.710576e-02 8.386714e-01 3.365549e+02 8.756398e-02 9.961587e-01 7.000671e-04 -1.486161e+00 -8.354168e-01 7.381726e-02 -5.446372e-01 -8.397329e+01
-5.452159e-01 4.793645e-02 8.369239e-01 3.387970e+02 9.030280e-02 9.959128e-01 1.785119e-03 -1.516464e+00 -8.334177e-01 7.654985e-02 -5.473163e-01 -8.548644e+01
-5.482024e-01 4.783679e-02 8.349765e-01 3.410526e+02 8.999185e-02 9.959404e-01 2.025392e-03 -1.537963e+00 -8.314900e-01 7.625140e-02 -5.502818e-01 -8.697869e+01
-5.494844e-01 4.725681e-02 8.341665e-01 3.432836e+02 9.022465e-02 9.959169e-01 3.012800e-03 -1.549351e+00 -8.306181e-01 7.691786e-02 -5.515045e-01 -8.852714e+01
-5.516943e-01 4.636427e-02 8.327567e-01 3.455351e+02 9.070688e-02 9.958668e-01 4.647020e-03 -1.566550e+00 -8.290993e-01 7.810050e-02 -5.536196e-01 -9.004454e+01
-5.537624e-01 4.560395e-02 8.314250e-01 3.477835e+02 8.895465e-02 9.960250e-01 4.615039e-03 -1.581391e+00 -8.279096e-01 7.651475e-02 -5.556178e-01 -9.156808e+01
-5.546182e-01 4.410268e-02 8.309354e-01 3.500155e+02 8.445393e-02 9.964213e-01 3.483828e-03 -1.598706e+00 -8.278081e-01 7.210796e-02 -5.563580e-01 -9.312259e+01
-5.575522e-01 4.378633e-02 8.289863e-01 3.522671e+02 8.231985e-02 9.966022e-01 2.726292e-03 -1.638774e+00 -8.260503e-01 6.976208e-02 -5.592622e-01 -9.464009e+01
-5.600788e-01 4.173535e-02 8.273874e-01 3.545337e+02 8.068319e-02 9.967304e-01 4.339031e-03 -1.642024e+00 -8.245010e-01 6.918645e-02 -5.616149e-01 -9.615972e+01
-5.625359e-01 4.025924e-02 8.257921e-01 3.567714e+02 8.045712e-02 9.967387e-01 6.214724e-03 -1.671023e+00 -8.228487e-01 6.993685e-02 -5.639404e-01 -9.770528e+01
-5.640402e-01 4.098756e-02 8.247295e-01 3.589863e+02 8.103193e-02 9.966941e-01 5.884596e-03 -1.680363e+00 -8.217618e-01 7.014857e-02 -5.654968e-01 -9.928369e+01
-5.665750e-01 3.983256e-02 8.230469e-01 3.612065e+02 7.889553e-02 9.968644e-01 6.065964e-03 -1.687218e+00 -8.202245e-01 6.837154e-02 -5.679411e-01 -1.008746e+02
-5.694624e-01 3.597756e-02 8.212297e-01 3.634263e+02 7.683526e-02 9.969976e-01 9.601761e-03 -1.703207e+00 -8.184185e-01 6.856724e-02 -5.705170e-01 -1.024480e+02
-5.712838e-01 3.411315e-02 8.200434e-01 3.656498e+02 7.517926e-02 9.971105e-01 1.089468e-02 -1.702670e+00 -8.173022e-01 6.787421e-02 -5.721976e-01 -1.040175e+02
-5.734979e-01 3.398028e-02 8.185020e-01 3.678699e+02 7.546797e-02 9.970821e-01 1.148390e-02 -1.694010e+00 -8.157235e-01 6.835667e-02 -5.743889e-01 -1.055879e+02
-5.734901e-01 3.537208e-02 8.184485e-01 3.700847e+02 7.665285e-02 9.970013e-01 1.062210e-02 -1.694026e+00 -8.156184e-01 6.882808e-02 -5.744818e-01 -1.071685e+02
-5.750073e-01 3.516921e-02 8.173920e-01 3.722497e+02 7.726316e-02 9.969449e-01 1.145732e-02 -1.670604e+00 -8.144919e-01 6.974234e-02 -5.759679e-01 -1.088036e+02
-5.762080e-01 3.453057e-02 8.165733e-01 3.744583e+02 7.679943e-02 9.969739e-01 1.203366e-02 -1.663504e+00 -8.136868e-01 6.964626e-02 -5.771163e-01 -1.103871e+02
-5.769647e-01 3.417538e-02 8.160538e-01 3.766338e+02 7.435871e-02 9.971729e-01 1.081249e-02 -1.646084e+00 -8.133773e-01 6.691913e-02 -5.778748e-01 -1.120204e+02
-5.826436e-01 3.064676e-02 8.121498e-01 3.788594e+02 6.395868e-02 9.979186e-01 8.227722e-03 -1.653155e+00 -8.102072e-01 5.673786e-02 -5.833910e-01 -1.135339e+02
-5.856799e-01 3.157591e-02 8.099271e-01 3.810343e+02 5.308897e-02 9.985896e-01 -5.410812e-04 -1.639325e+00 -8.088019e-01 4.268129e-02 -5.865302e-01 -1.151430e+02
-6.000038e-01 3.725316e-02 7.991293e-01 3.837195e+02 5.827516e-02 9.982967e-01 -2.783513e-03 -1.930412e+00 -7.978718e-01 4.489927e-02 -6.011527e-01 -1.153353e+02
-6.196602e-01 3.132038e-02 7.842450e-01 3.864009e+02 5.961405e-02 9.981953e-01 7.238304e-03 -2.343069e+00 -7.826029e-01 5.123731e-02 -6.204090e-01 -1.152287e+02
-6.218660e-01 2.155892e-02 7.828269e-01 3.885326e+02 5.702337e-02 9.982140e-01 1.780787e-02 -2.319771e+00 -7.810448e-01 5.571354e-02 -6.219847e-01 -1.169103e+02
-6.241770e-01 1.133090e-02 7.812008e-01 3.906602e+02 5.126578e-02 9.983339e-01 2.648090e-02 -2.292851e+00 -7.795992e-01 5.657764e-02 -6.237179e-01 -1.185868e+02
-6.260068e-01 5.891405e-03 7.797953e-01 3.927200e+02 4.638751e-02 9.984820e-01 2.969553e-02 -2.241466e+00 -7.784367e-01 5.476237e-02 -6.253299e-01 -1.203315e+02
-6.155288e-01 8.860985e-03 7.880646e-01 3.915710e+02 4.731911e-02 9.985483e-01 2.573159e-02 -1.634472e+00 -7.866926e-01 5.312905e-02 -6.150546e-01 -1.226902e+02
-6.218722e-01 1.483240e-02 7.829783e-01 3.937151e+02 5.417861e-02 9.982399e-01 2.412056e-02 -1.610872e+00 -7.812424e-01 5.742058e-02 -6.215812e-01 -1.243226e+02
-6.259245e-01 2.170869e-02 7.795814e-01 3.958739e+02 5.923104e-02 9.980486e-01 1.976423e-02 -1.599774e+00 -7.776311e-01 5.854634e-02 -6.259890e-01 -1.259389e+02
-6.294281e-01 2.386111e-02 7.766923e-01 3.980642e+02 5.958029e-02 9.980680e-01 1.762152e-02 -1.603672e+00 -7.747712e-01 5.736704e-02 -6.296337e-01 -1.275126e+02
-6.367465e-01 2.382130e-02 7.707051e-01 4.002066e+02 5.921366e-02 9.980817e-01 1.807240e-02 -1.576896e+00 -7.687962e-01 5.714381e-02 -6.369356e-01 -1.291458e+02
-6.419180e-01 2.302033e-02 7.664276e-01 4.022982e+02 5.934931e-02 9.980423e-01 1.973068e-02 -1.545450e+00 -7.644730e-01 5.815243e-02 -6.420276e-01 -1.308294e+02
-6.459899e-01 2.228653e-02 7.630206e-01 4.043606e+02 5.929057e-02 9.980189e-01 2.104626e-02 -1.511883e+00 -7.610399e-01 5.883559e-02 -6.460315e-01 -1.325701e+02
-6.502075e-01 2.243628e-02 7.594254e-01 4.063940e+02 5.924147e-02 9.980178e-01 2.123638e-02 -1.454040e+00 -7.574435e-01 5.879753e-02 -6.502478e-01 -1.343320e+02
-6.533773e-01 2.187292e-02 7.567164e-01 4.084863e+02 5.853502e-02 9.980496e-01 2.169267e-02 -1.432751e+00 -7.547660e-01 5.846791e-02 -6.533833e-01 -1.360292e+02
-6.556009e-01 2.144671e-02 7.548030e-01 4.105789e+02 5.750025e-02 9.981122e-01 2.158311e-02 -1.420296e+00 -7.529152e-01 5.755127e-02 -6.555964e-01 -1.377268e+02
-6.579879e-01 2.021651e-02 7.527571e-01 4.126434e+02 5.748777e-02 9.980709e-01 2.344548e-02 -1.390883e+00 -7.508309e-01 5.870117e-02 -6.578808e-01 -1.394423e+02
-6.613025e-01 1.903039e-02 7.498779e-01 4.147584e+02 5.808405e-02 9.979758e-01 2.589657e-02 -1.376892e+00 -7.478671e-01 6.068141e-02 -6.610693e-01 -1.411172e+02
-6.630094e-01 1.834300e-02 7.483863e-01 4.169211e+02 5.922007e-02 9.978520e-01 2.800675e-02 -1.390016e+00 -7.462650e-01 6.288823e-02 -6.626715e-01 -1.427107e+02
-6.647773e-01 1.874006e-02 7.468065e-01 4.189467e+02 5.815332e-02 9.979499e-01 2.672361e-02 -1.353344e+00 -7.447747e-01 6.119453e-02 -6.645042e-01 -1.444705e+02
-6.687106e-01 1.903713e-02 7.432790e-01 4.210407e+02 5.444700e-02 9.982420e-01 2.341735e-02 -1.343012e+00 -7.415266e-01 5.612874e-02 -6.685716e-01 -1.461488e+02
-6.737837e-01 1.830294e-02 7.387019e-01 4.231085e+02 5.112078e-02 9.984526e-01 2.188939e-02 -1.298024e+00 -7.371582e-01 5.251173e-02 -6.736767e-01 -1.478598e+02
-6.776551e-01 1.715935e-02 7.351797e-01 4.252052e+02 4.900648e-02 9.985591e-01 2.186521e-02 -1.279493e+00 -7.337452e-01 5.084564e-02 -6.775196e-01 -1.495414e+02
-6.791089e-01 1.568781e-02 7.338699e-01 4.271653e+02 4.658124e-02 9.986775e-01 2.175681e-02 -1.251041e+00 -7.325580e-01 4.895981e-02 -6.789416e-01 -1.513701e+02
-6.804270e-01 1.428970e-02 7.326765e-01 4.291844e+02 4.353141e-02 9.988325e-01 2.094639e-02 -1.244581e+00 -7.315218e-01 4.614693e-02 -6.802546e-01 -1.531378e+02
-6.832149e-01 1.414274e-02 7.300804e-01 4.311846e+02 4.307714e-02 9.988518e-01 2.096267e-02 -1.219102e+00 -7.289457e-01 4.577179e-02 -6.830396e-01 -1.549130e+02
-6.836727e-01 1.247444e-02 7.296821e-01 4.331399e+02 4.347114e-02 9.987746e-01 2.365534e-02 -1.192357e+00 -7.284929e-01 4.789262e-02 -6.833772e-01 -1.567458e+02
-6.821183e-01 1.143258e-02 7.311525e-01 4.350956e+02 4.570090e-02 9.985896e-01 2.702168e-02 -1.147831e+00 -7.298123e-01 5.184631e-02 -6.816787e-01 -1.585660e+02
-6.815719e-01 1.058635e-02 7.316746e-01 4.370749e+02 5.025535e-02 9.982117e-01 3.237124e-02 -1.078700e+00 -7.300234e-01 5.883390e-02 -6.808850e-01 -1.603634e+02
-6.785332e-01 9.980702e-03 7.345019e-01 4.390962e+02 5.393609e-02 9.978856e-01 3.626653e-02 -1.044048e+00 -7.325869e-01 6.422421e-02 -6.776369e-01 -1.621102e+02
-6.756832e-01 7.499906e-03 7.371539e-01 4.410619e+02 4.828902e-02 9.982509e-01 3.410590e-02 -9.820616e-01 -7.356088e-01 5.864123e-02 -6.748636e-01 -1.639037e+02
-6.758894e-01 5.894768e-03 7.369795e-01 4.430756e+02 4.043344e-02 9.987586e-01 2.909319e-02 -9.416613e-01 -7.358931e-01 4.946240e-02 -6.752887e-01 -1.656708e+02
