1.000000e+00 0.000000e+00 0.000000e+00 0.000000e+00 0.000000e+00 1.000000e+00 0.000000e+00 0.000000e+00 0.000000e+00 0.000000e+00 1.000000e+00 0.000000e+00
9.999987e-01 -1.039605e-03 -1.243947e-03 -4.670235e-03 1.043051e-03 9.999956e-01 2.772796e-03 -2.646189e-02 1.241059e-03 -2.774090e-03 9.999954e-01 1.523486e+00
9.999971e-01 -1.381456e-03 -1.985424e-03 -3.647950e-02 1.388394e-03 9.999929e-01 3.497428e-03 -3.471921e-02 1.980578e-03 -3.500174e-03 9.999919e-01 3.037300e+00
9.999945e-01 8.883590e-04 -3.205207e-03 -4.920354e-02 -8.776876e-04 9.999941e-01 3.329267e-03 -5.574623e-02 3.208145e-03 -3.326435e-03 9.999893e-01 4.550396e+00
9.999863e-01 1.522623e-03 -5.006772e-03 -5.240863e-02 -1.504984e-03 9.999927e-01 3.525043e-03 -7.546081e-02 5.012102e-03 -3.517460e-03 9.999813e-01 6.086337e+00
9.999739e-01 2.032391e-03 -6.937890e-03 -4.941490e-02 -2.005032e-03 9.999902e-01 3.948084e-03 -1.034213e-01 6.945846e-03 -3.934070e-03 9.999681e-01 7.570105e+00
9.999671e-01 1.949593e-03 -7.869197e-03 -9.032161e-02 -1.916019e-03 9.999890e-01 4.271820e-03 -1.170529e-01 7.877439e-03 -4.256602e-03 9.999599e-01 9.069918e+00
9.999572e-01 3.712652e-04 -9.241371e-03 -1.143929e-01 -3.379335e-04 9.999934e-01 3.608091e-03 -1.379567e-01 9.242650e-03 -3.604814e-03 9.999508e-01 1.056464e+01
9.999394e-01 2.355539e-05 -1.100757e-02 -1.311005e-01 1.818932e-05 9.999928e-01 3.792248e-03 -1.528734e-01 1.100758e-02 -3.792218e-03 9.999322e-01 1.205784e+01
9.999385e-01 4.893851e-04 -1.108103e-02 -1.754292e-01 -4.453331e-04 9.999920e-01 3.977558e-03 -1.736031e-01 1.108289e-02 -3.972378e-03 9.999307e-01 1.354595e+01
9.999347e-01 1.059170e-03 -1.137672e-02 -2.175631e-01 -1.012499e-03 9.999911e-01 4.107300e-03 -1.916077e-01 1.138097e-02 -4.095513e-03 9.999268e-01 1.503021e+01
9.999250e-01 2.905759e-03 -1.190093e-02 -2.384558e-01 -2.848516e-03 9.999843e-01 4.824109e-03 -2.119851e-01 1.191476e-02 -4.789847e-03 9.999175e-01 1.651291e+01
9.999088e-01 4.441095e-03 -1.275797e-02 -2.570836e-01 -4.371553e-03 9.999755e-01 5.473580e-03 -2.235451e-01 1.278196e-02 -5.417309e-03 9.999036e-01 1.798692e+01
9.998960e-01 5.554534e-03 -1.330663e-02 -2.886360e-01 -5.472302e-03 9.999658e-01 6.208215e-03 -2.321656e-01 1.334066e-02 -6.134752e-03 9.998922e-01 1.946029e+01
9.998918e-01 5.710255e-03 -1.355449e-02 -3.249387e-01 -5.627779e-03 9.999655e-01 6.115087e-03 -2.426800e-01 1.358894e-02 -6.038144e-03 9.998894e-01 2.092213e+01
9.998859e-01 5.955970e-03 -1.388026e-02 -3.434234e-01 -5.867206e-03 9.999621e-01 6.426932e-03 -2.528213e-01 1.391801e-02 -6.344761e-03 9.998830e-01 2.237941e+01
9.998789e-01 6.787996e-03 -1.400226e-02 -3.671732e-01 -6.688643e-03 9.999522e-01 7.130209e-03 -2.675163e-01 1.404999e-02 -7.035689e-03 9.998765e-01 2.383183e+01
9.998664e-01 8.425497e-03 -1.400819e-02 -3.941459e-01 -8.310491e-03 9.999315e-01 8.247972e-03 -2.749133e-01 1.407672e-02 -8.130455e-03 9.998679e-01 2.527295e+01
9.998577e-01 8.527076e-03 -1.455331e-02 -4.126560e-01 -8.422541e-03 9.999384e-01 7.229135e-03 -2.915078e-01 1.461406e-02 -7.105531e-03 9.998680e-01 2.670627e+01
9.998633e-01 9.541801e-03 -1.350649e-02 -4.557683e-01 -9.477102e-03 9.999433e-01 4.846160e-03 -2.893388e-01 1.355197e-02 -4.717495e-03 9.998970e-01 2.813157e+01
9.998808e-01 7.159406e-03 -1.367979e-02 -4.656133e-01 -7.097513e-03 9.999644e-01 4.567594e-03 -2.958311e-01 1.371200e-02 -4.469957e-03 9.998960e-01 2.955339e+01
9.998807e-01 5.917456e-03 -1.426845e-02 -4.796502e-01 -5.813384e-03 9.999563e-01 7.324329e-03 -3.041579e-01 1.431116e-02 -7.240507e-03 9.998714e-01 3.096498e+01
9.998985e-01 4.143498e-03 -1.363314e-02 -5.108497e-01 -4.026832e-03 9.999551e-01 8.573904e-03 -3.201796e-01 1.366806e-02 -8.518135e-03 9.998703e-01 3.235936e+01
9.999027e-01 3.420461e-03 -1.352356e-02 -5.267724e-01 -3.315052e-03 9.999640e-01 7.809263e-03 -3.290470e-01 1.354978e-02 -7.763672e-03 9.998781e-01 3.374375e+01
9.999064e-01 3.883531e-03 -1.311594e-02 -5.423768e-01 -3.801399e-03 9.999730e-01 6.281188e-03 -3.542284e-01 1.313998e-02 -6.230742e-03 9.998943e-01 3.511166e+01
9.999130e-01 6.022683e-03 -1.173591e-02 -5.957948e-01 -5.961480e-03 9.999685e-01 5.243041e-03 -3.548717e-01 1.176712e-02 -5.172621e-03 9.999174e-01 3.646733e+01
9.999204e-01 6.460718e-03 -1.083750e-02 -6.221558e-01 -6.413491e-03 9.999698e-01 4.386913e-03 -3.708188e-01 1.086551e-02 -4.317057e-03 9.999316e-01 3.780163e+01
9.999351e-01 7.272313e-03 -8.766071e-03 -6.485897e-01 -7.221287e-03 9.999569e-01 5.838514e-03 -3.950220e-01 8.808152e-03 -5.774833e-03 9.999445e-01 3.912534e+01
9.999398e-01 8.108556e-03 -7.393415e-03 -6.678149e-01 -8.052016e-03 9.999384e-01 7.645269e-03 -4.087037e-01 7.454951e-03 -7.585277e-03 9.999434e-01 4.042861e+01
9.999456e-01 8.322514e-03 -6.284445e-03 -6.738866e-01 -8.266476e-03 9.999263e-01 8.890907e-03 -4.195856e-01 6.357977e-03 -8.838473e-03 9.999407e-01 4.171114e+01
9.999508e-01 9.146337e-03 -3.827056e-03 -6.997347e-01 -9.110481e-03 9.999154e-01 9.283882e-03 -4.127017e-01 3.911646e-03 -9.248559e-03 9.999496e-01 4.297438e+01
9.999596e-01 8.974427e-03 -4.054274e-04 -7.007926e-01 -8.970609e-03 9.999228e-01 8.601969e-03 -4.190112e-01 4.825939e-04 -8.597985e-03 9.999629e-01 4.421574e+01
9.999638e-01 7.937950e-03 3.069568e-03 -7.007766e-01 -7.959317e-03 9.999437e-01 7.012570e-03 -4.353207e-01 -3.013730e-03 -7.036747e-03 9.999707e-01 4.544911e+01
9.999500e-01 7.879104e-03 6.154419e-03 -6.748976e-01 -7.912004e-03 9.999544e-01 5.339828e-03 -4.542804e-01 -6.112066e-03 -5.388255e-03 9.999668e-01 4.666902e+01
9.999152e-01 7.873637e-03 1.037669e-02 -6.645823e-01 -7.936236e-03 9.999505e-01 6.005289e-03 -4.684189e-01 -1.032889e-02 -6.087131e-03 9.999281e-01 4.787864e+01
9.998207e-01 8.077844e-03 1.712731e-02 -6.727202e-01 -8.173326e-03 9.999514e-01 5.512153e-03 -4.786463e-01 -1.708195e-02 -5.651152e-03 9.998381e-01 4.907677e+01
9.996890e-01 9.483260e-03 2.306566e-02 -6.285422e-01 -9.597172e-03 9.999423e-01 4.832916e-03 -4.883451e-01 -2.301850e-02 -5.052778e-03 9.997223e-01 5.026179e+01
9.994753e-01 1.105398e-02 3.044678e-02 -5.911957e-01 -1.120531e-02 9.999257e-01 4.804030e-03 -5.040270e-01 -3.039141e-02 -5.142675e-03 9.995248e-01 5.143902e+01
9.991622e-01 1.242964e-02 3.899361e-02 -5.657672e-01 -1.266622e-02 9.999028e-01 5.826076e-03 -5.129532e-01 -3.891740e-02 -6.315097e-03 9.992225e-01 5.260353e+01
9.986606e-01 1.476824e-02 4.958784e-02 -5.244144e-01 -1.510050e-02 9.998659e-01 6.332443e-03 -5.254334e-01 -4.948767e-02 -7.072762e-03 9.987497e-01 5.375194e+01
9.978747e-01 1.777507e-02 6.269027e-02 -4.827327e-01 -1.819951e-02 9.998151e-01 6.205969e-03 -5.385647e-01 -6.256837e-02 -7.333712e-03 9.980137e-01 5.488419e+01
9.968796e-01 1.902516e-02 7.660996e-02 -3.949692e-01 -1.956895e-02 9.997883e-01 6.353647e-03 -5.476883e-01 -7.647286e-02 -7.832998e-03 9.970409e-01 5.600263e+01
9.954582e-01 2.189895e-02 9.264645e-02 -2.995957e-01 -2.269650e-02 9.997138e-01 7.563464e-03 -5.547577e-01 -9.245430e-02 -9.631862e-03 9.956703e-01 5.711277e+01
9.936904e-01 2.201726e-02 1.099760e-01 -1.896908e-01 -2.305127e-02 9.997012e-01 8.139377e-03 -5.628718e-01 -1.097639e-01 -1.062311e-02 9.939009e-01 5.820608e+01
9.915996e-01 2.148945e-02 1.275481e-01 -4.353385e-02 -2.256805e-02 9.997207e-01 7.017151e-03 -5.730606e-01 -1.273616e-01 -9.836715e-03 9.918076e-01 5.928192e+01
9.887678e-01 2.121997e-02 1.479460e-01 1.051484e-01 -2.226387e-02 9.997375e-01 5.403309e-03 -5.745417e-01 -1.477925e-01 -8.636468e-03 9.889807e-01 6.034647e+01
9.855458e-01 1.846174e-02 1.684005e-01 2.841513e-01 -1.965727e-02 9.997920e-01 5.434922e-03 -5.908069e-01 -1.682651e-01 -8.666659e-03 9.857037e-01 6.139501e+01
9.815890e-01 1.348938e-02 1.905285e-01 4.719630e-01 -1.522288e-02 9.998550e-01 7.637646e-03 -6.120993e-01 -1.903979e-01 -1.039742e-02 9.816519e-01 6.243025e+01
9.768820e-01 8.525671e-03 2.136094e-01 6.866709e-01 -1.057058e-02 9.999086e-01 8.432781e-03 -6.088933e-01 -2.135179e-01 -1.049581e-02 9.768828e-01 6.344759e+01
9.714026e-01 3.488855e-03 2.374126e-01 9.321365e-01 -5.430097e-03 9.999570e-01 7.523214e-03 -6.153656e-01 -2.373761e-01 -8.597244e-03 9.713798e-01 6.444143e+01
9.650772e-01 -2.740790e-03 2.619512e-01 1.208637e+00 1.201422e-03 9.999811e-01 6.036517e-03 -6.324101e-01 -2.619628e-01 -5.510991e-03 9.650622e-01 6.541790e+01
9.575750e-01 -6.455089e-03 2.881118e-01 1.502309e+00 4.701785e-03 9.999660e-01 6.777082e-03 -6.517895e-01 -2.881457e-01 -5.134925e-03 9.575728e-01 6.637814e+01
9.490276e-01 -9.351544e-03 3.150542e-01 1.817897e+00 6.816865e-03 9.999349e-01 9.146183e-03 -6.560075e-01 -3.151192e-01 -6.532298e-03 9.490296e-01 6.732616e+01
9.393989e-01 -1.443217e-02 3.425220e-01 2.158270e+00 1.097251e-02 9.998674e-01 1.203627e-02 -6.693377e-01 -3.426503e-01 -7.548528e-03 9.394327e-01 6.825016e+01
9.283428e-01 -1.768612e-02 3.713043e-01 2.516116e+00 1.452246e-02 9.998305e-01 1.131499e-02 -6.743004e-01 -3.714414e-01 -5.111937e-03 9.284423e-01 6.915019e+01
9.162557e-01 -1.752044e-02 4.002107e-01 2.899308e+00 1.596659e-02 9.998465e-01 7.216883e-03 -6.870372e-01 -4.002757e-01 -2.225102e-04 9.163947e-01 7.002997e+01
9.034177e-01 -1.819480e-02 4.283753e-01 3.312507e+00 1.961693e-02 9.998070e-01 1.094849e-03 -6.874772e-01 -4.283126e-01 7.414301e-03 9.036002e-01 7.089257e+01
8.891926e-01 -2.005259e-02 4.570934e-01 3.753274e+00 2.331584e-02 9.997270e-01 -1.498936e-03 -6.991941e-01 -4.569386e-01 1.199036e-02 8.894174e-01 7.173966e+01
8.734386e-01 -2.062031e-02 4.864974e-01 4.215024e+00 2.257614e-02 9.997434e-01 1.842030e-03 -7.128475e-01 -4.864106e-01 9.374336e-03 8.736801e-01 7.257533e+01
8.561857e-01 -2.040638e-02 5.162650e-01 4.704727e+00 1.922989e-02 9.997860e-01 7.627201e-03 -7.277914e-01 -5.163102e-01 3.397418e-03 8.563949e-01 7.338057e+01
8.367837e-01 -2.105398e-02 5.471286e-01 5.207520e+00 1.769793e-02 9.997783e-01 1.140493e-02 -7.442841e-01 -5.472475e-01 1.395855e-04 8.369708e-01 7.416335e+01
8.154739e-01 -1.507282e-02 5.785976e-01 5.730634e+00 1.412311e-02 9.998814e-01 6.142451e-03 -7.514074e-01 -5.786216e-01 3.162588e-03 8.155900e-01 7.492455e+01
7.934350e-01 -8.323447e-03 6.085980e-01 6.273652e+00 1.139296e-02 9.999344e-01 -1.177584e-03 -7.566163e-01 -6.085483e-01 7.868071e-03 7.934778e-01 7.566372e+01
7.707425e-01 -5.958504e-03 6.371190e-01 6.852850e+00 1.055198e-02 9.999385e-01 -3.413365e-03 -7.631625e-01 -6.370594e-01 9.353690e-03 7.707579e-01 7.638105e+01
7.479858e-01 -9.891156e-03 6.636410e-01 7.464935e+00 1.314106e-02 9.999136e-01 9.187569e-05 -7.849452e-01 -6.635846e-01 8.652227e-03 7.480512e-01 7.705733e+01
7.233158e-01 -1.042634e-02 6.904387e-01 8.086883e+00 1.379914e-02 9.999046e-01 6.433623e-04 -8.016648e-01 -6.903795e-01 9.062108e-03 7.233906e-01 7.770502e+01
6.974158e-01 -8.297265e-03 7.166187e-01 8.724481e+00 1.394196e-02 9.999008e-01 -1.991163e-03 -8.217088e-01 -7.165311e-01 1.137974e-02 6.974623e-01 7.833969e+01
6.712533e-01 -5.779192e-03 7.412055e-01 9.387789e+00 1.378484e-02 9.998940e-01 -4.687690e-03 -8.341989e-01 -7.410999e-01 1.336403e-02 6.712618e-01 7.894358e+01
6.433384e-01 -3.240824e-03 7.655751e-01 1.005795e+01 1.210797e-02 9.999090e-01 -5.941925e-03 -8.449341e-01 -7.654862e-01 1.309223e-02 6.433191e-01 7.954884e+01
6.144193e-01 -1.807754e-03 7.889776e-01 1.075158e+01 1.267000e-02 9.998910e-01 -7.575799e-03 -8.525403e-01 -7.888779e-01 1.465106e-02 6.143753e-01 8.012407e+01
5.842881e-01 4.819541e-03 8.115320e-01 1.147053e+01 1.084982e-02 9.998466e-01 -1.374957e-02 -8.796522e-01 -8.114738e-01 1.683868e-02 5.841462e-01 8.067294e+01
5.538585e-01 1.442334e-02 8.324858e-01 1.223301e+01 9.143841e-03 9.996843e-01 -2.340362e-02 -9.117060e-01 -8.325606e-01 2.057441e-02 5.535518e-01 8.118531e+01
5.228542e-01 2.242018e-02 8.521272e-01 1.301872e+01 9.457929e-03 9.994399e-01 -3.209937e-02 -9.291491e-01 -8.523696e-01 2.484265e-02 5.223494e-01 8.167731e+01
4.910448e-01 2.724052e-02 8.707083e-01 1.381980e+01 7.691466e-03 9.993364e-01 -3.560240e-02 -9.559606e-01 -8.711003e-01 2.417940e-02 4.905095e-01 8.214500e+01
4.585006e-01 2.725949e-02 8.882759e-01 1.464470e+01 5.088557e-03 9.994325e-01 -3.329723e-02 -9.943336e-01 -8.886795e-01 1.978684e-02 4.581017e-01 8.258749e+01
4.247352e-01 2.676385e-02 9.049219e-01 1.547642e+01 2.613010e-04 9.995593e-01 -2.968548e-02 -1.021761e+00 -9.053176e-01 1.284493e-02 4.245410e-01 8.300044e+01
3.888382e-01 2.816893e-02 9.208753e-01 1.631530e+01 -3.756077e-03 9.995726e-01 -2.899023e-02 -1.055396e+00 -9.212984e-01 7.813630e-03 3.887778e-01 8.342270e+01
3.527254e-01 3.155754e-02 9.351946e-01 1.718255e+01 -1.107443e-02 9.995019e-01 -2.955063e-02 -1.089007e+00 -9.356614e-01 6.650682e-05 3.528992e-01 8.378429e+01
3.162512e-01 3.404439e-02 9.480644e-01 1.806820e+01 -1.491246e-02 9.994108e-01 -3.091377e-02 -1.101418e+00 -9.485583e-01 -4.361461e-03 3.165726e-01 8.411839e+01
2.796188e-01 3.432829e-02 9.594972e-01 1.897841e+01 -1.772915e-02 9.993748e-01 -3.058834e-02 -1.128655e+00 -9.599474e-01 -8.457991e-03 2.800526e-01 8.439258e+01
2.428312e-01 3.384803e-02 9.694779e-01 1.990647e+01 -1.800712e-02 9.993762e-01 -3.038153e-02 -1.165408e+00 -9.699014e-01 -1.007992e-02 2.432892e-01 8.463252e+01
2.075694e-01 3.368452e-02 9.776402e-01 2.084983e+01 -1.681236e-02 9.993822e-01 -3.086409e-02 -1.196469e+00 -9.780758e-01 -1.003000e-02 2.080075e-01 8.481236e+01
1.716554e-01 3.197976e-02 9.846379e-01 2.179875e+01 -1.414524e-02 9.994500e-01 -2.999485e-02 -1.236317e+00 -9.850555e-01 -8.779156e-03 1.720133e-01 8.498088e+01
1.375067e-01 3.066756e-02 9.900260e-01 2.275174e+01 -5.905891e-03 9.995282e-01 -3.014162e-02 -1.278721e+00 -9.904832e-01 -1.702310e-03 1.376229e-01 8.509886e+01
1.027462e-01 3.467551e-02 9.941030e-01 2.370885e+01 -3.283249e-03 9.993986e-01 -3.452089e-02 -1.310314e+00 -9.947022e-01 2.830037e-04 1.027983e-01 8.520588e+01
7.047848e-02 3.950728e-02 9.967306e-01 2.467197e+01 -1.222251e-03 9.992181e-01 -3.951945e-02 -1.349780e+00 -9.975126e-01 1.567016e-03 7.047166e-02 8.526484e+01
4.158666e-02 4.344644e-02 9.981898e-01 2.564227e+01 6.083977e-03 9.990246e-01 -4.373624e-02 -1.394951e+00 -9.991164e-01 7.891808e-03 4.128177e-02 8.529746e+01
1.565281e-02 4.211386e-02 9.989902e-01 2.662374e+01 7.787492e-03 9.990772e-01 -4.223954e-02 -1.436089e+00 -9.998472e-01 8.440795e-03 1.531041e-02 8.531566e+01
-6.486700e-03 3.927232e-02 9.992075e-01 2.760668e+01 9.691634e-03 9.991841e-01 -3.920848e-02 -1.481577e+00 -9.999320e-01 9.429620e-03 -6.862020e-03 8.530418e+01
-2.533723e-02 3.704514e-02 9.989923e-01 2.858654e+01 1.009019e-02 9.992717e-01 -3.679959e-02 -1.526193e+00 -9.996280e-01 9.147623e-03 -2.569257e-02 8.527980e+01
-4.143458e-02 3.976739e-02 9.983495e-01 2.956860e+01 1.284038e-02 9.991463e-01 -3.926621e-02 -1.577094e+00 -9.990587e-01 1.119221e-02 -4.190984e-02 8.523209e+01
-5.606210e-02 4.422947e-02 9.974471e-01 3.055506e+01 1.551185e-02 9.989363e-01 -4.342365e-02 -1.622480e+00 -9.983068e-01 1.303783e-02 -5.668855e-02 8.517190e+01
-6.814285e-02 4.982490e-02 9.964306e-01 3.154612e+01 1.998583e-02 9.986199e-01 -4.856760e-02 -1.667296e+00 -9.974754e-01 1.660496e-02 -6.904460e-02 8.510204e+01
-7.667637e-02 5.318676e-02 9.956364e-01 3.253602e+01 2.530240e-02 9.983584e-01 -5.138357e-02 -1.728891e+00 -9.967349e-01 2.125208e-02 -7.789625e-02 8.502176e+01
-8.299661e-02 5.840560e-02 9.948368e-01 3.352711e+01 2.932585e-02 9.979919e-01 -5.614425e-02 -1.792270e+00 -9.961182e-01 2.451466e-02 -8.454273e-02 8.494295e+01
-8.660512e-02 6.308808e-02 9.942432e-01 3.452549e+01 3.087641e-02 9.976834e-01 -6.061684e-02 -1.858222e+00 -9.957641e-01 2.544893e-02 -8.835242e-02 8.485934e+01
-8.938980e-02 6.711778e-02 9.937327e-01 3.552524e+01 3.302614e-02 9.973780e-01 -6.439317e-02 -1.927555e+00 -9.954490e-01 2.706307e-02 -9.137206e-02 8.476600e+01
-9.173669e-02 7.020604e-02 9.933053e-01 3.652576e+01 3.379551e-02 9.971564e-01 -6.735705e-02 -1.999351e+00 -9.952096e-01 2.739015e-02 -9.384848e-02 8.466129e+01
-9.409307e-02 7.352493e-02 9.928447e-01 3.752775e+01 3.549067e-02 9.968830e-01 -7.046050e-02 -2.074403e+00 -9.949306e-01 2.860687e-02 -9.640923e-02 8.455748e+01
-9.586092e-02 7.783262e-02 9.923471e-01 3.853699e+01 3.695343e-02 9.965293e-01 -7.459093e-02 -2.142642e+00 -9.947086e-01 2.952027e-02 -9.840440e-02 8.444780e+01
-9.740664e-02 8.011424e-02 9.920149e-01 3.955283e+01 3.927579e-02 9.962878e-01 -7.660280e-02 -2.205869e+00 -9.944694e-01 3.150055e-02 -1.001916e-01 8.431779e+01
-9.939999e-02 7.912283e-02 9.918968e-01 4.057133e+01 3.882567e-02 9.963828e-01 -7.558988e-02 -2.290956e+00 -9.942898e-01 3.099743e-02 -1.021124e-01 8.421875e+01
-1.018061e-01 7.868415e-02 9.916876e-01 4.158917e+01 3.787301e-02 9.964509e-01 -7.517407e-02 -2.373541e+00 -9.940831e-01 2.990502e-02 -1.044248e-01 8.410971e+01
-1.046804e-01 8.035526e-02 9.912543e-01 4.261100e+01 3.745814e-02 9.963417e-01 -7.681194e-02 -2.446909e+00 -9.938002e-01 2.908983e-02 -1.073075e-01 8.399919e+01
-1.078275e-01 8.260187e-02 9.907321e-01 4.364273e+01 3.690756e-02 9.961880e-01 -7.903988e-02 -2.534919e+00 -9.934843e-01 2.804283e-02 -1.104651e-01 8.392573e+01
-1.111739e-01 8.478722e-02 9.901775e-01 4.467596e+01 3.460561e-02 9.960800e-01 -8.140723e-02 -2.618349e+00 -9.931983e-01 2.521534e-02 -1.136722e-01 8.381497e+01
-1.144368e-01 8.874442e-02 9.894588e-01 4.571232e+01 3.157393e-02 9.958237e-01 -8.566358e-02 -2.700670e+00 -9.929287e-01 2.143804e-02 -1.167609e-01 8.371326e+01
-1.168338e-01 9.289137e-02 9.887978e-01 4.675343e+01 2.855812e-02 9.955188e-01 -9.014842e-02 -2.803317e+00 -9.927408e-01 1.770583e-02 -1.189630e-01 8.361107e+01
-1.198442e-01 9.548778e-02 9.881900e-01 4.779769e+01 2.638808e-02 9.953186e-01 -9.297636e-02 -2.901790e+00 -9.924420e-01 1.493377e-02 -1.218029e-01 8.349933e+01
-1.222173e-01 9.441893e-02 9.880020e-01 4.885062e+01 2.452486e-02 9.954480e-01 -9.209674e-02 -2.994568e+00 -9.922003e-01 1.297479e-02 -1.239766e-01 8.335277e+01
-1.243119e-01 9.036772e-02 9.881195e-01 4.990264e+01 2.175888e-02 9.958529e-01 -8.833756e-02 -3.099758e+00 -9.920046e-01 1.051897e-02 -1.257627e-01 8.321855e+01
-1.269324e-01 8.861669e-02 9.879450e-01 5.095814e+01 2.197956e-02 9.960080e-01 -8.651597e-02 -3.204206e+00 -9.916678e-01 1.073291e-02 -1.283735e-01 8.309241e+01
-1.291541e-01 8.928257e-02 9.875970e-01 5.201465e+01 2.134751e-02 9.959580e-01 -8.724669e-02 -3.296370e+00 -9.913947e-01 9.814464e-03 -1.305380e-01 8.296467e+01
-1.298234e-01 9.214945e-02 9.872458e-01 5.307066e+01 2.323399e-02 9.956814e-01 -8.988154e-02 -3.391398e+00 -9.912649e-01 1.126893e-02 -1.314037e-01 8.281166e+01
-1.306963e-01 9.470736e-02 9.868885e-01 5.413852e+01 2.388211e-02 9.954388e-01 -9.236511e-02 -3.499578e+00 -9.911348e-01 1.149721e-02 -1.323620e-01 8.267981e+01
-1.304712e-01 9.649439e-02 9.867452e-01 5.520663e+01 2.163258e-02 9.952927e-01 -9.446991e-02 -3.580524e+00 -9.912161e-01 9.020242e-03 -1.319445e-01 8.250654e+01
-1.309533e-01 9.573093e-02 9.867557e-01 5.628172e+01 1.806713e-02 9.953921e-01 -9.417109e-02 -3.681507e+00 -9.912239e-01 5.495836e-03 -1.320794e-01 8.238296e+01
-1.310565e-01 9.493966e-02 9.868184e-01 5.735620e+01 1.439322e-02 9.954812e-01 -9.386157e-02 -3.790660e+00 -9.912704e-01 1.902328e-03 -1.318308e-01 8.225274e+01
-1.315551e-01 9.593910e-02 9.866554e-01 5.843836e+01 1.121329e-02 9.953861e-01 -9.529293e-02 -3.905590e+00 -9.912454e-01 -1.472614e-03 -1.320239e-01 8.213459e+01
-1.325941e-01 9.576285e-02 9.865335e-01 5.952897e+01 8.226391e-03 9.953938e-01 -9.551726e-02 -4.029484e+00 -9.911363e-01 -4.549417e-03 -1.327711e-01 8.203240e+01
-1.326113e-01 9.526517e-02 9.865793e-01 6.063279e+01 5.361928e-03 9.954247e-01 -9.539856e-02 -4.140082e+00 -9.911536e-01 -7.360964e-03 -1.325154e-01 8.188783e+01
-1.326803e-01 9.027999e-02 9.870387e-01 6.173148e+01 6.487955e-03 9.959009e-01 -9.021844e-02 -4.251093e+00 -9.911377e-01 -5.566348e-03 -1.327222e-01 8.173560e+01
-1.324705e-01 8.185699e-02 9.878011e-01 6.283848e+01 1.085378e-02 9.966441e-01 -8.113423e-02 -4.362646e+00 -9.911275e-01 -2.651568e-05 -1.329144e-01 8.159286e+01
-1.329839e-01 7.657772e-02 9.881554e-01 6.393941e+01 1.604392e-02 9.970464e-01 -7.510757e-02 -4.460529e+00 -9.909883e-01 5.865789e-03 -1.338198e-01 8.145423e+01
-1.327500e-01 7.999389e-02 9.879162e-01 6.504265e+01 2.292965e-02 9.967189e-01 -7.762552e-02 -4.537862e+00 -9.908843e-01 1.234778e-02 -1.341486e-01 8.130441e+01
-1.309597e-01 8.620190e-02 9.876329e-01 6.614823e+01 2.829947e-02 9.961317e-01 -8.319119e-02 -4.622506e+00 -9.909837e-01 1.705479e-02 -1.328926e-01 8.114255e+01
-1.302228e-01 9.249158e-02 9.871613e-01 6.725875e+01 3.157511e-02 9.955212e-01 -8.910959e-02 -4.712212e+00 -9.909819e-01 1.956563e-02 -1.325600e-01 8.098606e+01
-1.294894e-01 9.665176e-02 9.868591e-01 6.837912e+01 3.250268e-02 9.951171e-01 -9.319574e-02 -4.825577e+00 -9.910480e-01 2.000770e-02 -1.319986e-01 8.083718e+01
-1.298253e-01 9.369231e-02 9.871004e-01 6.950915e+01 2.953129e-02 9.954493e-01 -9.060075e-02 -4.932423e+00 -9.910970e-01 1.738808e-02 -1.320014e-01 8.069731e+01
-1.283235e-01 8.936063e-02 9.876982e-01 7.064096e+01 2.843086e-02 9.958544e-01 -8.640476e-02 -5.039292e+00 -9.913248e-01 1.699335e-02 -1.303321e-01 8.054434e+01
-1.275459e-01 8.708380e-02 9.880023e-01 7.176930e+01 2.724732e-02 9.960697e-01 -8.427739e-02 -5.149720e+00 -9.914583e-01 1.617118e-02 -1.294174e-01 8.040064e+01
-1.274387e-01 8.800339e-02 9.879346e-01 7.290359e+01 2.470927e-02 9.960285e-01 -8.553701e-02 -5.245266e+00 -9.915386e-01 1.351041e-02 -1.291071e-01 8.025651e+01
-1.268290e-01 9.345141e-02 9.875126e-01 7.403811e+01 2.641038e-02 9.955173e-01 -9.081695e-02 -5.353167e+00 -9.915729e-01 1.456236e-02 -1.287286e-01 8.010073e+01
-1.267639e-01 9.561676e-02 9.873137e-01 7.518720e+01 2.656714e-02 9.953134e-01 -9.298047e-02 -5.478680e+00 -9.915771e-01 1.444353e-02 -1.287101e-01 7.998100e+01
-1.257933e-01 9.504842e-02 9.874927e-01 7.634529e+01 2.662275e-02 9.953646e-01 -9.241473e-02 -5.579808e+00 -9.916992e-01 1.466462e-02 -1.277407e-01 7.981911e+01
-1.253227e-01 8.850625e-02 9.881603e-01 7.749960e+01 2.789057e-02 9.959335e-01 -8.566526e-02 -5.687288e+00 -9.917239e-01 1.682455e-02 -1.272816e-01 7.966943e+01
-1.257254e-01 8.701520e-02 9.882416e-01 7.865391e+01 2.695004e-02 9.960779e-01 -8.427657e-02 -5.791388e+00 -9.916990e-01 1.603744e-02 -1.275774e-01 7.952593e+01
-1.265620e-01 9.009972e-02 9.878583e-01 7.981338e+01 2.505677e-02 9.958390e-01 -8.761740e-02 -5.896743e+00 -9.916422e-01 1.366350e-02 -1.282930e-01 7.939326e+01
-1.259252e-01 9.367017e-02 9.876076e-01 8.098482e+01 2.442021e-02 9.955233e-01 -9.130724e-02 -5.999103e+00 -9.917391e-01 1.261970e-02 -1.276489e-01 7.923983e+01
-1.259161e-01 9.329941e-02 9.876438e-01 8.214198e+01 2.348912e-02 9.955690e-01 -9.105341e-02 -6.104189e+00 -9.917628e-01 1.173379e-02 -1.275497e-01 7.908683e+01
-1.257660e-01 9.006631e-02 9.879630e-01 8.330184e+01 2.322777e-02 9.958646e-01 -8.782979e-02 -6.213019e+00 -9.917880e-01 1.190217e-02 -1.273380e-01 7.894086e+01
-1.259049e-01 8.840641e-02 9.880953e-01 8.446892e+01 2.405485e-02 9.960005e-01 -8.604859e-02 -6.331580e+00 -9.917506e-01 1.293454e-02 -1.275280e-01 7.880273e+01
-1.245080e-01 8.927103e-02 9.881945e-01 8.563962e+01 2.533205e-02 9.959057e-01 -8.677591e-02 -6.432741e+00 -9.918952e-01 1.422870e-02 -1.262596e-01 7.864712e+01
-1.236008e-01 8.931886e-02 9.883041e-01 8.682404e+01 2.833627e-02 9.958525e-01 -8.645722e-02 -6.543065e+00 -9.919274e-01 1.731868e-02 -1.256191e-01 7.850318e+01
-1.221054e-01 8.896667e-02 9.885217e-01 8.800750e+01 2.824919e-02 9.958825e-01 -8.613970e-02 -6.654423e+00 -9.921150e-01 1.740681e-02 -1.241159e-01 7.835591e+01
-1.212839e-01 8.978759e-02 9.885486e-01 8.921364e+01 2.897514e-02 9.957964e-01 -8.689096e-02 -6.760316e+00 -9.921949e-01 1.810487e-02 -1.233756e-01 7.820626e+01
-1.195488e-01 8.797766e-02 9.889227e-01 9.042273e+01 2.975128e-02 9.959362e-01 -8.500504e-02 -6.872176e+00 -9.923825e-01 1.925946e-02 -1.216804e-01 7.805080e+01
-1.190114e-01 8.676773e-02 9.890944e-01 9.163455e+01 2.809664e-02 9.960697e-01 -8.399894e-02 -6.988800e+00 -9.924953e-01 1.779339e-02 -1.209816e-01 7.792048e+01
-1.166996e-01 8.683349e-02 9.893640e-01 9.285158e+01 2.969163e-02 9.960304e-01 -8.391632e-02 -7.087900e+00 -9.927233e-01 1.958283e-02 -1.188146e-01 7.776031e+01
-1.143392e-01 8.753148e-02 9.895781e-01 9.406980e+01 2.772319e-02 9.960040e-01 -8.489664e-02 -7.206072e+00 -9.930549e-01 1.772725e-02 -1.163089e-01 7.761871e+01
-1.126001e-01 8.963141e-02 9.895895e-01 9.529551e+01 2.874036e-02 9.958003e-01 -8.692373e-02 -7.322692e+00 -9.932247e-01 1.865355e-02 -1.147032e-01 7.748159e+01
-1.114141e-01 8.836585e-02 9.898376e-01 9.652250e+01 2.664211e-02 9.959464e-01 -8.591243e-02 -7.435020e+00 -9.934169e-01 1.679951e-02 -1.133167e-01 7.734754e+01
-1.112026e-01 8.723516e-02 9.899616e-01 9.775282e+01 2.232211e-02 9.961079e-01 -8.526932e-02 -7.543760e+00 -9.935470e-01 1.261586e-02 -1.127171e-01 7.722487e+01
-1.104829e-01 8.860779e-02 9.899203e-01 9.898931e+01 2.001120e-02 9.960143e-01 -8.691986e-02 -7.649813e+00 -9.936765e-01 1.020634e-02 -1.118157e-01 7.708050e+01
-1.122331e-01 8.808251e-02 9.897703e-01 1.002341e+02 1.681963e-02 9.960892e-01 -8.673762e-02 -7.764551e+00 -9.935395e-01 6.912744e-03 -1.132757e-01 7.697408e+01
-1.126876e-01 8.554423e-02 9.899413e-01 1.014788e+02 1.494462e-02 9.963204e-01 -8.439429e-02 -7.872876e+00 -9.935181e-01 5.284103e-03 -1.135514e-01 7.682740e+01
-1.141323e-01 8.481977e-02 9.898381e-01 1.027243e+02 1.290919e-02 9.963912e-01 -8.389283e-02 -7.973564e+00 -9.933817e-01 3.203134e-03 -1.148153e-01 7.669501e+01
-1.155636e-01 8.366758e-02 9.897701e-01 1.039702e+02 1.181967e-02 9.964915e-01 -8.285571e-02 -8.092521e+00 -9.932298e-01 2.123658e-03 -1.161470e-01 7.655865e+01
-1.167300e-01 8.416826e-02 9.895907e-01 1.052156e+02 1.264003e-02 9.964477e-01 -8.326047e-02 -8.199733e+00 -9.930832e-01 2.789462e-03 -1.173793e-01 7.640615e+01
-1.190364e-01 8.310704e-02 9.894057e-01 1.064626e+02 1.215302e-02 9.965381e-01 -8.224401e-02 -8.308570e+00 -9.928155e-01 2.234232e-03 -1.196343e-01 7.626177e+01
-1.214098e-01 7.851777e-02 9.894921e-01 1.076990e+02 9.909240e-03 9.969127e-01 -7.789075e-02 -8.419734e+00 -9.925530e-01 3.484118e-04 -1.218131e-01 7.609963e+01
-1.263896e-01 7.895484e-02 9.888336e-01 1.089244e+02 9.996635e-03 9.968782e-01 -7.831944e-02 -8.526400e+00 -9.919303e-01 -1.375291e-05 -1.267843e-01 7.595698e+01
-1.337324e-01 8.449445e-02 9.874089e-01 1.101626e+02 4.048925e-03 9.963970e-01 -8.471520e-02 -8.642134e+00 -9.910092e-01 -7.331219e-03 -1.335926e-01 7.583649e+01
-1.413635e-01 8.766254e-02 9.860688e-01 1.113853e+02 5.623103e-03 9.961266e-01 -8.775056e-02 -8.759567e+00 -9.899418e-01 -6.859959e-03 -1.413089e-01 7.567982e+01
-1.503354e-01 8.378681e-02 9.850782e-01 1.126120e+02 6.804118e-03 9.964663e-01 -8.371705e-02 -8.871275e+00 -9.886116e-01 -5.883051e-03 -1.503743e-01 7.549511e+01
-1.610121e-01 8.165078e-02 9.835691e-01 1.138289e+02 8.990205e-03 9.966520e-01 -8.126513e-02 -8.980622e+00 -9.869115e-01 -4.242182e-03 -1.612071e-01 7.528224e+01
-1.732532e-01 8.266258e-02 9.814022e-01 1.150473e+02 9.784013e-03 9.965668e-01 -8.221265e-02 -9.092619e+00 -9.848287e-01 -4.641549e-03 -1.734671e-01 7.506935e+01
-1.879413e-01 8.336599e-02 9.786359e-01 1.162632e+02 1.191807e-02 9.965115e-01 -8.259995e-02 -9.197868e+00 -9.821079e-01 -3.860497e-03 -1.882793e-01 7.486440e+01
-2.034491e-01 8.143364e-02 9.756931e-01 1.174689e+02 1.251041e-02 9.966700e-01 -8.057578e-02 -9.307472e+00 -9.790056e-01 -4.186754e-03 -2.037904e-01 7.463569e+01
-2.186910e-01 8.431899e-02 9.721443e-01 1.186557e+02 1.711061e-02 9.964378e-01 -8.257693e-02 -9.421133e+00 -9.756441e-01 -1.424849e-03 -2.193547e-01 7.437380e+01
-2.335076e-01 8.749410e-02 9.684106e-01 1.198314e+02 1.779143e-02 9.961611e-01 -8.571137e-02 -9.530522e+00 -9.721922e-01 -2.784841e-03 -2.341678e-01 7.409076e+01
-2.487560e-01 9.021543e-02 9.643556e-01 1.210075e+02 1.780653e-02 9.959104e-01 -8.857418e-02 -9.663745e+00 -9.684025e-01 -4.861538e-03 -2.493451e-01 7.380435e+01
-2.649007e-01 8.873107e-02 9.601846e-01 1.221927e+02 1.513704e-02 9.960173e-01 -8.786629e-02 -9.768509e+00 -9.641569e-01 -8.741489e-03 -2.651888e-01 7.349762e+01
-2.815828e-01 8.225636e-02 9.560047e-01 1.233714e+02 8.380026e-03 9.964916e-01 -8.327166e-02 -9.893473e+00 -9.595003e-01 -1.543653e-02 -2.812842e-01 7.318598e+01
-2.975627e-01 7.777260e-02 9.515292e-01 1.245359e+02 4.587062e-03 9.967814e-01 -8.003679e-02 -1.000698e+01 -9.546913e-01 -1.945124e-02 -2.969617e-01 7.285627e+01
-3.124218e-01 7.982282e-02 9.465838e-01 1.256826e+02 3.409875e-03 9.965511e-01 -8.291099e-02 -1.010099e+01 -9.499374e-01 -2.267547e-02 -3.116165e-01 7.247315e+01
-3.272620e-01 8.091742e-02 9.414627e-01 1.268224e+02 2.528412e-03 9.963982e-01 -8.476015e-02 -1.021376e+01 -9.449303e-01 -2.535836e-02 -3.262878e-01 7.209395e+01
-3.407701e-01 8.254905e-02 9.365155e-01 1.279543e+02 4.400478e-03 9.962669e-01 -8.621462e-02 -1.033779e+01 -9.401363e-01 -2.525825e-02 -3.398612e-01 7.168807e+01
-3.545658e-01 8.277743e-02 9.313598e-01 1.290788e+02 7.552903e-03 9.962947e-01 -8.567335e-02 -1.044734e+01 -9.350006e-01 -2.334237e-02 -3.538772e-01 7.126782e+01
-3.686294e-01 8.035299e-02 9.260971e-01 1.301949e+02 7.176836e-03 9.964733e-01 -8.360249e-02 -1.056055e+01 -9.295487e-01 -2.417189e-02 -3.679060e-01 7.083203e+01
-3.820280e-01 7.954862e-02 9.207207e-01 1.312869e+02 8.263048e-03 9.965426e-01 -8.267097e-02 -1.067103e+01 -9.241138e-01 -2.397466e-02 -3.813645e-01 7.035989e+01
-3.967820e-01 8.077114e-02 9.143523e-01 1.323789e+02 6.495328e-03 9.963431e-01 -8.519533e-02 -1.077861e+01 -9.178899e-01 -2.786496e-02 -3.958557e-01 6.989962e+01
-4.112262e-01 8.296692e-02 9.077497e-01 1.334682e+02 7.669771e-03 9.961288e-01 -8.757010e-02 -1.088811e+01 -9.115011e-01 -2.904888e-02 -4.102706e-01 6.941353e+01
-4.263335e-01 8.460758e-02 9.006005e-01 1.345541e+02 9.153879e-03 9.959687e-01 -8.923368e-02 -1.100256e+01 -9.045197e-01 -2.979932e-02 -4.253893e-01 6.892495e+01
-4.405888e-01 8.674951e-02 8.935077e-01 1.356294e+02 1.218295e-02 9.958061e-01 -9.067411e-02 -1.112750e+01 -8.976263e-01 -2.906444e-02 -4.397979e-01 6.840524e+01
-4.551037e-01 9.044743e-02 8.858329e-01 1.366956e+02 1.218728e-02 9.953673e-01 -9.537006e-02 -1.124227e+01 -8.903550e-01 -3.260738e-02 -4.540977e-01 6.785880e+01
-4.702214e-01 9.240489e-02 8.776977e-01 1.377707e+02 1.371132e-02 9.951485e-01 -9.742447e-02 -1.136995e+01 -8.824420e-01 -3.377667e-02 -4.692070e-01 6.730523e+01
-4.854370e-01 8.994514e-02 8.696326e-01 1.388301e+02 1.284668e-02 9.953202e-01 -9.577374e-02 -1.148702e+01 -8.741773e-01 -3.532023e-02 -4.843208e-01 6.671225e+01
-5.018823e-01 8.487642e-02 8.607614e-01 1.398961e+02 9.435786e-03 9.956516e-01 -9.267573e-02 -1.161232e+01 -8.648845e-01 -3.839034e-02 -5.005008e-01 6.612323e+01
-5.179899e-01 8.476522e-02 8.511764e-01 1.409434e+02 9.057610e-03 9.955656e-01 -9.363228e-02 -1.173602e+01 -8.553388e-01 -4.079095e-02 -5.164608e-01 6.550602e+01
-5.338243e-01 8.295917e-02 8.415162e-01 1.419798e+02 7.508129e-03 9.956016e-01 -9.338651e-02 -1.186567e+01 -8.455621e-01 -4.353377e-02 -5.320992e-01 6.485457e+01
-5.498923e-01 8.160385e-02 8.312396e-01 1.430112e+02 6.712527e-03 9.956154e-01 -9.330027e-02 -1.198381e+01 -8.352086e-01 -4.572538e-02 -5.480290e-01 6.418473e+01
-5.654667e-01 8.165518e-02 8.207191e-01 1.440269e+02 6.569953e-03 9.955015e-01 -9.451804e-02 -1.209834e+01 -8.247450e-01 -4.805472e-02 -5.634594e-01 6.349158e+01
-5.810313e-01 8.130757e-02 8.098097e-01 1.450590e+02 6.819493e-03 9.954488e-01 -9.505343e-02 -1.221257e+01 -8.138526e-01 -4.970653e-02 -5.789414e-01 6.280322e+01
-5.965361e-01 7.838730e-02 7.987491e-01 1.460664e+02 6.511167e-03 9.956589e-01 -9.284876e-02 -1.233866e+01 -8.025599e-01 -5.018685e-02 -5.944568e-01 6.207690e+01
-6.110270e-01 7.490219e-02 7.880581e-01 1.470519e+02 7.099440e-03 9.959919e-01 -8.916096e-02 -1.246499e+01 -7.915779e-01 -4.888499e-02 -6.091097e-01 6.131808e+01
-6.270391e-01 7.293661e-02 7.755657e-01 1.480502e+02 7.667654e-03 9.961367e-01 -8.748055e-02 -1.258379e+01 -7.789500e-01 -4.890695e-02 -6.251759e-01 6.056202e+01
-6.416165e-01 7.102787e-02 7.637298e-01 1.490113e+02 6.495872e-03 9.961707e-01 -8.718793e-02 -1.270045e+01 -7.669981e-01 -5.098013e-02 -6.396210e-01 5.976601e+01
-6.559102e-01 7.174152e-02 7.514220e-01 1.499630e+02 5.013935e-03 9.958654e-01 -9.070297e-02 -1.282251e+01 -7.548223e-01 -5.572542e-02 -6.535580e-01 5.895085e+01
-6.714420e-01 7.066558e-02 7.376802e-01 1.509226e+02 2.801432e-03 9.956780e-01 -9.283043e-02 -1.295098e+01 -7.410518e-01 -6.026368e-02 -6.687380e-01 5.812995e+01
-6.868664e-01 6.775084e-02 7.236190e-01 1.518529e+02 1.539659e-03 9.957789e-01 -9.177112e-02 -1.307410e+01 -7.267821e-01 -6.192037e-02 -6.840714e-01 5.726587e+01
-7.026052e-01 6.055456e-02 7.089986e-01 1.527629e+02 -1.366815e-03 9.962558e-01 -8.644328e-02 -1.320267e+01 -7.115786e-01 -6.170457e-02 -6.998918e-01 5.637843e+01
-7.191223e-01 5.830859e-02 6.924328e-01 1.536599e+02 -1.864568e-03 9.963077e-01 -8.583382e-02 -1.332227e+01 -6.948810e-01 -6.301611e-02 -7.163584e-01 5.547394e+01
-7.360475e-01 5.594488e-02 6.746141e-01 1.545310e+02 -2.906822e-03 9.963086e-01 -8.579412e-02 -1.343228e+01 -6.769236e-01 -6.510953e-02 -7.331679e-01 5.454093e+01
-7.531440e-01 5.209413e-02 6.557898e-01 1.554042e+02 -5.867100e-03 9.962882e-01 -8.588047e-02 -1.354867e+01 -6.578295e-01 -6.852794e-02 -7.500428e-01 5.357994e+01
-7.694177e-01 5.021370e-02 6.367691e-01 1.562455e+02 -5.339278e-03 9.963648e-01 -8.502187e-02 -1.366282e+01 -6.387236e-01 -6.881722e-02 -7.663526e-01 5.258660e+01
-7.857760e-01 5.199384e-02 6.163220e-01 1.570908e+02 -3.146430e-03 9.961115e-01 -8.804498e-02 -1.378363e+01 -6.185032e-01 -7.112284e-02 -7.825569e-01 5.159769e+01
-8.014310e-01 5.145442e-02 5.958698e-01 1.578859e+02 2.590328e-04 9.963222e-01 -8.568581e-02 -1.390295e+01 -5.980872e-01 -6.851691e-02 -7.984968e-01 5.056313e+01
-8.151457e-01 5.301867e-02 5.768245e-01 1.586286e+02 4.624751e-03 9.963664e-01 -8.504524e-02 -1.402425e+01 -5.792375e-01 -6.665660e-02 -8.124290e-01 4.949986e+01
-8.292252e-01 5.397272e-02 5.563025e-01 1.593648e+02 6.298419e-03 9.961657e-01 -8.726000e-02 -1.413654e+01 -5.588791e-01 -6.885437e-02 -8.263856e-01 4.844259e+01
-8.426651e-01 5.572493e-02 5.355468e-01 1.600699e+02 7.805907e-03 9.957899e-01 -9.133200e-02 -1.425892e+01 -5.383815e-01 -7.278185e-02 -8.395523e-01 4.735860e+01
-8.553154e-01 5.642910e-02 5.150256e-01 1.607379e+02 1.131305e-02 9.958483e-01 -9.032288e-02 -1.438575e+01 -5.179841e-01 -7.142804e-02 -8.524028e-01 4.625693e+01
-8.670274e-01 5.384172e-02 4.953428e-01 1.614037e+02 1.178797e-02 9.960827e-01 -8.763693e-02 -1.451088e+01 -4.981210e-01 -7.014453e-02 -8.642657e-01 4.514837e+01
-8.773497e-01 5.572522e-02 4.766048e-01 1.620283e+02 1.462124e-02 9.958773e-01 -8.952395e-02 -1.463203e+01 -4.796287e-01 -7.157526e-02 -8.745475e-01 4.402640e+01
-8.865686e-01 5.875526e-02 4.588507e-01 1.626379e+02 1.761763e-02 9.954701e-01 -9.342880e-02 -1.475285e+01 -4.622616e-01 -7.474718e-02 -8.835876e-01 4.289068e+01
-8.953724e-01 5.668176e-02 4.416961e-01 1.632261e+02 1.665603e-02 9.954349e-01 -9.397787e-02 -1.489767e+01 -4.450066e-01 -7.678828e-02 -8.922291e-01 4.174408e+01
-9.030080e-01 5.452162e-02 4.261501e-01 1.637815e+02 1.647197e-02 9.955792e-01 -9.247039e-02 -1.502919e+01 -4.293078e-01 -7.648197e-02 -8.999140e-01 4.058091e+01
-9.101087e-01 5.285294e-02 4.109850e-01 1.643374e+02 1.623436e-02 9.956186e-01 -9.208691e-02 -1.516697e+01 -4.140513e-01 -7.713703e-02 -9.069793e-01 3.942054e+01
-9.163279e-01 5.128910e-02 3.971304e-01 1.648660e+02 1.602999e-02 9.956666e-01 -9.160246e-02 -1.529181e+01 -4.001077e-01 -7.757190e-02 -9.131793e-01 3.824684e+01
-9.222612e-01 4.971984e-02 3.833566e-01 1.653782e+02 1.625241e-02 9.958044e-01 -9.005262e-02 -1.542327e+01 -3.862256e-01 -7.682156e-02 -9.191998e-01 3.706164e+01
-9.278578e-01 4.412146e-02 3.703149e-01 1.658732e+02 1.308569e-02 9.962172e-01 -8.590767e-02 -1.554445e+01 -3.727045e-01 -7.486427e-02 -9.249253e-01 3.586343e+01
-9.333144e-01 4.081645e-02 3.567326e-01 1.663887e+02 1.178971e-02 9.964658e-01 -8.316788e-02 -1.564435e+01 -3.588665e-01 -7.341601e-02 -9.304971e-01 3.467294e+01
-9.373376e-01 4.113391e-02 3.459859e-01 1.668353e+02 1.426328e-02 9.967044e-01 -7.985537e-02 -1.575868e+01 -3.481305e-01 -6.991655e-02 -9.348352e-01 3.346504e+01
-9.402541e-01 4.519981e-02 3.374600e-01 1.672798e+02 1.849736e-02 9.964665e-01 -8.192934e-02 -1.586834e+01 -3.399707e-01 -7.079228e-02 -9.377677e-01 3.225573e+01
-9.422680e-01 5.047229e-02 3.310342e-01 1.677043e+02 2.398099e-02 9.962083e-01 -8.363000e-02 -1.597764e+01 -3.340000e-01 -7.086334e-02 -9.399055e-01 3.104303e+01
-9.438609e-01 5.389234e-02 3.259176e-01 1.681234e+02 2.736750e-02 9.959680e-01 -8.543245e-02 -1.609959e+01 -3.292077e-01 -7.171679e-02 -9.415301e-01 2.982058e+01
-9.456295e-01 5.097827e-02 3.212259e-01 1.685439e+02 2.526891e-02 9.961702e-01 -8.370435e-02 -1.622454e+01 -3.242628e-01 -7.103628e-02 -9.432961e-01 2.860137e+01
-9.478445e-01 4.287310e-02 3.158364e-01 1.689767e+02 1.857719e-02 9.966586e-01 -7.953976e-02 -1.634042e+01 -3.181912e-01 -6.952397e-02 -9.454738e-01 2.738549e+01
-9.497406e-01 3.600657e-02 3.109604e-01 1.693945e+02 1.238013e-02 9.969060e-01 -7.762165e-02 -1.644955e+01 -3.127932e-01 -6.987071e-02 -9.472479e-01 2.616780e+01
-9.514427e-01 2.952000e-02 3.064073e-01 1.698008e+02 5.392555e-03 9.968368e-01 -7.929287e-02 -1.655161e+01 -3.077788e-01 -7.379030e-02 -9.485922e-01 2.495006e+01
-9.526073e-01 2.724172e-02 3.029807e-01 1.701978e+02 2.506038e-03 9.966512e-01 -8.173203e-02 -1.666708e+01 -3.041926e-01 -7.709924e-02 -9.494854e-01 2.372684e+01
-9.533977e-01 2.795310e-02 3.004186e-01 1.706009e+02 2.551930e-03 9.964105e-01 -8.461446e-02 -1.678412e+01 -3.017055e-01 -7.990459e-02 -9.500469e-01 2.250627e+01
-9.535355e-01 2.921469e-02 2.998608e-01 1.709879e+02 3.572528e-03 9.963139e-01 -8.570799e-02 -1.691073e+01 -3.012594e-01 -8.065435e-02 -9.501251e-01 2.128091e+01
-9.534649e-01 3.220946e-02 2.997788e-01 1.713744e+02 6.144980e-03 9.961468e-01 -8.748560e-02 -1.703060e+01 -3.014416e-01 -8.157231e-02 -9.499889e-01 2.006509e+01
-9.530776e-01 3.283147e-02 3.009406e-01 1.717583e+02 6.354559e-03 9.960523e-01 -8.854063e-02 -1.715751e+01 -3.026595e-01 -8.247374e-02 -9.495237e-01 1.886467e+01
-9.527489e-01 3.337115e-02 3.019205e-01 1.721515e+02 6.289157e-03 9.959011e-01 -9.023032e-02 -1.728007e+01 -3.036940e-01 -8.406801e-02 -9.490535e-01 1.766033e+01
-9.519243e-01 3.453325e-02 3.043806e-01 1.725278e+02 7.350391e-03 9.959144e-01 -9.000293e-02 -1.740242e+01 -3.062451e-01 -8.343866e-02 -9.482890e-01 1.645965e+01
-9.509228e-01 3.443149e-02 3.075065e-01 1.729096e+02 6.959683e-03 9.959183e-01 -8.999104e-02 -1.752317e+01 -3.093499e-01 -8.343438e-02 -9.472810e-01 1.525470e+01
-9.498140e-01 3.278021e-02 3.110931e-01 1.733047e+02 5.044011e-03 9.959699e-01 -8.954629e-02 -1.765749e+01 -3.127747e-01 -8.348316e-02 -9.461515e-01 1.405192e+01
-9.484581e-01 3.193032e-02 3.152900e-01 1.737185e+02 4.585860e-03 9.961897e-01 -8.709176e-02 -1.778185e+01 -3.168695e-01 -8.115701e-02 -9.449906e-01 1.284994e+01
-9.466561e-01 2.982711e-02 3.208621e-01 1.741342e+02 2.987751e-03 9.964767e-01 -8.381683e-02 -1.790909e+01 -3.222316e-01 -7.838706e-02 -9.434099e-01 1.165337e+01
-9.447867e-01 2.658703e-02 3.266055e-01 1.745727e+02 1.984538e-04 9.967493e-01 -8.056541e-02 -1.803637e+01 -3.276858e-01 -7.605231e-02 -9.417208e-01 1.047048e+01
-9.421414e-01 2.884404e-02 3.339725e-01 1.749832e+02 2.231470e-03 9.968087e-01 -7.979588e-02 -1.815929e+01 -3.352084e-01 -7.443375e-02 -9.391991e-01 9.276579e+00
-9.394316e-01 2.861316e-02 3.415399e-01 1.754289e+02 1.481847e-03 9.968389e-01 -7.943615e-02 -1.828286e+01 -3.427331e-01 -7.411872e-02 -9.365044e-01 8.102128e+00
-9.361785e-01 3.230771e-02 3.500371e-01 1.758943e+02 3.610993e-03 9.965989e-01 -8.232641e-02 -1.838977e+01 -3.515064e-01 -7.580823e-02 -9.331111e-01 6.921895e+00
-9.327099e-01 3.358492e-02 3.590604e-01 1.763707e+02 4.646619e-03 9.966906e-01 -8.115577e-02 -1.850216e+01 -3.605977e-01 -7.402637e-02 -9.297792e-01 5.743988e+00
-9.281095e-01 3.404804e-02 3.707471e-01 1.768425e+02 3.392686e-03 9.965416e-01 -8.302561e-02 -1.862605e+01 -3.722918e-01 -7.579903e-02 -9.250153e-01 4.567242e+00
-9.227296e-01 3.646977e-02 3.837186e-01 1.773388e+02 4.304943e-03 9.964268e-01 -8.435129e-02 -1.873894e+01 -3.854238e-01 -7.618154e-02 -9.195895e-01 3.393287e+00
