1.000000e+00 0.000000e+00 0.000000e+00 0.000000e+00 0.000000e+00 1.000000e+00 0.000000e+00 0.000000e+00 0.000000e+00 0.000000e+00 1.000000e+00 0.000000e+00
9.999920e-01 -3.014551e-03 -2.626582e-03 -1.454260e-02 3.011914e-03 9.999950e-01 -1.007284e-03 -3.279153e-02 2.629605e-03 9.993645e-04 9.999960e-01 8.585783e-01
9.999768e-01 -1.342009e-03 -6.685322e-03 -4.381682e-02 1.325361e-03 9.999960e-01 -2.493969e-03 -3.622909e-02 6.688643e-03 2.485050e-03 9.999745e-01 1.718511e+00
9.999445e-01 -1.110753e-03 -1.047836e-02 -5.542603e-02 1.062214e-03 9.999887e-01 -4.636692e-03 -3.189856e-02 1.048339e-02 4.625304e-03 9.999344e-01 2.577852e+00
9.998941e-01 -5.309118e-04 -1.454500e-02 -8.347698e-02 4.487547e-04 9.999839e-01 -5.651157e-03 -3.705347e-02 1.454777e-02 5.644032e-03 9.998782e-01 3.437814e+00
9.998197e-01 -7.939441e-04 -1.897272e-02 -9.839005e-02 6.758533e-04 9.999804e-01 -6.229846e-03 -4.375656e-02 1.897729e-02 6.215900e-03 9.998006e-01 4.297057e+00
9.997275e-01 -8.402795e-04 -2.332897e-02 -1.375584e-01 6.776325e-04 9.999754e-01 -6.978916e-03 -5.223012e-02 2.333426e-02 6.961206e-03 9.997035e-01 5.156661e+00
9.996393e-01 2.786137e-03 -2.671115e-02 -1.866083e-01 -2.983046e-03 9.999687e-01 -7.334772e-03 -7.537405e-02 2.668988e-02 7.411807e-03 9.996163e-01 6.014394e+00
9.994822e-01 2.032362e-03 -3.211322e-02 -1.850933e-01 -2.189062e-03 9.999859e-01 -4.845209e-03 -9.500347e-02 3.210292e-02 4.912998e-03 9.994725e-01 6.874475e+00
9.993453e-01 1.739080e-03 -3.613684e-02 -2.267298e-01 -1.813824e-03 9.999963e-01 -2.035685e-03 -1.105677e-01 3.613316e-02 2.099899e-03 9.993448e-01 7.733925e+00
9.992111e-01 1.498892e-03 -3.968596e-02 -2.599019e-01 -1.452828e-03 9.999982e-01 1.189534e-03 -1.252739e-01 3.968768e-02 -1.130939e-03 9.992115e-01 8.592292e+00
9.990276e-01 3.115535e-03 -4.397870e-02 -2.630674e-01 -3.070974e-03 9.999947e-01 1.080771e-03 -1.538033e-01 4.398184e-02 -9.446622e-04 9.990319e-01 9.452245e+00
9.988916e-01 3.175121e-03 -4.696251e-02 -2.808876e-01 -3.176496e-03 9.999950e-01 4.535168e-05 -1.482524e-01 4.696242e-02 1.038748e-04 9.988967e-01 1.031240e+01
9.988303e-01 -5.932931e-04 -4.834857e-02 -3.473596e-01 5.705534e-04 9.999997e-01 -4.841278e-04 -1.545028e-01 4.834884e-02 4.559761e-04 9.988304e-01 1.116940e+01
9.986510e-01 -9.307859e-04 -5.191575e-02 -3.547593e-01 9.223946e-04 9.999996e-01 -1.855926e-04 -1.441879e-01 5.191590e-02 1.374554e-04 9.986515e-01 1.202517e+01
9.985703e-01 -3.398029e-03 -5.334543e-02 -3.946815e-01 3.376846e-03 9.999942e-01 -4.872253e-04 -1.453339e-01 5.334678e-02 3.063894e-04 9.985760e-01 1.288792e+01
9.984355e-01 4.455272e-04 -5.591361e-02 -4.110331e-01 -5.525851e-04 9.999980e-01 -1.899256e-03 -1.871580e-01 5.591265e-02 1.927181e-03 9.984338e-01 1.375748e+01
9.983421e-01 1.545497e-03 -5.753790e-02 -4.559332e-01 -1.847850e-03 9.999848e-01 -5.202006e-03 -1.794329e-01 5.752898e-02 5.299703e-03 9.983298e-01 1.463792e+01
9.982137e-01 6.905290e-03 -5.934403e-02 -5.019374e-01 -7.334250e-03 9.999485e-01 -7.013586e-03 -1.934509e-01 5.929255e-02 7.436302e-03 9.982130e-01 1.552854e+01
9.981749e-01 6.730445e-03 -6.001300e-02 -5.884022e-01 -7.135875e-03 9.999531e-01 -6.543948e-03 -2.010881e-01 5.996614e-02 6.960249e-03 9.981761e-01 1.642608e+01
9.980824e-01 6.621450e-03 -6.154448e-02 -6.585732e-01 -6.961569e-03 9.999617e-01 -5.313616e-03 -2.141567e-01 6.150694e-02 5.731873e-03 9.980902e-01 1.732943e+01
9.980762e-01 8.175961e-03 -6.145789e-02 -7.374186e-01 -8.439025e-03 9.999563e-01 -4.022037e-03 -2.248145e-01 6.142232e-02 4.532944e-03 9.981016e-01 1.823900e+01
9.980769e-01 8.165113e-03 -6.144706e-02 -8.318250e-01 -8.465880e-03 9.999534e-01 -4.635974e-03 -2.292443e-01 6.140634e-02 5.147262e-03 9.980996e-01 1.914920e+01
9.979674e-01 8.069980e-03 -6.321405e-02 -9.014813e-01 -8.431697e-03 9.999496e-01 -5.457410e-03 -2.412332e-01 6.316682e-02 5.979319e-03 9.979851e-01 2.006499e+01
9.978385e-01 7.642448e-03 -6.526862e-02 -9.417888e-01 -8.103515e-03 9.999440e-01 -6.802329e-03 -2.471448e-01 6.521298e-02 7.316530e-03 9.978445e-01 2.099279e+01
9.977907e-01 6.164512e-03 -6.614966e-02 -9.997432e-01 -6.547744e-03 9.999630e-01 -5.578169e-03 -2.450161e-01 6.611283e-02 5.998976e-03 9.977941e-01 2.192714e+01
9.979147e-01 7.725655e-03 -6.408220e-02 -1.125663e+00 -7.897357e-03 9.999659e-01 -2.426540e-03 -2.474293e-01 6.406127e-02 2.927560e-03 9.979417e-01 2.285597e+01
9.979079e-01 8.380962e-03 -6.410626e-02 -1.177297e+00 -8.264182e-03 9.999637e-01 2.086620e-03 -2.675175e-01 6.412142e-02 -1.552469e-03 9.979409e-01 2.379835e+01
9.979662e-01 7.187670e-03 -6.333802e-02 -1.222415e+00 -6.934363e-03 9.999671e-01 4.218209e-03 -2.606274e-01 6.336626e-02 -3.770422e-03 9.979832e-01 2.474413e+01
9.980190e-01 5.874350e-03 -6.263808e-02 -1.251202e+00 -5.584425e-03 9.999729e-01 4.802655e-03 -2.526156e-01 6.266459e-02 -4.443344e-03 9.980248e-01 2.569309e+01
9.981180e-01 5.994359e-03 -6.102900e-02 -1.319768e+00 -5.882885e-03 9.999807e-01 2.006106e-03 -2.662314e-01 6.103984e-02 -1.643304e-03 9.981340e-01 2.664383e+01
9.981600e-01 5.957234e-03 -6.034178e-02 -1.372600e+00 -6.131444e-03 9.999776e-01 -2.702300e-03 -2.778245e-01 6.032433e-02 3.067310e-03 9.981741e-01 2.760234e+01
9.982697e-01 5.854906e-03 -5.850893e-02 -1.450230e+00 -6.199382e-03 9.999645e-01 -5.707806e-03 -2.965437e-01 5.847343e-02 6.060649e-03 9.982706e-01 2.856892e+01
9.983582e-01 5.297486e-03 -5.703324e-02 -1.483840e+00 -5.578977e-03 9.999730e-01 -4.777455e-03 -3.236124e-01 5.700639e-02 5.087799e-03 9.983608e-01 2.954499e+01
9.983484e-01 1.142752e-03 -5.743855e-02 -1.583336e+00 -1.124391e-03 9.999993e-01 3.519714e-04 -3.147538e-01 5.743892e-02 -2.868066e-04 9.983490e-01 3.052072e+01
9.983108e-01 -4.572962e-03 -5.791989e-02 -1.667775e+00 4.837802e-03 9.999785e-01 4.433128e-03 -3.198683e-01 5.789837e-02 -4.705844e-03 9.983114e-01 3.149769e+01
9.981780e-01 -1.030905e-02 -5.945156e-02 -1.683233e+00 1.058860e-02 9.999343e-01 4.389012e-03 -3.594062e-01 5.940241e-02 -5.010524e-03 9.982215e-01 3.247734e+01
9.980060e-01 -1.330138e-02 -6.170192e-02 -1.717317e+00 1.334005e-02 9.999110e-01 2.148113e-04 -3.638877e-01 6.169358e-02 -1.037490e-03 9.980946e-01 3.346257e+01
9.979745e-01 -1.239461e-02 -6.239591e-02 -1.787745e+00 1.215621e-02 9.999173e-01 -4.198906e-03 -3.718854e-01 6.244280e-02 3.431904e-03 9.980426e-01 3.447344e+01
9.977715e-01 -1.454985e-02 -6.511778e-02 -1.880689e+00 1.420981e-02 9.998829e-01 -5.682091e-03 -3.467407e-01 6.519282e-02 4.744117e-03 9.978614e-01 3.552951e+01
9.977237e-01 -1.405227e-02 -6.595390e-02 -1.965142e+00 1.373567e-02 9.998919e-01 -5.251305e-03 -3.470239e-01 6.602056e-02 4.333431e-03 9.978089e-01 3.657072e+01
9.977111e-01 -1.182590e-02 -6.657919e-02 -2.044224e+00 1.167179e-02 9.999282e-01 -2.703160e-03 -3.550160e-01 6.660637e-02 1.919874e-03 9.977775e-01 3.761424e+01
9.974736e-01 -9.255560e-03 -7.043297e-02 -2.027621e+00 9.161616e-03 9.999567e-01 -1.656734e-03 -3.912007e-01 7.044525e-02 1.007268e-03 9.975151e-01 3.864854e+01
9.974207e-01 -5.580388e-03 -7.156038e-02 -2.086293e+00 5.733459e-03 9.999817e-01 1.933812e-03 -4.465773e-01 7.154828e-02 -2.339113e-03 9.974344e-01 3.968327e+01
9.974196e-01 -6.122308e-03 -7.153142e-02 -2.158010e+00 6.477469e-03 9.999678e-01 4.734192e-03 -4.576518e-01 7.150013e-02 -5.185318e-03 9.974271e-01 4.070648e+01
9.974568e-01 -1.072866e-04 -7.127374e-02 -2.254615e+00 5.738629e-04 9.999785e-01 6.525813e-03 -4.477165e-01 7.127151e-02 -6.550117e-03 9.974354e-01 4.172673e+01
9.973158e-01 4.453303e-04 -7.321823e-02 -2.282213e+00 2.286413e-05 9.999796e-01 6.393544e-03 -4.702241e-01 7.321958e-02 -6.378057e-03 9.972954e-01 4.273862e+01
9.974136e-01 8.052934e-04 -7.187140e-02 -2.369400e+00 -4.429285e-04 9.999871e-01 5.057645e-03 -4.841116e-01 7.187455e-02 -5.012730e-03 9.974011e-01 4.374266e+01
9.974389e-01 1.317889e-03 -7.151122e-02 -2.465329e+00 -1.107527e-03 9.999949e-01 2.981225e-03 -4.749156e-01 7.151479e-02 -2.894389e-03 9.974353e-01 4.474168e+01
9.974674e-01 2.734388e-03 -7.107265e-02 -2.582055e+00 -2.538599e-03 9.999927e-01 2.844956e-03 -4.963274e-01 7.107992e-02 -2.657326e-03 9.974671e-01 4.573632e+01
9.974794e-01 2.391146e-03 -7.091634e-02 -2.681339e+00 -2.131016e-03 9.999907e-01 3.743549e-03 -5.163219e-01 7.092464e-02 -3.582989e-03 9.974752e-01 4.672880e+01
9.973878e-01 2.097435e-03 -7.220261e-02 -2.736039e+00 -1.721866e-03 9.999847e-01 5.263438e-03 -5.307558e-01 7.221254e-02 -5.125366e-03 9.973761e-01 4.771622e+01
9.973176e-01 4.178729e-03 -7.307650e-02 -2.795742e+00 -4.080227e-03 9.999906e-01 1.497160e-03 -5.401449e-01 7.308206e-02 -1.194975e-03 9.973252e-01 4.869489e+01
9.971560e-01 2.908468e-03 -7.530895e-02 -2.850606e+00 -3.078256e-03 9.999930e-01 -2.138577e-03 -5.538506e-01 7.530220e-02 2.364315e-03 9.971580e-01 4.967775e+01
9.971559e-01 5.251847e-03 -7.518342e-02 -2.966240e+00 -5.536249e-03 9.999783e-01 -3.574861e-03 -5.679889e-01 7.516301e-02 3.980928e-03 9.971633e-01 5.065439e+01
9.972118e-01 3.679292e-03 -7.453244e-02 -3.063591e+00 -3.746091e-03 9.999927e-01 -7.564691e-04 -5.754973e-01 7.452911e-02 1.033565e-03 9.972183e-01 5.162866e+01
9.971138e-01 2.225803e-03 -7.588838e-02 -3.121946e+00 -2.106410e-03 9.999964e-01 1.653274e-03 -5.844248e-01 7.589179e-02 -1.488650e-03 9.971149e-01 5.259946e+01
9.969677e-01 1.525984e-03 -7.780154e-02 -3.133694e+00 -1.360215e-03 9.999967e-01 2.183604e-03 -6.067624e-01 7.780461e-02 -2.071155e-03 9.969665e-01 5.356456e+01
9.970511e-01 7.075141e-05 -7.674059e-02 -3.211657e+00 -1.280533e-05 9.999997e-01 7.555822e-04 -6.323470e-01 7.674062e-02 -7.523713e-04 9.970508e-01 5.452692e+01
9.970506e-01 -7.597061e-04 -7.674331e-02 -3.271527e+00 7.164661e-04 9.999996e-01 -5.909674e-04 -6.651333e-01 7.674373e-02 5.342404e-04 9.970507e-01 5.548550e+01
9.969444e-01 -2.810719e-03 -7.806325e-02 -3.346842e+00 2.851255e-03 9.999959e-01 4.078262e-04 -6.699074e-01 7.806178e-02 -6.291583e-04 9.969483e-01 5.644688e+01
9.968891e-01 -5.051877e-03 -7.865485e-02 -3.424625e+00 5.458401e-03 9.999728e-01 4.954322e-03 -6.974852e-01 7.862769e-02 -5.368239e-03 9.968896e-01 5.740737e+01
9.967908e-01 -4.110712e-03 -7.994440e-02 -3.474311e+00 4.939739e-03 9.999360e-01 1.017505e-02 -7.325370e-01 7.989746e-02 -1.053730e-02 9.967474e-01 5.835977e+01
9.967784e-01 -4.155565e-03 -8.009654e-02 -3.579061e+00 5.201758e-03 9.999038e-01 1.285742e-02 -7.271316e-01 8.003540e-02 -1.323264e-02 9.967042e-01 5.929756e+01
9.966329e-01 -3.999007e-03 -8.189567e-02 -3.622458e+00 4.772200e-03 9.999459e-01 9.247631e-03 -7.331645e-01 8.185425e-02 -9.607315e-03 9.965980e-01 6.022386e+01
9.965338e-01 -2.856442e-03 -8.314033e-02 -3.697029e+00 3.079457e-03 9.999920e-01 2.554288e-03 -7.510867e-01 8.313237e-02 -2.801461e-03 9.965346e-01 6.113820e+01
9.963531e-01 -2.297270e-03 -8.529495e-02 -3.761855e+00 2.124981e-03 9.999955e-01 -2.110655e-03 -7.524304e-01 8.529941e-02 1.921707e-03 9.963535e-01 6.204971e+01
9.962675e-01 1.505650e-03 -8.630631e-02 -3.842806e+00 -1.611709e-03 9.999980e-01 -1.159197e-03 -7.608678e-01 8.630439e-02 1.293971e-03 9.962680e-01 6.294764e+01
9.961579e-01 5.310781e-03 -8.741434e-02 -3.923231e+00 -5.219869e-03 9.999856e-01 1.268568e-03 -7.906956e-01 8.741982e-02 -8.074029e-04 9.961712e-01 6.382944e+01
9.960209e-01 7.804775e-03 -8.877781e-02 -3.993315e+00 -7.587718e-03 9.999673e-01 2.782160e-03 -8.006177e-01 8.879663e-02 -2.097468e-03 9.960476e-01 6.469836e+01
9.958968e-01 8.974530e-03 -9.005046e-02 -4.081245e+00 -8.758587e-03 9.999577e-01 2.792896e-03 -8.148858e-01 9.007172e-02 -1.992721e-03 9.959333e-01 6.555181e+01
9.958000e-01 1.028364e-02 -9.097573e-02 -4.175369e+00 -1.006575e-02 9.999453e-01 2.853577e-03 -8.059423e-01 9.100010e-02 -1.925854e-03 9.958490e-01 6.639267e+01
9.956422e-01 1.126592e-02 -9.257250e-02 -4.241854e+00 -1.093225e-02 9.999318e-01 4.110683e-03 -8.517213e-01 9.261249e-02 -3.080743e-03 9.956975e-01 6.722052e+01
9.955934e-01 1.128461e-02 -9.309420e-02 -4.346325e+00 -1.086754e-02 9.999285e-01 4.985853e-03 -8.675835e-01 9.314381e-02 -3.952177e-03 9.956448e-01 6.803329e+01
9.954835e-01 1.054870e-02 -9.434732e-02 -4.448721e+00 -1.013373e-02 9.999368e-01 4.876376e-03 -8.509427e-01 9.439280e-02 -3.898261e-03 9.955274e-01 6.883415e+01
9.955176e-01 1.225556e-02 -9.377878e-02 -4.602939e+00 -1.169722e-02 9.999105e-01 6.501165e-03 -8.272956e-01 9.385005e-02 -5.375074e-03 9.955718e-01 6.961576e+01
9.955929e-01 1.368476e-02 -9.277651e-02 -4.756192e+00 -1.284843e-02 9.998713e-01 9.605734e-03 -8.164638e-01 9.289602e-02 -8.371368e-03 9.956406e-01 7.037988e+01
9.954018e-01 1.770794e-02 -9.413634e-02 -4.852270e+00 -1.663844e-02 9.997879e-01 1.213402e-02 -8.440958e-01 9.433125e-02 -1.051194e-02 9.954854e-01 7.112989e+01
9.950398e-01 1.978451e-02 -9.749056e-02 -4.863282e+00 -1.904199e-02 9.997822e-01 8.540912e-03 -8.627237e-01 9.763830e-02 -6.642133e-03 9.951998e-01 7.186356e+01
9.949083e-01 1.883161e-02 -9.900917e-02 -4.934449e+00 -1.876157e-02 9.998226e-01 1.638530e-03 -8.815858e-01 9.902247e-02 2.273810e-04 9.950852e-01 7.257577e+01
9.947267e-01 1.776570e-02 -1.010107e-01 -4.999014e+00 -1.820935e-02 9.998282e-01 -3.471759e-03 -9.086070e-01 1.009316e-01 5.292790e-03 9.948793e-01 7.327054e+01
9.946570e-01 1.961687e-02 -1.013541e-01 -5.063534e+00 -2.016699e-02 9.997869e-01 -4.405763e-03 -9.220088e-01 1.012461e-01 6.426229e-03 9.948407e-01 7.394735e+01
9.943698e-01 2.192218e-02 -1.036727e-01 -5.105628e+00 -2.228231e-02 9.997490e-01 -2.316695e-03 -9.033115e-01 1.035959e-01 4.613719e-03 9.946088e-01 7.460558e+01
9.942403e-01 2.166276e-02 -1.049620e-01 -5.149156e+00 -2.180876e-02 9.997621e-01 -2.433717e-04 -9.247302e-01 1.049317e-01 2.531061e-03 9.944762e-01 7.523765e+01
9.942308e-01 1.852118e-02 -1.056512e-01 -5.208061e+00 -1.895727e-02 9.998154e-01 -3.124822e-03 -9.457831e-01 1.055738e-01 5.109653e-03 9.943983e-01 7.584866e+01
9.942285e-01 1.019811e-02 -1.067976e-01 -5.235594e+00 -1.122294e-02 9.998965e-01 -8.999376e-03 -9.461533e-01 1.066947e-01 1.014602e-02 9.942401e-01 7.644478e+01
9.943130e-01 5.983207e-03 -1.063291e-01 -5.275581e+00 -7.472742e-03 9.998794e-01 -1.361583e-02 -9.647628e-01 1.062349e-01 1.433297e-02 9.942378e-01 7.702753e+01
9.945404e-01 8.555506e-03 -1.040012e-01 -5.331888e+00 -1.007729e-02 9.998496e-01 -1.411571e-02 -9.658597e-01 1.038648e-01 1.508670e-02 9.944770e-01 7.759735e+01
9.947213e-01 1.314366e-02 -1.017685e-01 -5.374863e+00 -1.429181e-02 9.998421e-01 -1.056105e-02 -9.881162e-01 1.016136e-01 1.195976e-02 9.947520e-01 7.815227e+01
9.951202e-01 1.215528e-02 -9.791861e-02 -5.426419e+00 -1.298173e-02 9.998853e-01 -7.807495e-03 -9.914345e-01 9.781247e-02 9.040549e-03 9.951638e-01 7.869389e+01
9.958297e-01 8.484230e-03 -9.083631e-02 -5.515071e+00 -8.812127e-03 9.999560e-01 -3.209294e-03 -1.016666e+00 9.080509e-02 3.996372e-03 9.958607e-01 7.921782e+01
9.965645e-01 4.605238e-03 -8.269210e-02 -5.541264e+00 -4.638783e-03 9.999892e-01 -2.135347e-04 -1.026366e+00 8.269022e-02 5.963918e-04 9.965751e-01 7.972970e+01
9.974301e-01 9.028978e-03 -7.107519e-02 -5.586274e+00 -9.108670e-03 9.999582e-01 -7.972042e-04 -1.036713e+00 7.106502e-02 1.442556e-03 9.974706e-01 8.022960e+01
9.981610e-01 1.427359e-02 -5.891405e-02 -5.572993e+00 -1.434335e-02 9.998968e-01 -7.612517e-04 -1.053232e+00 5.889711e-02 1.604876e-03 9.982628e-01 8.071723e+01
9.989759e-01 1.873932e-02 -4.118262e-02 -5.594259e+00 -1.876126e-02 9.998240e-01 -1.462864e-04 -1.052900e+00 4.117263e-02 9.187745e-04 9.991516e-01 8.119139e+01
9.996706e-01 1.742211e-02 -1.884626e-02 -5.581135e+00 -1.742511e-02 9.998482e-01 4.855543e-06 -1.061365e+00 1.884349e-02 3.235442e-04 9.998224e-01 8.165141e+01
9.998984e-01 1.264885e-02 6.577302e-03 -5.546315e+00 -1.265919e-02 9.999187e-01 1.532741e-03 -1.088735e+00 -6.557380e-03 -1.615849e-03 9.999772e-01 8.210428e+01
9.994235e-01 1.118204e-02 3.205599e-02 -5.452895e+00 -1.130608e-02 9.999293e-01 3.690755e-03 -1.107400e+00 -3.201245e-02 -4.051055e-03 9.994793e-01 8.254426e+01
9.979207e-01 1.062533e-02 6.357184e-02 -5.390354e+00 -1.103137e-02 9.999209e-01 6.039455e-03 -1.130519e+00 -6.350264e-02 -6.728181e-03 9.979590e-01 8.297687e+01
9.952157e-01 1.109640e-02 9.706969e-02 -5.246362e+00 -1.171406e-02 9.999146e-01 5.795488e-03 -1.128447e+00 -9.699709e-02 -6.904841e-03 9.952607e-01 8.339127e+01
9.902781e-01 1.275633e-02 1.385156e-01 -5.166597e+00 -1.351931e-02 9.998982e-01 4.568749e-03 -1.116579e+00 -1.384433e-01 -6.396967e-03 9.903497e-01 8.381555e+01
9.833648e-01 1.317844e-02 1.811628e-01 -5.042474e+00 -1.403358e-02 9.998956e-01 3.439250e-03 -1.116125e+00 -1.810986e-01 -5.924400e-03 9.834471e-01 8.420961e+01
9.728482e-01 1.610737e-02 2.308828e-01 -4.929969e+00 -1.674425e-02 9.998595e-01 7.991388e-04 -1.120681e+00 -2.308375e-01 -4.643401e-03 9.729812e-01 8.461075e+01
9.587556e-01 1.607523e-02 2.837769e-01 -4.793384e+00 -1.632444e-02 9.998656e-01 -1.486802e-03 -1.147136e+00 -2.837626e-01 -3.207020e-03 9.588892e-01 8.498252e+01
9.398752e-01 1.694940e-02 3.410974e-01 -4.630911e+00 -1.651544e-02 9.998549e-01 -4.176213e-03 -1.145584e+00 -3.411186e-01 -1.708253e-03 9.400187e-01 8.535155e+01
9.169928e-01 1.881785e-02 3.984596e-01 -4.435298e+00 -1.733510e-02 9.998229e-01 -7.324092e-03 -1.133463e+00 -3.985268e-01 -1.911953e-04 9.171567e-01 8.569665e+01
8.887299e-01 1.929856e-02 4.580248e-01 -4.244718e+00 -1.661420e-02 9.998131e-01 -9.889017e-03 -1.135734e+00 -4.581300e-01 1.178950e-03 8.888844e-01 8.602376e+01
8.562020e-01 1.811930e-02 5.163234e-01 -4.013013e+00 -1.418416e-02 9.998325e-01 -1.156593e-02 -1.154909e+00 -5.164465e-01 2.579160e-03 8.563156e-01 8.633349e+01
8.221585e-01 1.760902e-02 5.689862e-01 -3.749103e+00 -1.370414e-02 9.998440e-01 -1.114139e-02 -1.185461e+00 -5.690937e-01 1.362528e-03 8.222716e-01 8.659613e+01
7.828669e-01 1.638673e-02 6.219734e-01 -3.486203e+00 -1.090813e-02 9.998610e-01 -1.261282e-02 -1.178467e+00 -6.220936e-01 3.089596e-03 7.829368e-01 8.688163e+01
7.409060e-01 1.693864e-02 6.713951e-01 -3.199057e+00 -1.163200e-02 9.998556e-01 -1.238910e-02 -1.170898e+00 -6.715080e-01 1.369495e-03 7.409961e-01 8.713579e+01
6.969020e-01 1.666414e-02 7.169728e-01 -2.900563e+00 -9.408116e-03 9.998564e-01 -1.409428e-02 -1.161068e+00 -7.171047e-01 3.076968e-03 6.969587e-01 8.736428e+01
6.505066e-01 1.545836e-02 7.593433e-01 -2.598600e+00 -4.261358e-03 9.998514e-01 -1.670393e-02 -1.158976e+00 -7.594886e-01 7.630185e-03 6.504758e-01 8.759553e+01
6.063246e-01 1.248359e-02 7.951193e-01 -2.262202e+00 2.557399e-03 9.998410e-01 -1.764794e-02 -1.167647e+00 -7.952132e-01 1.273382e-02 6.061962e-01 8.775173e+01
5.610313e-01 1.404044e-02 8.276755e-01 -1.929274e+00 5.203823e-03 9.997766e-01 -2.048727e-02 -1.155469e+00 -8.277782e-01 1.580108e-02 5.608329e-01 8.793508e+01
5.148739e-01 1.670359e-02 8.571032e-01 -1.588754e+00 5.077330e-03 9.997332e-01 -2.253324e-02 -1.146908e+00 -8.572509e-01 1.595357e-02 5.146517e-01 8.810607e+01
4.702158e-01 1.843755e-02 8.823589e-01 -1.240046e+00 6.383911e-03 9.996845e-01 -2.429120e-02 -1.151885e+00 -8.825284e-01 1.705500e-02 4.699497e-01 8.824789e+01
4.272617e-01 1.549149e-02 9.039953e-01 -8.772880e-01 1.360807e-02 9.996298e-01 -2.356203e-02 -1.171709e+00 -9.040256e-01 2.236879e-02 4.268927e-01 8.838530e+01
3.872629e-01 7.943368e-03 9.219351e-01 -5.133373e-01 3.270596e-02 9.992151e-01 -2.234749e-02 -1.154585e+00 -9.213890e-01 3.880713e-02 3.866992e-01 8.851153e+01
3.536263e-01 3.562613e-03 9.353800e-01 -1.370399e-01 3.936008e-02 9.990504e-01 -1.868544e-02 -1.158251e+00 -9.345583e-01 4.342430e-02 3.531503e-01 8.859607e+01
3.208629e-01 7.634456e-03 9.470949e-01 2.362185e-01 3.696851e-02 9.991045e-01 -2.057813e-02 -1.176830e+00 -9.464039e-01 4.161545e-02 3.202933e-01 8.870253e+01
2.901808e-01 1.515990e-02 9.568518e-01 6.150048e-01 2.447915e-02 9.994298e-01 -2.325819e-02 -1.218120e+00 -9.566587e-01 3.017200e-02 2.896442e-01 8.880145e+01
2.600743e-01 2.011582e-02 9.653791e-01 1.001487e+00 2.124757e-02 9.994217e-01 -2.654929e-02 -1.227359e+00 -9.653548e-01 2.741674e-02 2.594965e-01 8.891936e+01
2.350960e-01 2.130637e-02 9.717386e-01 1.406182e+00 2.371245e-02 9.993364e-01 -2.764831e-02 -1.245342e+00 -9.716829e-01 2.954231e-02 2.344347e-01 8.899087e+01
2.114149e-01 2.255414e-02 9.771361e-01 1.823102e+00 3.329340e-02 9.989874e-01 -3.026193e-02 -1.247580e+00 -9.768292e-01 3.893001e-02 2.104500e-01 8.906886e+01
1.910598e-01 2.837382e-02 9.811682e-01 2.249631e+00 3.865472e-02 9.985893e-01 -3.640472e-02 -1.262185e+00 -9.808170e-01 4.488226e-02 1.896935e-01 8.911783e+01
1.715779e-01 3.512353e-02 9.845442e-01 2.694860e+00 4.101924e-02 9.982429e-01 -4.276071e-02 -1.270612e+00 -9.843162e-01 4.772206e-02 1.698357e-01 8.918523e+01
1.532641e-01 3.686256e-02 9.874975e-01 3.157599e+00 3.846982e-02 9.983239e-01 -4.323740e-02 -1.277696e+00 -9.874362e-01 4.461559e-02 1.515891e-01 8.925759e+01
1.372250e-01 3.278928e-02 9.899971e-01 3.626506e+00 3.375603e-02 9.987166e-01 -3.775705e-02 -1.318392e+00 -9.899646e-01 3.859958e-02 1.359420e-01 8.932516e+01
1.233616e-01 2.946694e-02 9.919242e-01 4.110776e+00 3.479573e-02 9.988160e-01 -3.399908e-02 -1.339942e+00 -9.917516e-01 3.870891e-02 1.221902e-01 8.938009e+01
1.101682e-01 2.667814e-02 9.935548e-01 4.606274e+00 3.772054e-02 9.988073e-01 -3.100174e-02 -1.359870e+00 -9.931969e-01 4.089284e-02 1.090305e-01 8.942834e+01
9.877903e-02 2.565820e-02 9.947785e-01 5.119460e+00 4.247531e-02 9.986477e-01 -2.997569e-02 -1.381223e+00 -9.942025e-01 4.521450e-02 9.755561e-02 8.946737e+01
8.796015e-02 2.703855e-02 9.957570e-01 5.647678e+00 4.500477e-02 9.985029e-01 -3.108860e-02 -1.397067e+00 -9.951068e-01 4.754838e-02 8.661160e-02 8.951546e+01
8.005302e-02 2.820304e-02 9.963915e-01 6.192047e+00 4.653704e-02 9.984039e-01 -3.199893e-02 -1.411290e+00 -9.957037e-01 4.893073e-02 7.861276e-02 8.955874e+01
7.513280e-02 2.860603e-02 9.967631e-01 6.754951e+00 4.898610e-02 9.982757e-01 -3.234185e-02 -1.435146e+00 -9.959696e-01 5.125747e-02 7.360195e-02 8.958796e+01
6.975919e-02 2.936943e-02 9.971314e-01 7.337230e+00 5.081471e-02 9.981642e-01 -3.295484e-02 -1.459880e+00 -9.962688e-01 5.296785e-02 6.813873e-02 8.962930e+01
6.366236e-02 3.131329e-02 9.974801e-01 7.939498e+00 5.090519e-02 9.981046e-01 -3.458182e-02 -1.469633e+00 -9.966723e-01 5.297848e-02 6.194769e-02 8.966408e+01
5.959969e-02 3.134579e-02 9.977301e-01 8.557937e+00 5.310325e-02 9.979920e-01 -3.452616e-02 -1.492652e+00 -9.968089e-01 5.504046e-02 5.781545e-02 8.969332e+01
5.561654e-02 3.079181e-02 9.979773e-01 9.195831e+00 5.495852e-02 9.979146e-01 -3.385267e-02 -1.522766e+00 -9.969385e-01 5.673013e-02 5.380829e-02 8.973345e+01
5.287827e-02 3.077929e-02 9.981265e-01 9.849548e+00 5.618732e-02 9.978497e-01 -3.374742e-02 -1.538904e+00 -9.970190e-01 5.786656e-02 5.103516e-02 8.977174e+01
5.043316e-02 3.041885e-02 9.982641e-01 1.052262e+01 5.761226e-02 9.977830e-01 -3.331481e-02 -1.560838e+00 -9.970644e-01 5.919243e-02 4.856885e-02 8.979987e+01
4.921273e-02 2.942693e-02 9.983547e-01 1.120660e+01 6.236618e-02 9.975248e-01 -3.247674e-02 -1.599784e+00 -9.968393e-01 6.386184e-02 4.725567e-02 8.984308e+01
4.969102e-02 2.935482e-02 9.983332e-01 1.191342e+01 6.444952e-02 9.973905e-01 -3.253501e-02 -1.617665e+00 -9.966830e-01 6.595879e-02 4.766944e-02 8.986986e+01
5.094044e-02 2.904032e-02 9.982794e-01 1.263352e+01 6.653837e-02 9.972575e-01 -3.240593e-02 -1.654924e+00 -9.964827e-01 6.807466e-02 4.886844e-02 8.992882e+01
5.533109e-02 2.909555e-02 9.980440e-01 1.337142e+01 6.883297e-02 9.970861e-01 -3.288369e-02 -1.682336e+00 -9.960926e-01 7.051782e-02 5.316713e-02 8.996602e+01
6.017627e-02 2.829680e-02 9.977866e-01 1.412799e+01 6.928045e-02 9.970692e-01 -3.245474e-02 -1.712233e+00 -9.957806e-01 7.108011e-02 5.803949e-02 9.002503e+01
6.295928e-02 2.676609e-02 9.976571e-01 1.489697e+01 6.974020e-02 9.970787e-01 -3.115168e-02 -1.736197e+00 -9.955764e-01 7.153809e-02 6.090868e-02 9.008959e+01
6.715724e-02 2.447334e-02 9.974422e-01 1.568233e+01 6.998874e-02 9.971210e-01 -2.917777e-02 -1.772462e+00 -9.952846e-01 7.176922e-02 6.525103e-02 9.014542e+01
7.180728e-02 2.227860e-02 9.971697e-01 1.647524e+01 6.700020e-02 9.973846e-01 -2.710816e-02 -1.801284e+00 -9.951657e-01 6.875713e-02 7.012680e-02 9.020350e+01
7.527034e-02 2.208012e-02 9.969187e-01 1.727504e+01 6.580505e-02 9.974655e-01 -2.706071e-02 -1.820721e+00 -9.949895e-01 6.763916e-02 7.362659e-02 9.027841e+01
7.887136e-02 2.347148e-02 9.966084e-01 1.807580e+01 6.299928e-02 9.976071e-01 -2.848075e-02 -1.843082e+00 -9.948922e-01 6.503193e-02 7.720394e-02 9.036315e+01
8.302528e-02 2.762839e-02 9.961644e-01 1.888497e+01 6.289132e-02 9.974777e-01 -3.290649e-02 -1.864102e+00 -9.945610e-01 6.538216e-02 8.107829e-02 9.040795e+01
8.407221e-02 3.269486e-02 9.959231e-01 1.969395e+01 5.412754e-02 9.978361e-01 -3.732691e-02 -1.925993e+00 -9.949885e-01 5.704503e-02 8.212059e-02 9.049331e+01
8.353742e-02 3.592546e-02 9.958568e-01 2.050878e+01 5.131023e-02 9.978692e-01 -4.030221e-02 -1.968557e+00 -9.951828e-01 5.446439e-02 8.151608e-02 9.057444e+01
8.476769e-02 3.494008e-02 9.957879e-01 2.132769e+01 4.960837e-02 9.979976e-01 -3.924058e-02 -2.014926e+00 -9.951650e-01 5.272575e-02 8.286463e-02 9.059479e+01
8.443844e-02 3.281158e-02 9.958883e-01 2.214135e+01 4.696401e-02 9.982159e-01 -3.687021e-02 -2.067319e+00 -9.953213e-01 4.988417e-02 8.274683e-02 9.067353e+01
8.379071e-02 3.196474e-02 9.959706e-01 2.295571e+01 4.727468e-02 9.982325e-01 -3.601453e-02 -2.111626e+00 -9.953614e-01 5.010187e-02 8.213149e-02 9.075310e+01
8.559570e-02 3.063083e-02 9.958590e-01 2.377070e+01 4.380589e-02 9.984450e-01 -3.447556e-02 -2.170498e+00 -9.953665e-01 4.657545e-02 8.412079e-02 9.077552e+01
8.531120e-02 3.189238e-02 9.958438e-01 2.457758e+01 4.562253e-02 9.983142e-01 -3.587985e-02 -2.180541e+00 -9.953093e-01 4.849387e-02 8.371237e-02 9.088351e+01
8.682369e-02 3.219307e-02 9.957034e-01 2.538746e+01 4.386509e-02 9.983848e-01 -3.610473e-02 -2.222165e+00 -9.952575e-01 4.681136e-02 8.527130e-02 9.093688e+01
8.445885e-02 3.354924e-02 9.958620e-01 2.619530e+01 4.054277e-02 9.984897e-01 -3.707618e-02 -2.273678e+00 -9.956018e-01 4.350642e-02 8.297111e-02 9.101828e+01
8.242877e-02 3.411584e-02 9.960129e-01 2.700540e+01 3.876211e-02 9.985479e-01 -3.741057e-02 -2.297878e+00 -9.958429e-01 4.169127e-02 8.098668e-02 9.106559e+01
7.896656e-02 3.283660e-02 9.963363e-01 2.781602e+01 3.374307e-02 9.987966e-01 -3.559206e-02 -2.357082e+00 -9.963060e-01 3.643003e-02 7.776352e-02 9.110548e+01
7.385931e-02 3.058847e-02 9.967995e-01 2.862406e+01 2.898885e-02 9.990413e-01 -3.280524e-02 -2.409342e+00 -9.968473e-01 3.131904e-02 7.290178e-02 9.117973e+01
6.666265e-02 2.836920e-02 9.973722e-01 2.942628e+01 2.710185e-02 9.991754e-01 -3.023194e-02 -2.447824e+00 -9.974074e-01 2.904597e-02 6.583882e-02 9.126806e+01
6.062964e-02 2.811253e-02 9.977644e-01 3.022654e+01 2.490967e-02 9.992494e-01 -2.966801e-02 -2.508016e+00 -9.978495e-01 2.665274e-02 5.988385e-02 9.127831e+01
5.217272e-02 2.965610e-02 9.981976e-01 3.102767e+01 2.613601e-02 9.991760e-01 -3.105122e-02 -2.530005e+00 -9.982960e-01 2.770893e-02 5.135464e-02 9.130580e+01
4.134143e-02 2.970299e-02 9.987035e-01 3.182234e+01 2.626479e-02 9.991803e-01 -3.080441e-02 -2.566453e+00 -9.987998e-01 2.750424e-02 4.052740e-02 9.137136e+01
3.080448e-02 2.882413e-02 9.991097e-01 3.261384e+01 2.832072e-02 9.991576e-01 -2.969869e-02 -2.593969e+00 -9.991241e-01 2.921036e-02 2.996221e-02 9.140756e+01
1.995492e-02 2.712950e-02 9.994327e-01 3.340487e+01 2.633958e-02 9.992706e-01 -2.765100e-02 -2.642007e+00 -9.994539e-01 2.687641e-02 1.922579e-02 9.140601e+01
7.575345e-03 2.619961e-02 9.996280e-01 3.419111e+01 2.649764e-02 9.993004e-01 -2.639182e-02 -2.677875e+00 -9.996202e-01 2.668771e-02 6.875818e-03 9.142874e+01
-1.891711e-03 2.602646e-02 9.996595e-01 3.496828e+01 2.662220e-02 9.993082e-01 -2.596694e-02 -2.721302e+00 -9.996438e-01 2.656401e-02 -2.583284e-03 9.137319e+01
-1.383966e-02 2.601576e-02 9.995657e-01 3.574339e+01 2.697544e-02 9.993073e-01 -2.563555e-02 -2.767005e+00 -9.995403e-01 2.660893e-02 -1.453186e-02 9.138048e+01
-2.416598e-02 2.708415e-02 9.993410e-01 3.651144e+01 2.659027e-02 9.992967e-01 -2.643994e-02 -2.812161e+00 -9.993543e-01 2.593380e-02 -2.486916e-02 9.135646e+01
-3.471603e-02 2.813371e-02 9.990011e-01 3.727298e+01 2.748343e-02 9.992525e-01 -2.718572e-02 -2.834419e+00 -9.990192e-01 2.651220e-02 -3.546329e-02 9.134803e+01
-4.437068e-02 2.955710e-02 9.985778e-01 3.802688e+01 2.866336e-02 9.991884e-01 -2.830155e-02 -2.857742e+00 -9.986039e-01 2.736684e-02 -4.518187e-02 9.131590e+01
-5.320704e-02 3.061335e-02 9.981141e-01 3.877312e+01 3.287193e-02 9.990420e-01 -2.888948e-02 -2.868489e+00 -9.980423e-01 3.127282e-02 -5.416239e-02 9.127412e+01
-6.339960e-02 3.093041e-02 9.975088e-01 3.951185e+01 3.293433e-02 9.990400e-01 -2.888465e-02 -2.903308e+00 -9.974446e-01 3.102101e-02 -6.435741e-02 9.123593e+01
-7.243288e-02 3.028556e-02 9.969134e-01 4.024184e+01 3.351978e-02 9.990481e-01 -2.791496e-02 -2.943674e+00 -9.968099e-01 3.139435e-02 -7.337909e-02 9.118430e+01
-8.123363e-02 3.042354e-02 9.962306e-01 4.096486e+01 3.656181e-02 9.989522e-01 -2.752537e-02 -2.955985e+00 -9.960243e-01 3.418801e-02 -8.226086e-02 9.114747e+01
-8.793142e-02 2.894534e-02 9.957059e-01 4.168117e+01 3.837929e-02 9.989340e-01 -2.564988e-02 -2.984084e+00 -9.953869e-01 3.595906e-02 -8.894859e-02 9.110334e+01
-9.042321e-02 2.664173e-02 9.955470e-01 4.237965e+01 4.121927e-02 9.988857e-01 -2.298722e-02 -3.026351e+00 -9.950501e-01 3.895715e-02 -9.142060e-02 9.100791e+01
-9.530497e-02 2.594103e-02 9.951101e-01 4.306982e+01 4.347827e-02 9.988149e-01 -2.187355e-02 -3.044989e+00 -9.944982e-01 4.118101e-02 -9.631989e-02 9.097864e+01
-9.604663e-02 2.436716e-02 9.950785e-01 4.374094e+01 4.367265e-02 9.988408e-01 -2.024393e-02 -3.090391e+00 -9.944183e-01 4.151335e-02 -9.699947e-02 9.089529e+01
-9.603087e-02 2.558850e-02 9.950494e-01 4.439375e+01 4.552731e-02 9.987362e-01 -2.128953e-02 -3.093557e+00 -9.943366e-01 4.325747e-02 -9.707448e-02 9.079935e+01
-9.625097e-02 2.782472e-02 9.949681e-01 4.503568e+01 4.590566e-02 9.986696e-01 -2.348742e-02 -3.102843e+00 -9.942980e-01 4.341398e-02 -9.740023e-02 9.075685e+01
-9.355406e-02 3.044549e-02 9.951486e-01 4.565749e+01 4.684305e-02 9.985600e-01 -2.614614e-02 -3.108199e+00 -9.945116e-01 4.416972e-02 -9.484550e-02 9.070079e+01
-9.009586e-02 3.183801e-02 9.954241e-01 4.626144e+01 4.620219e-02 9.985464e-01 -2.775611e-02 -3.126469e+00 -9.948608e-01 4.349006e-02 -9.143589e-02 9.067065e+01
-8.156863e-02 3.360745e-02 9.961009e-01 4.684437e+01 4.643621e-02 9.984741e-01 -2.988495e-02 -3.138053e+00 -9.955854e-01 4.381748e-02 -8.300477e-02 9.062219e+01
-7.244958e-02 3.362100e-02 9.968052e-01 4.740786e+01 4.508971e-02 9.985202e-01 -3.040165e-02 -3.168070e+00 -9.963523e-01 4.274307e-02 -7.385833e-02 9.060947e+01
-5.891114e-02 3.458567e-02 9.976639e-01 4.795080e+01 4.479165e-02 9.984847e-01 -3.196922e-02 -3.184625e+00 -9.972578e-01 4.280367e-02 -6.037102e-02 9.058405e+01
-4.211944e-02 3.584587e-02 9.984693e-01 4.848548e+01 4.342035e-02 9.984777e-01 -3.401452e-02 -3.217323e+00 -9.981686e-01 4.192122e-02 -4.361176e-02 9.057396e+01
-2.113996e-02 3.844442e-02 9.990371e-01 4.901276e+01 4.154931e-02 9.984309e-01 -3.754190e-02 -3.247112e+00 -9.989128e-01 4.071567e-02 -2.270413e-02 9.057914e+01
2.953796e-03 4.194292e-02 9.991156e-01 4.953551e+01 3.865636e-02 9.983684e-01 -4.202584e-02 -3.272924e+00 -9.992482e-01 3.874631e-02 1.327616e-03 9.060297e+01
3.230482e-02 4.411852e-02 9.985039e-01 5.005944e+01 3.752371e-02 9.982674e-01 -4.532209e-02 -3.293488e+00 -9.987734e-01 3.893169e-02 3.059336e-02 9.063298e+01
6.310978e-02 4.444554e-02 9.970164e-01 5.057455e+01 3.494821e-02 9.982967e-01 -4.671479e-02 -3.316418e+00 -9.973945e-01 3.779210e-02 6.144900e-02 9.071484e+01
1.012861e-01 4.248035e-02 9.939500e-01 5.108344e+01 3.281379e-02 9.984017e-01 -4.601442e-02 -3.336742e+00 -9.943160e-01 3.727589e-02 9.973026e-02 9.078485e+01
1.415522e-01 3.916708e-02 9.891557e-01 5.158305e+01 2.975295e-02 9.985972e-01 -4.379870e-02 -3.363849e+00 -9.894836e-01 3.563010e-02 1.401883e-01 9.090320e+01
1.880611e-01 3.396536e-02 9.815699e-01 5.208567e+01 2.622198e-02 9.988720e-01 -3.958799e-02 -3.401901e+00 -9.818072e-01 3.318367e-02 1.869583e-01 9.101583e+01
2.335468e-01 2.928287e-02 9.719045e-01 5.254700e+01 2.084738e-02 9.991659e-01 -3.511382e-02 -3.454182e+00 -9.721220e-01 2.846238e-02 2.327415e-01 9.119419e+01
2.856629e-01 2.720438e-02 9.579440e-01 5.301861e+01 1.557850e-02 9.993331e-01 -3.302535e-02 -3.489399e+00 -9.582035e-01 2.435745e-02 2.850486e-01 9.135405e+01
3.388186e-01 2.639583e-02 9.404814e-01 5.346554e+01 1.325138e-02 9.993733e-01 -3.282266e-02 -3.523454e+00 -9.407584e-01 2.358360e-02 3.382565e-01 9.156189e+01
4.006635e-01 2.730566e-02 9.158183e-01 5.389742e+01 1.431395e-02 9.992473e-01 -3.605539e-02 -3.538012e+00 -9.161135e-01 2.755506e-02 3.999710e-01 9.173590e+01
4.602072e-01 2.955181e-02 8.873196e-01 5.431064e+01 1.510605e-02 9.990405e-01 -4.110737e-02 -3.573526e+00 -8.876830e-01 3.232180e-02 4.593193e-01 9.197774e+01
5.196847e-01 3.313372e-02 8.537154e-01 5.468837e+01 1.405701e-02 9.987808e-01 -4.732085e-02 -3.596978e+00 -8.542425e-01 3.659260e-02 5.185853e-01 9.223180e+01
5.772034e-01 3.666179e-02 8.157770e-01 5.505004e+01 9.182688e-03 9.986371e-01 -5.137690e-02 -3.629876e+00 -8.165488e-01 3.714595e-02 5.760801e-01 9.254179e+01
6.322953e-01 3.913679e-02 7.737383e-01 5.539567e+01 4.237697e-03 9.985335e-01 -5.397029e-02 -3.658763e+00 -7.747158e-01 3.740403e-02 6.312023e-01 9.286807e+01
6.855356e-01 3.804197e-02 7.270445e-01 5.570040e+01 2.726881e-03 9.984927e-01 -5.481645e-02 -3.699740e+00 -7.280340e-01 3.956119e-02 6.843986e-01 9.319992e+01
7.319356e-01 3.747164e-02 6.803427e-01 5.596779e+01 -1.583706e-04 9.984960e-01 -5.482438e-02 -3.720989e+00 -6.813738e-01 4.002017e-02 7.308407e-01 9.359493e+01
7.770419e-01 3.495595e-02 6.284775e-01 5.623990e+01 -4.212301e-03 9.987232e-01 -5.034101e-02 -3.741115e+00 -6.294347e-01 3.646974e-02 7.761971e-01 9.398736e+01
8.170758e-01 2.926325e-02 5.757871e-01 5.646171e+01 -5.704867e-03 9.990725e-01 -4.268036e-02 -3.764546e+00 -5.765020e-01 3.158830e-02 8.164849e-01 9.438636e+01
8.524201e-01 2.655403e-02 5.221827e-01 5.666219e+01 -8.872309e-03 9.993003e-01 -3.633310e-02 -3.789001e+00 -5.227822e-01 2.633810e-02 8.520593e-01 9.482316e+01
8.828421e-01 2.382761e-02 4.690651e-01 5.685330e+01 -1.142898e-02 9.995064e-01 -2.926217e-02 -3.804012e+00 -4.695308e-01 2.047294e-02 8.826787e-01 9.526569e+01
9.076736e-01 2.333316e-02 4.190278e-01 5.700061e+01 -1.507517e-02 9.996216e-01 -2.300802e-02 -3.838606e+00 -4.194060e-01 1.456685e-02 9.076819e-01 9.571073e+01
9.273784e-01 2.609993e-02 3.732131e-01 5.715018e+01 -2.007641e-02 9.995980e-01 -2.001808e-02 -3.852462e+00 -3.735856e-01 1.107156e-02 9.275296e-01 9.617804e+01
9.424173e-01 3.180785e-02 3.329234e-01 5.726739e+01 -2.768967e-02 9.994702e-01 -1.710837e-02 -3.869805e+00 -3.332912e-01 6.904684e-03 9.427987e-01 9.664251e+01
9.537772e-01 3.674101e-02 2.982601e-01 5.737745e+01 -3.285566e-02 9.992974e-01 -1.803197e-02 -3.884041e+00 -2.987131e-01 7.398946e-03 9.543143e-01 9.712146e+01
9.623482e-01 3.875760e-02 2.690425e-01 5.745483e+01 -3.528580e-02 9.992200e-01 -1.773007e-02 -3.895959e+00 -2.695198e-01 7.569122e-03 9.629651e-01 9.760764e+01
9.683790e-01 3.223293e-02 2.473929e-01 5.755449e+01 -2.885952e-02 9.994346e-01 -1.725092e-02 -3.911018e+00 -2.478091e-01 9.565783e-03 9.687617e-01 9.809337e+01
9.720388e-01 2.932700e-02 2.329819e-01 5.765136e+01 -2.624880e-02 9.995225e-01 -1.630229e-02 -3.931097e+00 -2.333488e-01 9.730960e-03 9.723444e-01 9.859095e+01
9.750462e-01 3.290736e-02 2.195494e-01 5.776262e+01 -2.989209e-02 9.994078e-01 -1.704265e-02 -3.939733e+00 -2.199802e-01 1.005458e-02 9.754525e-01 9.909702e+01
9.767931e-01 4.001867e-02 2.104133e-01 5.786223e+01 -3.734537e-02 9.991635e-01 -1.666477e-02 -3.939229e+00 -2.109042e-01 8.420075e-03 9.774705e-01 9.961317e+01
9.777927e-01 4.780567e-02 2.040493e-01 5.796195e+01 -4.518088e-02 9.988254e-01 -1.750550e-02 -3.955846e+00 -2.046465e-01 7.897616e-03 9.788041e-01 1.001396e+02
9.783291e-01 5.255645e-02 2.002750e-01 5.809647e+01 -4.942385e-02 9.985652e-01 -2.061292e-02 -3.978793e+00 -2.010710e-01 1.026785e-02 9.795229e-01 1.006681e+02
9.785809e-01 5.340840e-02 1.988138e-01 5.823400e+01 -4.975791e-02 9.984891e-01 -2.331611e-02 -3.995828e+00 -1.997587e-01 1.292414e-02 9.797599e-01 1.012071e+02
9.780932e-01 5.292195e-02 2.013280e-01 5.835030e+01 -4.830160e-02 9.984459e-01 -2.779661e-02 -3.997788e+00 -2.024862e-01 1.746321e-02 9.791294e-01 1.017596e+02
9.772451e-01 5.047799e-02 2.060195e-01 5.845027e+01 -4.424229e-02 9.984157e-01 -3.476596e-02 -4.006524e+00 -2.074480e-01 2.486009e-02 9.779301e-01 1.023274e+02
9.766457e-01 4.922553e-02 2.091414e-01 5.859510e+01 -4.180669e-02 9.983347e-01 -3.974937e-02 -4.032465e+00 -2.107498e-01 3.007754e-02 9.770772e-01 1.029067e+02
9.751788e-01 5.377583e-02 2.147895e-01 5.868885e+01 -4.632999e-02 9.981428e-01 -3.955471e-02 -4.056337e+00 -2.165177e-01 2.862172e-02 9.758591e-01 1.035078e+02
9.737033e-01 5.801321e-02 2.203098e-01 5.880551e+01 -5.149449e-02 9.980520e-01 -3.522244e-02 -4.079729e+00 -2.219240e-01 2.295147e-02 9.747938e-01 1.041198e+02
9.729731e-01 5.460139e-02 2.243702e-01 5.897459e+01 -4.907143e-02 9.983400e-01 -3.015364e-02 -4.113180e+00 -2.256442e-01 1.832851e-02 9.740374e-01 1.047294e+02
9.721459e-01 4.990466e-02 2.290018e-01 5.913008e+01 -4.560361e-02 9.986703e-01 -2.403884e-02 -4.147249e+00 -2.298970e-01 1.292595e-02 9.731291e-01 1.053562e+02
9.715836e-01 4.702636e-02 2.319783e-01 5.930935e+01 -4.369985e-02 9.988551e-01 -1.946076e-02 -4.171700e+00 -2.326279e-01 8.770336e-03 9.725263e-01 1.059834e+02
9.709183e-01 4.269483e-02 2.355736e-01 5.943881e+01 -3.937040e-02 9.990478e-01 -1.879981e-02 -4.188053e+00 -2.361519e-01 8.978456e-03 9.716747e-01 1.066323e+02
9.708873e-01 3.874006e-02 2.363833e-01 5.959410e+01 -3.463224e-02 9.991687e-01 -2.150682e-02 -4.217125e+00 -2.370200e-01 1.269422e-02 9.714218e-01 1.072794e+02
9.709526e-01 3.857540e-02 2.361418e-01 5.974500e+01 -3.286029e-02 9.990651e-01 -2.809138e-02 -4.238319e+00 -2.370047e-01 1.951571e-02 9.713125e-01 1.079408e+02
9.709785e-01 3.991935e-02 2.358120e-01 5.990440e+01 -3.257346e-02 9.988575e-01 -3.496692e-02 -4.263916e+00 -2.369384e-01 2.627091e-02 9.711694e-01 1.086147e+02
9.712849e-01 4.420446e-02 2.337766e-01 6.005799e+01 -3.617066e-02 9.986021e-01 -3.854385e-02 -4.283081e+00 -2.351536e-01 2.898121e-02 9.715260e-01 1.093113e+02
9.718997e-01 4.242192e-02 2.315412e-01 6.021587e+01 -3.540574e-02 9.987816e-01 -3.437575e-02 -4.310307e+00 -2.327173e-01 2.521189e-02 9.722176e-01 1.100233e+02
9.724174e-01 3.776899e-02 2.301692e-01 6.038191e+01 -3.236117e-02 9.991053e-01 -2.722623e-02 -4.338529e+00 -2.309916e-01 1.902672e-02 9.727697e-01 1.107435e+02
9.727529e-01 3.901444e-02 2.285380e-01 6.053896e+01 -3.502388e-02 9.991553e-01 -2.149276e-02 -4.362543e+00 -2.291835e-01 1.290286e-02 9.732977e-01 1.114696e+02
9.732159e-01 4.219899e-02 2.259867e-01 6.071361e+01 -3.808380e-02 9.990203e-01 -2.254067e-02 -4.382323e+00 -2.267165e-01 1.333050e-02 9.738696e-01 1.121977e+02
9.735127e-01 4.772256e-02 2.235968e-01 6.089259e+01 -4.255922e-02 9.987055e-01 -2.785745e-02 -4.385508e+00 -2.246368e-01 1.760347e-02 9.742835e-01 1.129376e+02
9.743455e-01 4.824519e-02 2.198256e-01 6.105520e+01 -4.193868e-02 9.985662e-01 -3.326843e-02 -4.404544e+00 -2.211154e-01 2.319576e-02 9.749718e-01 1.136939e+02
9.754521e-01 4.803034e-02 2.149099e-01 6.126316e+01 -4.105045e-02 9.984782e-01 -3.682706e-02 -4.416016e+00 -2.163517e-01 2.710088e-02 9.759393e-01 1.144554e+02
9.763165e-01 4.651457e-02 2.112877e-01 6.142557e+01 -3.976599e-02 9.985574e-01 -3.608007e-02 -4.430995e+00 -2.126611e-01 2.682351e-02 9.767578e-01 1.152365e+02
9.768851e-01 4.531763e-02 2.089064e-01 6.156572e+01 -3.902644e-02 9.986548e-01 -3.414122e-02 -4.463643e+00 -2.101725e-01 2.519917e-02 9.773395e-01 1.160355e+02
9.772712e-01 4.393768e-02 2.073897e-01 6.171729e+01 -3.822010e-02 9.987728e-01 -3.149800e-02 -4.498474e+00 -2.085192e-01 2.285563e-02 9.777512e-01 1.168514e+02
9.778974e-01 3.862599e-02 2.054864e-01 6.189206e+01 -3.320251e-02 9.990049e-01 -2.977766e-02 -4.502252e+00 -2.064321e-01 2.229684e-02 9.782069e-01 1.176641e+02
