1.000000e+00 0.000000e+00 0.000000e+00 0.000000e+00 0.000000e+00 1.000000e+00 0.000000e+00 0.000000e+00 0.000000e+00 0.000000e+00 1.000000e+00 0.000000e+00
9.990713e-01 -9.826113e-04 4.307679e-02 5.082162e-02 1.100589e-03 9.999957e-01 -2.715136e-03 -1.654039e-02 -4.307394e-02 2.760024e-03 9.990681e-01 9.983669e-01
9.960916e-01 -5.223762e-03 8.817190e-02 1.385883e-01 5.915357e-03 9.999537e-01 -7.584235e-03 -3.752607e-02 -8.812821e-02 8.076161e-03 9.960764e-01 1.995776e+00
9.910618e-01 -5.328286e-03 1.332972e-01 2.742968e-01 6.932500e-03 9.999090e-01 -1.157365e-02 -6.077361e-02 -1.332234e-01 1.239428e-02 9.910085e-01 2.979886e+00
9.838039e-01 -2.815828e-03 1.792260e-01 4.508811e-01 5.403648e-03 9.998881e-01 -1.395231e-02 -8.866534e-02 -1.791667e-01 1.469481e-02 9.837090e-01 3.962312e+00
9.743292e-01 -5.124134e-03 2.250698e-01 6.722350e-01 8.441778e-03 9.998694e-01 -1.378064e-02 -1.183145e-01 -2.249697e-01 1.532687e-02 9.742452e-01 4.929253e+00
9.627505e-01 -5.655612e-03 2.703322e-01 9.372820e-01 1.000378e-02 9.998418e-01 -1.470942e-02 -1.512373e-01 -2.702062e-01 1.686585e-02 9.626547e-01 5.883814e+00
9.493221e-01 -7.995719e-03 3.142032e-01 1.261215e+00 1.407437e-02 9.997550e-01 -1.708241e-02 -1.960359e-01 -3.139897e-01 2.063892e-02 9.492020e-01 6.815797e+00
9.339118e-01 -9.333925e-03 3.573816e-01 1.607030e+00 1.715065e-02 9.996779e-01 -1.870907e-02 -2.280419e-01 -3.570919e-01 2.360195e-02 9.337710e-01 7.740043e+00
9.165554e-01 -9.140198e-03 3.998032e-01 1.993747e+00 1.841546e-02 9.996429e-01 -1.936417e-02 -2.576519e-01 -3.994835e-01 2.511089e-02 9.163964e-01 8.645321e+00
8.970365e-01 -9.638599e-03 4.418513e-01 2.425747e+00 1.960861e-02 9.996456e-01 -1.800256e-02 -2.914842e-01 -4.415212e-01 2.481304e-02 8.969077e-01 9.526181e+00
8.751454e-01 -9.329910e-03 4.837701e-01 2.894934e+00 2.021886e-02 9.996459e-01 -1.729714e-02 -3.160190e-01 -4.834374e-01 2.491879e-02 8.750242e-01 1.038589e+01
8.511246e-01 -8.869969e-03 5.248888e-01 3.400437e+00 2.010050e-02 9.996747e-01 -1.570037e-02 -3.539072e-01 -5.245788e-01 2.391350e-02 8.510260e-01 1.122009e+01
8.255201e-01 -9.897416e-03 5.642859e-01 3.962700e+00 2.243166e-02 9.996316e-01 -1.528306e-02 -4.024323e-01 -5.639268e-01 2.527434e-02 8.254380e-01 1.201465e+01
7.984742e-01 -1.213637e-02 6.019067e-01 4.556601e+00 2.661608e-02 9.995309e-01 -1.515447e-02 -4.325231e-01 -6.014403e-01 2.812086e-02 7.984226e-01 1.277701e+01
7.698676e-01 -1.110151e-02 6.381070e-01 5.178830e+00 2.729971e-02 9.995064e-01 -1.554775e-02 -4.650823e-01 -6.376194e-01 2.938985e-02 7.697907e-01 1.351841e+01
7.390240e-01 -1.411507e-02 6.735312e-01 5.830208e+00 3.172303e-02 9.994005e-01 -1.386347e-02 -5.009222e-01 -6.729318e-01 3.161189e-02 7.390288e-01 1.422961e+01
7.068765e-01 -1.318820e-02 7.072141e-01 6.507533e+00 3.211900e-02 9.993933e-01 -1.346689e-02 -5.289636e-01 -7.066074e-01 3.223444e-02 7.068712e-01 1.491028e+01
6.729205e-01 -1.183609e-02 7.396201e-01 7.214279e+00 3.292441e-02 9.993603e-01 -1.396256e-02 -5.626278e-01 -7.389817e-01 3.374725e-02 6.728797e-01 1.555321e+01
6.373674e-01 -1.319681e-02 7.704471e-01 7.951404e+00 3.761589e-02 9.991941e-01 -1.400352e-02 -5.891431e-01 -7.696414e-01 3.790643e-02 6.373502e-01 1.615625e+01
6.011589e-01 -1.132223e-02 7.990493e-01 8.712223e+00 3.776354e-02 9.991851e-01 -1.425304e-02 -6.134289e-01 -7.982368e-01 3.874327e-02 6.010965e-01 1.672795e+01
5.631673e-01 -9.716836e-03 8.262858e-01 9.498435e+00 3.991177e-02 9.990837e-01 -1.545357e-02 -6.474560e-01 -8.253785e-01 4.168147e-02 5.630391e-01 1.726512e+01
5.249365e-01 -8.324525e-03 8.511007e-01 1.031189e+01 4.508599e-02 9.988202e-01 -1.803850e-02 -6.707585e-01 -8.499464e-01 4.784178e-02 5.246925e-01 1.776014e+01
4.865376e-01 -7.076024e-03 8.736310e-01 1.115708e+01 4.708082e-02 9.987265e-01 -1.813074e-02 -6.906613e-01 -8.723901e-01 4.995256e-02 4.862512e-01 1.821615e+01
4.475612e-01 -8.112464e-03 8.942165e-01 1.201519e+01 5.156612e-02 9.985291e-01 -1.675038e-02 -7.128090e-01 -8.927653e-01 5.360809e-02 4.473212e-01 1.865409e+01
4.108411e-01 -8.720923e-03 9.116652e-01 1.289372e+01 5.599312e-02 9.983080e-01 -1.568351e-02 -7.307135e-01 -9.099859e-01 5.749041e-02 4.106343e-01 1.905322e+01
3.757620e-01 -6.028962e-03 9.266966e-01 1.380162e+01 5.735020e-02 9.982134e-01 -1.676044e-02 -7.605737e-01 -9.249399e-01 5.944417e-02 3.754365e-01 1.941307e+01
3.431807e-01 -6.990743e-03 9.392434e-01 1.473391e+01 5.845883e-02 9.981926e-01 -1.393018e-02 -7.887854e-01 -9.374484e-01 5.968764e-02 3.429691e-01 1.973646e+01
3.100692e-01 -8.634918e-03 9.506748e-01 1.568064e+01 6.031709e-02 9.981229e-01 -1.060695e-02 -8.197191e-01 -9.487987e-01 6.063082e-02 3.100080e-01 2.003448e+01
2.772796e-01 -8.621022e-03 9.607506e-01 1.663925e+01 6.042687e-02 9.981366e-01 -8.483137e-03 -8.569306e-01 -9.588872e-01 6.040735e-02 2.772838e-01 2.029001e+01
2.440906e-01 -5.114488e-03 9.697390e-01 1.760573e+01 5.691481e-02 9.983379e-01 -9.060563e-03 -8.707240e-01 -9.680808e-01 5.740411e-02 2.439760e-01 2.054872e+01
2.130715e-01 -3.203298e-03 9.770314e-01 1.859745e+01 5.729838e-02 9.983145e-01 -9.222580e-03 -8.808072e-01 -9.753550e-01 5.794738e-02 2.128959e-01 2.076705e+01
1.822716e-01 -3.070190e-03 9.832434e-01 1.960406e+01 5.905581e-02 9.982240e-01 -7.830677e-03 -8.959396e-01 -9.814731e-01 5.949354e-02 1.821292e-01 2.097038e+01
1.519520e-01 -3.248254e-03 9.883825e-01 2.063697e+01 6.076209e-02 9.981339e-01 -6.061147e-03 -9.091073e-01 -9.865184e-01 6.097719e-02 1.518658e-01 2.108515e+01
1.213891e-01 -3.910722e-03 9.925973e-01 2.168332e+01 5.838145e-02 9.982892e-01 -3.206576e-03 -9.129373e-01 -9.908866e-01 5.833852e-02 1.214097e-01 2.120126e+01
9.114320e-02 -3.775535e-03 9.958306e-01 2.274087e+01 5.870650e-02 9.982740e-01 -1.588302e-03 -9.061372e-01 -9.941059e-01 5.860649e-02 9.120754e-02 2.132018e+01
6.426132e-02 -3.484582e-03 9.979270e-01 2.381827e+01 6.137055e-02 9.981149e-01 -4.667074e-04 -9.034581e-01 -9.960442e-01 6.127332e-02 6.435404e-02 2.134897e+01
3.854753e-02 -2.346561e-03 9.992540e-01 2.491039e+01 6.477773e-02 9.978997e-01 -1.555049e-04 -8.850112e-01 -9.971549e-01 6.473540e-02 3.861857e-02 2.136230e+01
1.598154e-02 -1.788291e-03 9.998707e-01 2.601431e+01 6.952064e-02 9.975803e-01 6.730042e-04 -8.945456e-01 -9.974525e-01 6.950089e-02 1.606719e-02 2.137468e+01
-4.308267e-03 -1.672684e-03 9.999893e-01 2.713050e+01 7.546985e-02 9.971461e-01 1.993076e-03 -8.899504e-01 -9.971388e-01 7.547763e-02 -4.169734e-03 2.137037e+01
-2.207974e-02 -2.126216e-03 9.997540e-01 2.825863e+01 7.939688e-02 9.968356e-01 3.873503e-03 -8.825073e-01 -9.965985e-01 7.946287e-02 -2.184105e-02 2.131611e+01
-3.749297e-02 -2.660212e-03 9.992934e-01 2.939290e+01 8.226792e-02 9.965937e-01 5.739675e-03 -8.907948e-01 -9.959047e-01 8.242498e-02 -3.714641e-02 2.126683e+01
-5.191059e-02 -3.318439e-03 9.986462e-01 3.053501e+01 8.525423e-02 9.963291e-01 7.742336e-03 -8.987515e-01 -9.950060e-01 8.554072e-02 -5.143712e-02 2.123455e+01
-6.489627e-02 -4.912189e-03 9.978799e-01 3.168075e+01 8.575198e-02 9.962614e-01 1.048103e-02 -9.179030e-01 -9.942007e-01 8.625035e-02 -6.423242e-02 2.114361e+01
-7.728735e-02 -4.908117e-03 9.969968e-01 3.284118e+01 8.550994e-02 9.962706e-01 1.153329e-02 -9.227227e-01 -9.933351e-01 8.614451e-02 -7.657942e-02 2.109190e+01
-8.864112e-02 -2.124340e-03 9.960614e-01 3.401673e+01 8.558538e-02 9.962832e-01 9.741195e-03 -9.171181e-01 -9.923799e-01 8.611176e-02 -8.812985e-02 2.098959e+01
-9.852029e-02 1.312022e-03 9.951342e-01 3.521414e+01 8.639814e-02 9.962344e-01 7.240118e-03 -9.178945e-01 -9.913774e-01 8.669104e-02 -9.826266e-02 2.086746e+01
-1.077916e-01 3.887186e-03 9.941659e-01 3.643500e+01 8.757655e-02 9.961420e-01 5.600503e-03 -9.164164e-01 -9.903087e-01 8.766931e-02 -1.077162e-01 2.073565e+01
-1.151773e-01 5.570148e-03 9.933293e-01 3.767685e+01 8.740011e-02 9.961629e-01 4.548070e-03 -9.023767e-01 -9.894925e-01 8.734093e-02 -1.152222e-01 2.057787e+01
-1.212414e-01 6.666090e-03 9.926007e-01 3.893802e+01 8.875216e-02 9.960451e-01 4.151424e-03 -9.113658e-01 -9.886474e-01 8.859878e-02 -1.213535e-01 2.043449e+01
-1.254918e-01 8.280145e-03 9.920601e-01 4.021268e+01 9.000729e-02 9.959364e-01 3.073076e-03 -9.108250e-01 -9.880033e-01 8.967829e-02 -1.257271e-01 2.020617e+01
-1.297085e-01 1.016303e-02 9.915001e-01 4.151717e+01 8.914320e-02 9.960178e-01 1.452423e-03 -9.063600e-01 -9.875369e-01 8.857389e-02 -1.300980e-01 2.003276e+01
-1.347998e-01 1.101814e-02 9.908116e-01 4.284812e+01 8.955843e-02 9.959810e-01 1.108794e-03 -9.114839e-01 -9.868173e-01 8.888500e-02 -1.352448e-01 1.986546e+01
-1.385484e-01 1.049490e-02 9.903001e-01 4.420416e+01 8.892771e-02 9.960363e-01 1.885778e-03 -8.994080e-01 -9.863550e-01 8.832639e-02 -1.389325e-01 1.971041e+01
-1.403299e-01 9.208766e-03 9.900620e-01 4.557205e+01 8.941886e-02 9.959883e-01 3.410208e-03 -8.832341e-01 -9.860587e-01 8.900877e-02 -1.405904e-01 1.950026e+01
-1.422988e-01 8.743048e-03 9.897851e-01 4.696217e+01 9.000351e-02 9.959328e-01 4.142213e-03 -8.760810e-01 -9.857233e-01 8.967357e-02 -1.425069e-01 1.929670e+01
-1.446940e-01 9.695930e-03 9.894289e-01 4.837595e+01 9.468861e-02 9.954985e-01 4.091842e-03 -9.019479e-01 -9.849354e-01 9.427972e-02 -1.449607e-01 1.912360e+01
-1.463698e-01 9.836380e-03 9.891810e-01 4.980806e+01 9.288866e-02 9.956691e-01 3.843902e-03 -8.760430e-01 -9.848592e-01 9.244633e-02 -1.466496e-01 1.890972e+01
-1.469017e-01 1.143656e-02 9.890850e-01 5.125617e+01 9.499586e-02 9.954743e-01 2.598622e-03 -8.677244e-01 -9.845789e-01 9.434072e-02 -1.473233e-01 1.869478e+01
-1.476748e-01 1.233646e-02 9.889590e-01 5.273192e+01 9.393039e-02 9.955775e-01 1.606994e-03 -8.438694e-01 -9.845655e-01 9.313062e-02 -1.481805e-01 1.851435e+01
-1.464232e-01 1.368868e-02 9.891273e-01 5.422168e+01 9.403731e-02 9.955687e-01 1.427797e-04 -8.513341e-01 -9.847422e-01 9.303578e-02 -1.470616e-01 1.826428e+01
-1.455838e-01 1.348646e-02 9.892540e-01 5.573631e+01 9.418949e-02 9.955542e-01 2.890604e-04 -8.572429e-01 -9.848521e-01 9.321941e-02 -1.462068e-01 1.804712e+01
-1.441574e-01 1.254544e-02 9.894752e-01 5.727696e+01 9.385965e-02 9.955849e-01 1.051577e-03 -8.650292e-01 -9.850934e-01 9.302339e-02 -1.446984e-01 1.786077e+01
-1.432060e-01 1.283731e-02 9.896096e-01 5.882938e+01 9.432960e-02 9.955407e-01 7.361511e-04 -8.743428e-01 -9.851873e-01 9.345490e-02 -1.437784e-01 1.763304e+01
-1.424645e-01 1.384096e-02 9.897031e-01 6.041882e+01 9.379353e-02 9.955916e-01 -4.220397e-04 -8.722842e-01 -9.853459e-01 9.276763e-02 -1.431347e-01 1.746534e+01
-1.417051e-01 1.462520e-02 9.898009e-01 6.201910e+01 9.586351e-02 9.953940e-01 -9.835242e-04 -8.887101e-01 -9.852562e-01 9.474641e-02 -1.424544e-01 1.724796e+01
-1.407214e-01 1.461451e-02 9.899414e-01 6.363645e+01 9.454626e-02 9.955197e-01 -1.256995e-03 -8.790801e-01 -9.855245e-01 9.341837e-02 -1.414727e-01 1.700884e+01
-1.399993e-01 1.309115e-02 9.900651e-01 6.527124e+01 9.614364e-02 9.953674e-01 4.338460e-04 -8.800215e-01 -9.854728e-01 9.524920e-02 -1.406093e-01 1.678142e+01
-1.391337e-01 1.137270e-02 9.902083e-01 6.691540e+01 9.851209e-02 9.951329e-01 2.412623e-03 -8.944953e-01 -9.853615e-01 9.788317e-02 -1.395768e-01 1.655448e+01
-1.387058e-01 1.256515e-02 9.902539e-01 6.857567e+01 9.960993e-02 9.950257e-01 1.326759e-03 -8.960346e-01 -9.853114e-01 9.882315e-02 -1.392674e-01 1.631689e+01
-1.373753e-01 1.447913e-02 9.904132e-01 7.024680e+01 1.016705e-01 9.948180e-01 -4.413148e-04 -9.016288e-01 -9.852873e-01 1.006351e-01 -1.381356e-01 1.606088e+01
-1.372581e-01 1.447734e-02 9.904295e-01 7.193712e+01 1.018599e-01 9.947987e-01 -4.250126e-04 -9.131356e-01 -9.852841e-01 1.008267e-01 -1.380189e-01 1.583767e+01
-1.370616e-01 1.420579e-02 9.904607e-01 7.364368e+01 1.021337e-01 9.947707e-01 -1.341631e-04 -9.176786e-01 -9.852831e-01 1.011411e-01 -1.377958e-01 1.557997e+01
-1.364613e-01 1.375647e-02 9.905499e-01 7.535986e+01 1.024006e-01 9.947432e-01 2.923193e-04 -9.175617e-01 -9.853387e-01 1.014728e-01 -1.371526e-01 1.530348e+01
-1.370065e-01 1.406725e-02 9.904703e-01 7.709317e+01 1.018858e-01 9.947961e-01 -3.536367e-05 -8.863763e-01 -9.853164e-01 1.009100e-01 -1.377268e-01 1.502799e+01
-1.372305e-01 1.434380e-02 9.904353e-01 7.885242e+01 1.041004e-01 9.945668e-01 2.007968e-05 -9.087058e-01 -9.850538e-01 1.031074e-01 -1.379781e-01 1.482096e+01
-1.376902e-01 1.503408e-02 9.903612e-01 8.061753e+01 1.042601e-01 9.945499e-01 -6.023545e-04 -9.263943e-01 -9.849727e-01 1.031722e-01 -1.385072e-01 1.457922e+01
-1.389407e-01 1.551596e-02 9.901791e-01 8.240114e+01 1.043017e-01 9.945453e-01 -9.488956e-04 -9.552728e-01 -9.847927e-01 1.031455e-01 -1.398011e-01 1.436799e+01
-1.396840e-01 1.608205e-02 9.900655e-01 8.419294e+01 1.036533e-01 9.946123e-01 -1.531918e-03 -9.677304e-01 -9.847560e-01 1.024096e-01 -1.405983e-01 1.410694e+01
-1.427442e-01 1.726160e-02 9.896091e-01 8.601039e+01 1.016777e-01 9.948138e-01 -2.686080e-03 -9.449979e-01 -9.845231e-01 1.002377e-01 -1.437591e-01 1.387721e+01
-1.448958e-01 1.595953e-02 9.893182e-01 8.783905e+01 9.942212e-02 9.950442e-01 -1.490512e-03 -9.501782e-01 -9.844392e-01 9.814415e-02 -1.457645e-01 1.364552e+01
-1.460071e-01 1.560595e-02 9.891604e-01 8.968209e+01 9.979859e-02 9.950072e-01 -9.672078e-04 -9.727237e-01 -9.842368e-01 9.857560e-02 -1.468356e-01 1.339365e+01
-1.463216e-01 1.395467e-02 9.891386e-01 9.153551e+01 9.867046e-02 9.951200e-01 5.570986e-04 -1.010727e+00 -9.843039e-01 9.768028e-02 -1.469845e-01 1.313533e+01
-1.477540e-01 1.520304e-02 9.889073e-01 9.340368e+01 9.858864e-02 9.951281e-01 -5.684145e-04 -1.007971e+00 -9.840981e-01 9.741104e-02 -1.485330e-01 1.284419e+01
-1.501672e-01 1.653968e-02 9.885223e-01 9.527914e+01 9.640636e-02 9.953400e-01 -2.008590e-03 -9.839524e-01 -9.839490e-01 9.499821e-02 -1.510619e-01 1.251839e+01
-1.549335e-01 1.760126e-02 9.877681e-01 9.717656e+01 9.886805e-02 9.950981e-01 -2.224213e-03 -1.021509e+00 -9.829653e-01 9.731410e-02 -1.559143e-01 1.226146e+01
-1.599435e-01 1.638753e-02 9.869901e-01 9.907732e+01 9.577458e-02 9.954025e-01 -1.006764e-03 -1.023591e+00 -9.824690e-01 9.436754e-02 -1.607777e-01 1.195400e+01
-1.650320e-01 1.536387e-02 9.861685e-01 1.009856e+02 9.386389e-02 9.955850e-01 1.972374e-04 -1.033133e+00 -9.818116e-01 9.259817e-02 -1.657455e-01 1.165858e+01
-1.696092e-01 1.623708e-02 9.853776e-01 1.029019e+02 9.196786e-02 9.957618e-01 -5.781212e-04 -1.032516e+00 -9.812108e-01 9.052502e-02 -1.703837e-01 1.132489e+01
-1.747708e-01 1.761743e-02 9.844515e-01 1.048283e+02 9.266506e-02 9.956964e-01 -1.367731e-03 -1.060266e+00 -9.802389e-01 9.098522e-02 -1.756511e-01 1.100129e+01
-1.809149e-01 1.934994e-02 9.833084e-01 1.067697e+02 9.286420e-02 9.956756e-01 -2.507600e-03 -1.081074e+00 -9.791047e-01 9.086048e-02 -1.819294e-01 1.067974e+01
-1.872735e-01 1.825699e-02 9.821381e-01 1.087220e+02 9.171454e-02 9.957848e-01 -1.022588e-03 -1.130690e+00 -9.780169e-01 8.988484e-02 -1.881586e-01 1.035722e+01
-1.925293e-01 1.794609e-02 9.811271e-01 1.106762e+02 8.984904e-02 9.959552e-01 -5.859842e-04 -1.144828e+00 -9.771692e-01 8.804051e-02 -1.933630e-01 9.982398e+00
-1.970864e-01 1.742657e-02 9.802312e-01 1.126345e+02 8.786879e-02 9.961321e-01 -4.225970e-05 -1.149776e+00 -9.764405e-01 8.612340e-02 -1.978553e-01 9.570096e+00
-2.020216e-01 1.679208e-02 9.792371e-01 1.146010e+02 8.763248e-02 9.961524e-01 9.968768e-04 -1.171964e+00 -9.754526e-01 8.601436e-02 -2.027158e-01 9.158903e+00
-2.075612e-01 1.645134e-02 9.780837e-01 1.165755e+02 8.782266e-02 9.961343e-01 1.882075e-03 -1.187498e+00 -9.742718e-01 8.628856e-02 -2.082036e-01 8.751223e+00
-2.161531e-01 1.862175e-02 9.761819e-01 1.185640e+02 8.856352e-02 9.960703e-01 6.092096e-04 -1.198849e+00 -9.723345e-01 8.658579e-02 -2.169529e-01 8.363095e+00
-2.209779e-01 1.942262e-02 9.750854e-01 1.205543e+02 8.879383e-02 9.960500e-01 2.826113e-04 -1.218696e+00 -9.712283e-01 8.664402e-02 -2.218296e-01 7.908374e+00
-2.280762e-01 2.013442e-02 9.734351e-01 1.225675e+02 8.976313e-02 9.959630e-01 4.311487e-04 -1.217853e+00 -9.694967e-01 8.747692e-02 -2.289628e-01 7.523129e+00
-2.336200e-01 2.062652e-02 9.721092e-01 1.245765e+02 8.943436e-02 9.959927e-01 3.598218e-04 -1.220835e+00 -9.682062e-01 8.702402e-02 -2.345285e-01 7.093334e+00
-2.387988e-01 2.112110e-02 9.708393e-01 1.265812e+02 8.880733e-02 9.960488e-01 1.745303e-04 -1.247248e+00 -9.669997e-01 8.625933e-02 -2.397310e-01 6.582281e+00
-2.439650e-01 2.082341e-02 9.695605e-01 1.285898e+02 8.798584e-02 9.961214e-01 7.455052e-04 -1.295310e+00 -9.657844e-01 8.548947e-02 -2.448509e-01 6.064532e+00
-2.372898e-01 1.887129e-02 9.712556e-01 1.305128e+02 8.867162e-02 9.960582e-01 2.310381e-03 -1.303398e+00 -9.673835e-01 8.667103e-02 -2.380278e-01 5.247821e+00
-2.413862e-01 1.837896e-02 9.702551e-01 1.325484e+02 9.035108e-02 9.959034e-01 3.613315e-03 -1.324817e+00 -9.662139e-01 8.853580e-02 -2.420579e-01 4.757243e+00
-2.451783e-01 1.916924e-02 9.692885e-01 1.345992e+02 8.972665e-02 9.959619e-01 2.999307e-03 -1.300889e+00 -9.653169e-01 8.770637e-02 -2.459083e-01 4.279414e+00
-2.490226e-01 1.921801e-02 9.683070e-01 1.366527e+02 8.948589e-02 9.959828e-01 3.246084e-03 -1.317996e+00 -9.643547e-01 8.745816e-02 -2.497420e-01 3.778336e+00
-2.507578e-01 1.950387e-02 9.678534e-01 1.387041e+02 8.848155e-02 9.960737e-01 2.851816e-03 -1.314202e+00 -9.639977e-01 8.635228e-02 -2.514989e-01 3.207454e+00
-2.548564e-01 1.959292e-02 9.667804e-01 1.407652e+02 8.649174e-02 9.962491e-01 2.610259e-03 -1.327151e+00 -9.631030e-01 8.428376e-02 -2.555951e-01 2.679793e+00
-2.591829e-01 2.020100e-02 9.656170e-01 1.428408e+02 8.492158e-02 9.963857e-01 1.949254e-03 -1.325552e+00 -9.620876e-01 8.250693e-02 -2.599617e-01 2.148616e+00
-2.639157e-01 1.986940e-02 9.643411e-01 1.449194e+02 8.374879e-02 9.964840e-01 2.388246e-03 -1.333112e+00 -9.609030e-01 8.139269e-02 -2.646518e-01 1.589776e+00
-2.675476e-01 2.077858e-02 9.633206e-01 1.469925e+02 8.420431e-02 9.964467e-01 1.893351e-03 -1.336033e+00 -9.598583e-01 8.162230e-02 -2.683465e-01 1.001363e+00
-2.709250e-01 2.128642e-02 9.623651e-01 1.490653e+02 8.471297e-02 9.964038e-01 1.809079e-03 -1.363319e+00 -9.588657e-01 8.201493e-02 -2.717539e-01 3.744005e-01
-2.756116e-01 2.093410e-02 9.610411e-01 1.511656e+02 8.371415e-02 9.964872e-01 2.301706e-03 -1.382124e+00 -9.576169e-01 8.108711e-02 -2.763959e-01 -2.214658e-01
-2.797257e-01 1.988394e-02 9.598740e-01 1.532641e+02 8.347977e-02 9.965027e-01 3.684894e-03 -1.404461e+00 -9.564438e-01 8.116082e-02 -2.804073e-01 -8.143427e-01
-2.844825e-01 1.952805e-02 9.584823e-01 1.553706e+02 8.303159e-02 9.965375e-01 4.340818e-03 -1.394834e+00 -9.550788e-01 8.081920e-02 -2.851189e-01 -1.427549e+00
-2.896073e-01 2.085606e-02 9.569183e-01 1.574906e+02 8.447118e-02 9.964185e-01 3.847884e-03 -1.404761e+00 -9.534108e-01 8.194639e-02 -2.903318e-01 -2.017783e+00
-2.924506e-01 2.155425e-02 9.560377e-01 1.595965e+02 8.437293e-02 9.964286e-01 3.344682e-03 -1.410246e+00 -9.525512e-01 8.164185e-02 -2.932248e-01 -2.673958e+00
-2.959690e-01 2.341910e-02 9.549104e-01 1.617219e+02 8.482784e-02 9.963939e-01 1.855421e-03 -1.422133e+00 -9.514235e-01 8.155214e-02 -2.968883e-01 -3.323567e+00
-2.985398e-01 2.500466e-02 9.540696e-01 1.638401e+02 8.593695e-02 9.963003e-01 7.792435e-04 -1.415720e+00 -9.505203e-01 8.222246e-02 -2.995841e-01 -4.014205e+00
-3.025014e-01 2.621786e-02 9.527883e-01 1.659970e+02 8.639111e-02 9.962613e-01 1.426792e-05 -1.429040e+00 -9.492257e-01 8.231676e-02 -3.036354e-01 -4.604952e+00
-3.059200e-01 2.598701e-02 9.517025e-01 1.681338e+02 8.679595e-02 9.962259e-01 6.973673e-04 -1.460847e+00 -9.480925e-01 8.281726e-02 -3.070210e-01 -5.294256e+00
-3.086665e-01 2.566554e-02 9.508240e-01 1.702822e+02 8.615725e-02 9.962810e-01 1.076719e-03 -1.477611e+00 -9.472602e-01 8.225272e-02 -3.097299e-01 -5.980569e+00
-3.132443e-01 2.657408e-02 9.493007e-01 1.724488e+02 8.755509e-02 9.961592e-01 1.005070e-03 -1.462113e+00 -9.456279e-01 8.343094e-02 -3.143678e-01 -6.633377e+00
-3.163234e-01 2.675439e-02 9.482741e-01 1.745981e+02 8.934194e-02 9.959996e-01 1.701597e-03 -1.470638e+00 -9.444350e-01 8.525890e-02 -3.174482e-01 -7.363903e+00
-3.188137e-01 2.647314e-02 9.474476e-01 1.767596e+02 9.027845e-02 9.959133e-01 2.551120e-03 -1.479269e+00 -9.435082e-01 8.634744e-02 -3.199007e-01 -8.092255e+00
-3.202918e-01 2.651049e-02 9.469479e-01 1.788917e+02 8.814985e-02 9.961054e-01 1.928760e-03 -1.412652e+00 -9.432088e-01 8.409108e-02 -3.213813e-01 -8.917150e+00
-3.233293e-01 2.695508e-02 9.459025e-01 1.810636e+02 8.690558e-02 9.962157e-01 1.317312e-03 -1.427790e+00 -9.422874e-01 8.263013e-02 -3.244483e-01 -9.656428e+00
-3.226505e-01 2.881465e-02 9.460795e-01 1.832039e+02 8.609962e-02 9.962861e-01 -9.804035e-04 -1.439175e+00 -9.425940e-01 8.114076e-02 -3.239332e-01 -1.051285e+01
-3.276650e-01 3.059784e-02 9.442984e-01 1.854109e+02 8.447319e-02 9.964213e-01 -2.975155e-03 -1.430948e+00 -9.410101e-01 7.879304e-02 -3.290771e-01 -1.121136e+01
-3.312186e-01 3.146697e-02 9.430292e-01 1.876035e+02 8.341610e-02 9.965070e-01 -3.953312e-03 -1.447337e+00 -9.398596e-01 7.735441e-02 -3.326865e-01 -1.196700e+01
-3.323381e-01 3.259954e-02 9.425968e-01 1.897717e+02 8.322643e-02 9.965175e-01 -5.120640e-03 -1.501685e+00 -9.394811e-01 7.674718e-02 -3.338939e-01 -1.280395e+01
-3.375460e-01 3.279690e-02 9.407375e-01 1.919929e+02 8.342503e-02 9.965025e-01 -4.807305e-03 -1.529076e+00 -9.376049e-01 7.685837e-02 -3.391015e-01 -1.354794e+01
-3.404435e-01 3.169961e-02 9.397305e-01 1.941966e+02 8.285691e-02 9.965550e-01 -3.599232e-03 -1.552792e+00 -9.366071e-01 7.663782e-02 -3.418972e-01 -1.436171e+01
-3.464403e-01 3.146024e-02 9.375443e-01 1.964344e+02 8.093964e-02 9.967127e-01 -3.536975e-03 -1.523886e+00 -9.345736e-01 7.465915e-02 -3.478478e-01 -1.508697e+01
-3.501660e-01 3.090885e-02 9.361776e-01 1.986433e+02 8.031004e-02 9.967658e-01 -2.870222e-03 -1.542407e+00 -9.332385e-01 7.417940e-02 -3.515158e-01 -1.593862e+01
-3.532502e-01 3.142778e-02 9.350008e-01 2.008406e+02 8.040339e-02 9.967575e-01 -3.126582e-03 -1.576060e+00 -9.320674e-01 7.407277e-02 -3.546317e-01 -1.677487e+01
-3.566498e-01 3.233907e-02 9.336783e-01 2.030624e+02 7.944429e-02 9.968305e-01 -4.180006e-03 -1.588848e+00 -9.308542e-01 7.268461e-02 -3.580886e-01 -1.762922e+01
-3.601762e-01 3.303586e-02 9.322992e-01 2.052805e+02 7.995872e-02 9.967883e-01 -4.430480e-03 -1.631546e+00 -9.294513e-01 7.294970e-02 -3.616609e-01 -1.844547e+01
-3.630120e-01 3.372097e-02 9.311741e-01 2.074939e+02 8.082876e-02 9.967175e-01 -4.583960e-03 -1.657483e+00 -9.282720e-01 7.360161e-02 -3.645461e-01 -1.931583e+01
-3.660222e-01 3.362949e-02 9.299983e-01 2.097166e+02 8.193853e-02 9.966302e-01 -3.790166e-03 -1.677923e+00 -9.269918e-01 7.481541e-02 -3.675443e-01 -2.017588e+01
-3.691331e-01 3.291222e-02 9.287936e-01 2.119280e+02 8.210323e-02 9.966202e-01 -2.685169e-03 -1.686788e+00 -9.257429e-01 7.526577e-02 -3.705877e-01 -2.107276e+01
-3.719988e-01 3.345861e-02 9.276300e-01 2.141441e+02 8.288027e-02 9.965558e-01 -2.707995e-03 -1.708984e+00 -9.245257e-01 7.587485e-02 -3.734906e-01 -2.194944e+01
-3.739365e-01 3.491953e-02 9.267967e-01 2.163624e+02 8.318360e-02 9.965263e-01 -3.984522e-03 -1.719152e+00 -9.237164e-01 7.560432e-02 -3.755423e-01 -2.284822e+01
-3.770516e-01 3.503250e-02 9.255295e-01 2.186055e+02 8.254063e-02 9.965793e-01 -4.095591e-03 -1.757064e+00 -9.225070e-01 7.484954e-02 -3.786534e-01 -2.372596e+01
-3.783901e-01 3.649697e-02 9.249264e-01 2.208028e+02 8.251321e-02 9.965744e-01 -5.567757e-03 -1.782755e+00 -9.219612e-01 7.421187e-02 -3.801053e-01 -2.465521e+01
-3.821435e-01 3.773769e-02 9.233321e-01 2.230262e+02 8.201453e-02 9.966080e-01 -6.788857e-03 -1.818759e+00 -9.204564e-01 7.313233e-02 -3.839423e-01 -2.555466e+01
-3.851790e-01 3.748445e-02 9.220803e-01 2.252433e+02 7.955338e-02 9.968039e-01 -7.290423e-03 -1.864598e+00 -9.194065e-01 7.054648e-02 -3.869300e-01 -2.647980e+01
-3.883393e-01 3.861947e-02 9.207068e-01 2.274591e+02 8.035308e-02 9.967350e-01 -7.916869e-03 -1.894989e+00 -9.180065e-01 7.090720e-02 -3.901746e-01 -2.740543e+01
-3.902539e-01 3.832838e-02 9.199092e-01 2.296419e+02 8.155577e-02 9.966447e-01 -6.927119e-03 -1.913733e+00 -9.170881e-01 7.232057e-02 -3.920703e-01 -2.841882e+01
-3.930329e-01 3.739114e-02 9.187638e-01 2.318726e+02 8.224702e-02 9.965975e-01 -5.374755e-03 -1.958242e+00 -9.158387e-01 7.345313e-02 -3.947710e-01 -2.931546e+01
-3.946604e-01 3.616956e-02 9.181149e-01 2.340024e+02 8.077386e-02 9.967221e-01 -4.544911e-03 -2.007690e+00 -9.152698e-01 7.236598e-02 -3.962883e-01 -3.042920e+01
-3.940368e-01 3.593321e-02 9.183919e-01 2.360095e+02 7.874589e-02 9.968811e-01 -5.218197e-03 -2.037356e+00 -9.157150e-01 7.026343e-02 -3.956375e-01 -3.176468e+01
-3.964920e-01 3.483425e-02 9.173770e-01 2.381385e+02 7.606763e-02 9.970902e-01 -4.984512e-03 -2.044393e+00 -9.148813e-01 6.780638e-02 -3.979881e-01 -3.288919e+01
-3.997205e-01 3.421616e-02 9.159983e-01 2.403487e+02 7.561079e-02 9.971283e-01 -4.251882e-03 -2.088750e+00 -9.135133e-01 6.755979e-02 -4.011597e-01 -3.384612e+01
-4.039368e-01 3.417334e-02 9.141484e-01 2.425516e+02 7.496914e-02 9.971772e-01 -4.150400e-03 -2.131731e+00 -9.117098e-01 6.685642e-02 -4.053585e-01 -3.481309e+01
-4.081837e-01 3.388330e-02 9.122708e-01 2.447325e+02 7.376745e-02 9.972673e-01 -4.033936e-03 -2.133405e+00 -9.099145e-01 6.564931e-02 -4.095677e-01 -3.582328e+01
-4.116414e-01 3.307415e-02 9.107456e-01 2.469005e+02 7.262488e-02 9.973536e-01 -3.394154e-03 -2.173808e+00 -9.084476e-01 6.474562e-02 -4.129540e-01 -3.686189e+01
-4.161724e-01 3.289954e-02 9.086904e-01 2.491050e+02 7.160908e-02 9.974273e-01 -3.315961e-03 -2.204760e+00 -9.064616e-01 6.369047e-02 -4.174576e-01 -3.781521e+01
-4.204761e-01 3.370017e-02 9.066775e-01 2.513138e+02 7.178605e-02 9.974129e-01 -3.781568e-03 -2.236365e+00 -9.044593e-01 6.349673e-02 -4.218075e-01 -3.876838e+01
-4.231856e-01 3.452248e-02 9.053851e-01 2.534879e+02 7.268111e-02 9.973470e-01 -4.057165e-03 -2.256352e+00 -9.031232e-01 6.408746e-02 -4.245720e-01 -3.977956e+01
-4.262794e-01 3.387316e-02 9.039571e-01 2.556192e+02 7.151506e-02 9.974328e-01 -3.651502e-03 -2.268294e+00 -9.017602e-01 6.308999e-02 -4.276075e-01 -4.089840e+01
-4.309010e-01 3.418595e-02 9.017514e-01 2.578175e+02 7.009704e-02 9.975308e-01 -4.321209e-03 -2.304229e+00 -8.996726e-01 6.134809e-02 -4.322334e-01 -4.188959e+01
-4.354907e-01 3.479792e-02 8.995204e-01 2.599853e+02 7.063220e-02 9.974928e-01 -4.392347e-03 -2.323009e+00 -8.974179e-01 6.162228e-02 -4.368566e-01 -4.294902e+01
-4.405953e-01 3.480793e-02 8.970308e-01 2.621966e+02 7.037970e-02 9.975117e-01 -4.138485e-03 -2.355999e+00 -8.949427e-01 6.130936e-02 -4.419488e-01 -4.392606e+01
-4.438484e-01 3.599211e-02 8.953788e-01 2.643551e+02 7.192025e-02 9.974005e-01 -4.441536e-03 -2.387445e+00 -8.932111e-01 6.242450e-02 -4.452832e-01 -4.500844e+01
-4.465984e-01 3.837899e-02 8.939110e-01 2.665294e+02 7.457301e-02 9.972001e-01 -5.556864e-03 -2.416244e+00 -8.916214e-01 6.417995e-02 -4.482100e-01 -4.611093e+01
-4.495363e-01 3.904152e-02 8.924085e-01 2.686672e+02 7.518856e-02 9.971528e-01 -5.748906e-03 -2.426729e+00 -8.900920e-01 6.451456e-02 -4.511918e-01 -4.723603e+01
-4.515003e-01 4.130222e-02 8.913145e-01 2.708264e+02 7.748523e-02 9.969693e-01 -6.947542e-03 -2.465214e+00 -8.889002e-01 6.592690e-02 -4.533322e-01 -4.836861e+01
-4.547440e-01 4.283784e-02 8.895914e-01 2.730051e+02 7.757107e-02 9.969518e-01 -8.354714e-03 -2.483596e+00 -8.872376e-01 6.520730e-02 -4.566808e-01 -4.949538e+01
-4.575011e-01 4.323435e-02 8.881574e-01 2.751906e+02 7.854242e-02 9.968781e-01 -8.068540e-03 -2.529860e+00 -8.857335e-01 6.606667e-02 -4.594685e-01 -5.061158e+01
-4.612229e-01 4.412877e-02 8.861863e-01 2.774140e+02 7.872931e-02 9.968584e-01 -8.664518e-03 -2.567297e+00 -8.837846e-01 6.577256e-02 -4.632481e-01 -5.170087e+01
-4.620474e-01 4.447252e-02 8.857395e-01 2.795136e+02 7.662088e-02 9.970092e-01 -1.008991e-02 -2.529714e+00 -8.835392e-01 6.320412e-02 -4.640731e-01 -5.302041e+01
-4.646626e-01 4.561962e-02 8.843119e-01 2.816907e+02 7.702939e-02 9.969686e-01 -1.095614e-02 -2.553213e+00 -8.821310e-01 6.302710e-02 -4.667681e-01 -5.426124e+01
-4.688353e-01 4.616986e-02 8.820781e-01 2.839151e+02 7.630018e-02 9.970170e-01 -1.163153e-02 -2.601141e+00 -8.799839e-01 6.184944e-02 -4.709596e-01 -5.537933e+01
-4.724186e-01 4.513364e-02 8.802180e-01 2.861323e+02 7.402755e-02 9.971910e-01 -1.140044e-02 -2.649744e+00 -8.782600e-01 5.977460e-02 -4.744327e-01 -5.655464e+01
-4.756238e-01 4.521258e-02 8.784861e-01 2.883745e+02 7.565420e-02 9.970803e-01 -1.035604e-02 -2.706307e+00 -8.763894e-01 6.153558e-02 -4.776556e-01 -5.772762e+01
-4.774314e-01 4.504629e-02 8.775136e-01 2.906052e+02 7.699335e-02 9.969883e-01 -9.289414e-03 -2.742932e+00 -8.752893e-01 6.312765e-02 -4.794618e-01 -5.893683e+01
-4.788076e-01 4.548453e-02 8.767408e-01 2.928057e+02 7.757713e-02 9.969425e-01 -9.353902e-03 -2.745964e+00 -8.744856e-01 6.353632e-02 -4.808721e-01 -6.023123e+01
-4.805563e-01 4.533041e-02 8.757915e-01 2.950469e+02 7.716667e-02 9.969752e-01 -9.260611e-03 -2.772550e+00 -8.735622e-01 6.313167e-02 -4.826007e-01 -6.146306e+01
-4.836141e-01 4.505463e-02 8.741210e-01 2.972893e+02 7.553570e-02 9.970969e-01 -9.602448e-03 -2.766829e+00 -8.720159e-01 6.138346e-02 -4.856133e-01 -6.273351e+01
-4.857882e-01 4.555844e-02 8.728885e-01 2.995506e+02 7.846066e-02 9.968821e-01 -8.364334e-03 -2.841313e+00 -8.705480e-01 6.442411e-02 -4.878481e-01 -6.396366e+01
-4.880905e-01 4.541291e-02 8.716108e-01 3.017919e+02 7.681181e-02 9.970056e-01 -8.932665e-03 -2.822815e+00 -8.694065e-01 6.259005e-02 -4.901172e-01 -6.526798e+01
-4.898995e-01 4.642726e-02 8.705418e-01 3.040574e+02 7.664118e-02 9.970082e-01 -1.004189e-02 -2.863764e+00 -8.684035e-01 6.179984e-02 -4.919920e-01 -6.654556e+01
-4.918816e-01 4.896799e-02 8.692840e-01 3.063343e+02 7.632303e-02 9.969987e-01 -1.297520e-02 -2.905237e+00 -8.673104e-01 5.996412e-02 -4.941427e-01 -6.783041e+01
-4.965903e-01 4.857855e-02 8.666246e-01 3.086566e+02 7.460236e-02 9.971267e-01 -1.314544e-02 -2.936009e+00 -8.647731e-01 5.812434e-02 -4.987875e-01 -6.906160e+01
-5.009356e-01 4.637915e-02 8.642410e-01 3.109267e+02 7.124939e-02 9.973836e-01 -1.222627e-02 -2.973823e+00 -8.625468e-01 5.545207e-02 -5.029295e-01 -7.040925e+01
-5.054378e-01 4.443111e-02 8.617184e-01 3.132242e+02 7.001517e-02 9.974921e-01 -1.036460e-02 -3.037876e+00 -8.600178e-01 5.509470e-02 -5.072810e-01 -7.173028e+01
-5.110515e-01 4.314613e-02 8.584665e-01 3.155483e+02 6.870328e-02 9.975944e-01 -9.239057e-03 -3.066973e+00 -8.568000e-01 5.425784e-02 -5.127863e-01 -7.302000e+01
-5.147226e-01 4.370574e-02 8.562421e-01 3.178194e+02 6.990752e-02 9.975138e-01 -8.892461e-03 -3.104927e+00 -8.545020e-01 5.528061e-02 -5.164983e-01 -7.441350e+01
-5.205824e-01 4.516308e-02 8.526161e-01 3.201455e+02 7.157610e-02 9.973934e-01 -9.129665e-03 -3.128482e+00 -8.508060e-01 5.627419e-02 -5.224580e-01 -7.574207e+01
-5.248940e-01 4.582531e-02 8.499331e-01 3.224472e+02 7.269567e-02 9.973147e-01 -8.876848e-03 -3.173794e+00 -8.480576e-01 5.712706e-02 -5.268158e-01 -7.713821e+01
-5.298204e-01 4.680699e-02 8.468173e-01 3.247510e+02 7.375682e-02 9.972359e-01 -8.974478e-03 -3.198749e+00 -8.448966e-01 5.770368e-02 -5.318082e-01 -7.852672e+01
-5.338176e-01 4.525368e-02 8.443879e-01 3.270148e+02 7.367247e-02 9.972588e-01 -6.871214e-03 -3.255407e+00 -8.423842e-01 5.854017e-02 -5.356882e-01 -7.998511e+01
-5.395912e-01 4.311971e-02 8.408223e-01 3.293372e+02 7.113718e-02 9.974514e-01 -5.500352e-03 -3.290182e+00 -8.389165e-01 5.684578e-02 -5.412834e-01 -8.134609e+01
-5.434817e-01 4.325454e-02 8.383058e-01 3.316081e+02 6.979212e-02 9.975421e-01 -6.223846e-03 -3.308317e+00 -8.365146e-01 5.512460e-02 -5.451647e-01 -8.280469e+01
-5.489372e-01 4.272480e-02 8.347710e-01 3.338943e+02 6.888463e-02 9.976080e-01 -5.761177e-03 -3.338193e+00 -8.330203e-01 5.434036e-02 -5.505672e-01 -8.424447e+01
-5.529946e-01 4.297589e-02 8.320757e-01 3.361576e+02 7.046671e-02 9.975031e-01 -4.688120e-03 -3.384262e+00 -8.301996e-01 5.604113e-02 -5.546423e-01 -8.572063e+01
-5.558087e-01 4.231076e-02 8.302328e-01 3.384052e+02 7.149228e-02 9.974367e-01 -2.970579e-03 -3.427177e+00 -8.282304e-01 5.770416e-02 -5.574089e-01 -8.722528e+01
-5.590459e-01 4.127212e-02 8.281089e-01 3.406412e+02 7.098267e-02 9.974759e-01 -1.793700e-03 -3.484931e+00 -8.260927e-01 5.777862e-02 -5.605644e-01 -8.874594e+01
-5.631262e-01 4.034303e-02 8.253856e-01 3.429030e+02 7.005978e-02 9.975423e-01 -9.587971e-04 -3.508115e+00 -8.233957e-01 5.728641e-02 -5.645686e-01 -9.024882e+01
-5.662609e-01 4.049619e-02 8.232306e-01 3.451516e+02 7.016429e-02 9.975351e-01 -8.078827e-04 -3.515274e+00 -8.212342e-01 5.730392e-02 -5.677065e-01 -9.177050e+01
-5.702999e-01 3.999512e-02 8.204623e-01 3.473965e+02 6.815572e-02 9.976739e-01 -1.258910e-03 -3.548802e+00 -8.186042e-01 5.520124e-02 -5.716992e-01 -9.329899e+01
-5.729282e-01 3.906715e-02 8.186739e-01 3.496256e+02 6.507103e-02 9.978785e-01 -2.080487e-03 -3.584289e+00 -8.170184e-01 5.207999e-02 -5.742549e-01 -9.485722e+01
-5.763048e-01 3.824307e-02 8.163395e-01 3.518520e+02 6.156812e-02 9.980975e-01 -3.293124e-03 -3.616934e+00 -8.149123e-01 4.836264e-02 -5.775629e-01 -9.641170e+01
-5.797965e-01 3.564685e-02 8.139812e-01 3.540915e+02 5.899147e-02 9.982570e-01 -1.697424e-03 -3.643695e+00 -8.126229e-01 4.703379e-02 -5.808888e-01 -9.797089e+01
-5.823214e-01 3.471962e-02 8.122169e-01 3.563075e+02 5.873087e-02 9.982737e-01 -5.656528e-04 -3.655073e+00 -8.108344e-01 4.737282e-02 -5.833553e-01 -9.954758e+01
-5.853479e-01 3.516586e-02 8.100193e-01 3.585182e+02 5.862407e-02 9.982797e-01 -9.751453e-04 -3.679077e+00 -8.086600e-01 4.691582e-02 -5.864025e-01 -1.011317e+02
-5.883581e-01 3.394634e-02 8.078876e-01 3.607309e+02 5.675935e-02 9.983877e-01 -6.149305e-04 -3.711015e+00 -8.066060e-01 4.549337e-02 -5.893362e-01 -1.027327e+02
-5.908266e-01 3.035130e-02 8.062274e-01 3.629340e+02 5.498923e-02 9.984833e-01 2.708709e-03 -3.734415e+00 -8.049224e-01 4.593421e-02 -5.915995e-01 -1.043294e+02
-5.942811e-01 2.779830e-02 8.037769e-01 3.651331e+02 5.233780e-02 9.986208e-01 4.159614e-03 -3.745456e+00 -8.025526e-01 4.453989e-02 -5.949163e-01 -1.059328e+02
-5.981451e-01 2.681959e-02 8.009389e-01 3.673273e+02 5.078704e-02 9.986994e-01 4.486376e-03 -3.755671e+00 -7.997769e-01 4.336082e-02 -5.987293e-01 -1.075391e+02
-5.994457e-01 2.750810e-02 7.999426e-01 3.695009e+02 5.166064e-02 9.986551e-01 4.371118e-03 -3.783394e+00 -7.987465e-01 4.394579e-02 -6.000606e-01 -1.091756e+02
-6.029158e-01 2.770511e-02 7.973236e-01 3.716850e+02 5.257129e-02 9.986044e-01 5.053922e-03 -3.805308e+00 -7.960709e-01 4.496342e-02 -6.035308e-01 -1.107852e+02
-6.054599e-01 2.709521e-02 7.954144e-01 3.738681e+02 5.255359e-02 9.986002e-01 5.986576e-03 -3.833826e+00 -7.941388e-01 4.542651e-02 -6.060363e-01 -1.124036e+02
-6.083510e-01 2.574230e-02 7.932505e-01 3.760415e+02 4.949449e-02 9.987590e-01 5.546377e-03 -3.851883e+00 -7.921233e-01 4.263567e-02 -6.088701e-01 -1.140396e+02
-6.120552e-01 2.144347e-02 7.905243e-01 3.781951e+02 3.852294e-02 9.992540e-01 2.720580e-03 -3.866149e+00 -7.898762e-01 3.211846e-02 -6.124247e-01 -1.156538e+02
-6.152933e-01 2.424949e-02 7.879252e-01 3.803451e+02 3.121856e-02 9.994922e-01 -6.382087e-03 -3.897066e+00 -7.876799e-01 2.067103e-02 -6.157379e-01 -1.172958e+02
-6.175364e-01 3.497947e-02 7.857641e-01 3.824695e+02 4.210475e-02 9.990483e-01 -1.138378e-02 -3.945073e+00 -7.854146e-01 2.605451e-02 -6.184215e-01 -1.189739e+02
-6.190413e-01 3.603311e-02 7.845314e-01 3.846115e+02 4.958243e-02 9.987472e-01 -6.748486e-03 -3.996758e+00 -7.837917e-01 3.472138e-02 -6.200524e-01 -1.206416e+02
-6.212133e-01 2.729500e-02 7.831660e-01 3.867660e+02 4.890704e-02 9.987954e-01 3.983302e-03 -4.026112e+00 -7.821139e-01 4.077681e-02 -6.217999e-01 -1.222936e+02
-6.235460e-01 1.666058e-02 7.816091e-01 3.888939e+02 4.296214e-02 9.989924e-01 1.297974e-02 -4.029311e+00 -7.806053e-01 4.167306e-02 -6.236335e-01 -1.239701e+02
-6.283463e-01 1.026052e-02 7.778661e-01 3.910295e+02 3.662292e-02 9.991945e-01 1.640336e-02 -4.024177e+00 -7.770712e-01 3.879471e-02 -6.282160e-01 -1.256219e+02
-6.318375e-01 9.610580e-03 7.750413e-01 3.931461e+02 3.521347e-02 9.992466e-01 1.631636e-02 -4.015783e+00 -7.743006e-01 3.760118e-02 -6.316999e-01 -1.272867e+02
-6.354815e-01 1.493741e-02 7.719716e-01 3.952757e+02 4.111648e-02 9.990489e-01 1.451551e-02 -4.019320e+00 -7.710206e-01 4.096510e-02 -6.354913e-01 -1.289381e+02
-6.389279e-01 2.255205e-02 7.689360e-01 3.973612e+02 4.705475e-02 9.988442e-01 9.803948e-03 -4.016129e+00 -7.678262e-01 4.244611e-02 -6.392506e-01 -1.306480e+02
-6.419324e-01 2.530102e-02 7.663437e-01 3.994621e+02 4.810560e-02 9.988154e-01 7.319813e-03 -4.023673e+00 -7.652507e-01 4.156425e-02 -6.423891e-01 -1.323391e+02
-6.455794e-01 2.426441e-02 7.633076e-01 4.015641e+02 4.671359e-02 9.988782e-01 7.755906e-03 -4.041331e+00 -7.622631e-01 4.066389e-02 -6.459887e-01 -1.340240e+02
-6.498446e-01 2.300009e-02 7.597190e-01 4.036586e+02 4.717935e-02 9.988352e-01 1.011683e-02 -4.063141e+00 -7.586014e-01 4.241742e-02 -6.501728e-01 -1.357044e+02
-6.569632e-01 2.198112e-02 7.536021e-01 4.057852e+02 4.704858e-02 9.988219e-01 1.188155e-02 -4.075116e+00 -7.524532e-01 4.326165e-02 -6.572234e-01 -1.373662e+02
-6.593964e-01 2.209692e-02 7.514706e-01 4.078294e+02 4.726892e-02 9.988088e-01 1.210742e-02 -4.077711e+00 -7.503079e-01 4.350479e-02 -6.596555e-01 -1.391165e+02
-6.643865e-01 2.216014e-02 7.470606e-01 4.099050e+02 4.722024e-02 9.988079e-01 1.236682e-02 -4.070585e+00 -7.458960e-01 4.349272e-02 -6.646409e-01 -1.408343e+02
-6.665994e-01 2.258373e-02 7.450740e-01 4.119873e+02 4.772754e-02 9.987831e-01 1.242682e-02 -4.068918e+00 -7.438867e-01 4.384426e-02 -6.668660e-01 -1.425446e+02
-6.706803e-01 2.179183e-02 7.414264e-01 4.140225e+02 4.879112e-02 9.986996e-01 1.478198e-02 -4.070794e+00 -7.401401e-01 4.608900e-02 -6.708714e-01 -1.442949e+02
-6.741163e-01 2.045334e-02 7.383420e-01 4.160680e+02 4.952087e-02 9.986189e-01 1.754977e-02 -4.065988e+00 -7.369633e-01 4.839392e-02 -6.741981e-01 -1.460540e+02
-6.752491e-01 1.978266e-02 7.373244e-01 4.180769e+02 5.051942e-02 9.985332e-01 1.947522e-02 -4.050828e+00 -7.358576e-01 5.039983e-02 -6.752581e-01 -1.478375e+02
-6.773709e-01 1.948185e-02 7.353837e-01 4.200880e+02 4.824005e-02 9.986740e-01 1.797754e-02 -4.026064e+00 -7.340583e-01 4.765241e-02 -6.774125e-01 -1.496142e+02
-6.812909e-01 1.948380e-02 7.317535e-01 4.221320e+02 4.432853e-02 9.989092e-01 1.467444e-02 -4.024955e+00 -7.306694e-01 4.243512e-02 -6.814114e-01 -1.513531e+02
-6.857768e-01 1.875867e-02 7.275701e-01 4.241242e+02 4.170388e-02 9.990381e-01 1.355048e-02 -4.019097e+00 -7.266161e-01 3.963510e-02 -6.858995e-01 -1.531521e+02
-6.869197e-01 1.797051e-02 7.265111e-01 4.260430e+02 4.092482e-02 9.990644e-01 1.398240e-02 -3.995997e+00 -7.255801e-01 3.933713e-02 -6.870125e-01 -1.550340e+02
-6.892541e-01 1.645655e-02 7.243328e-01 4.280095e+02 3.845822e-02 9.991636e-01 1.389512e-02 -3.994820e+00 -7.234983e-01 3.743382e-02 -6.893105e-01 -1.568561e+02
-6.902357e-01 1.513083e-02 7.234264e-01 4.299583e+02 3.544445e-02 9.992882e-01 1.291764e-02 -3.990060e+00 -7.227160e-01 3.455767e-02 -6.902806e-01 -1.587009e+02
-6.927644e-01 1.529275e-02 7.210018e-01 4.319099e+02 3.552792e-02 9.992849e-01 1.294126e-02 -3.986615e+00 -7.202883e-01 3.458093e-02 -6.928124e-01 -1.605297e+02
-6.932366e-01 1.390459e-02 7.205759e-01 4.338580e+02 3.577683e-02 9.992452e-01 1.513749e-02 -3.978128e+00 -7.198215e-01 3.627378e-02 -6.932108e-01 -1.623702e+02
-6.932786e-01 1.361414e-02 7.205411e-01 4.357773e+02 3.922914e-02 9.990521e-01 1.886843e-02 -3.964012e+00 -7.196012e-01 4.134728e-02 -6.931555e-01 -1.642293e+02
-6.934049e-01 1.206035e-02 7.204472e-01 4.377276e+02 4.302701e-02 9.987687e-01 2.469249e-02 -3.945567e+00 -7.192623e-01 4.812058e-02 -6.930701e-01 -1.660593e+02
-6.916987e-01 1.184587e-02 7.220890e-01 4.396612e+02 4.703548e-02 9.984815e-01 2.867583e-02 -3.899633e+00 -7.206528e-01 5.379883e-02 -6.912056e-01 -1.679025e+02
-6.916854e-01 9.007972e-03 7.221428e-01 4.416277e+02 4.107397e-02 9.987944e-01 2.688270e-02 -3.856763e+00 -7.210300e-01 4.825564e-02 -6.912215e-01 -1.696956e+02
-6.922832e-01 7.709473e-03 7.215848e-01 4.436221e+02 3.365556e-02 9.991998e-01 2.161337e-02 -3.832958e+00 -7.208407e-01 3.924791e-02 -6.919886e-01 -1.714848e+02
