1.000000e+00 0.000000e+00 0.000000e+00 0.000000e+00 0.000000e+00 1.000000e+00 0.000000e+00 0.000000e+00 0.000000e+00 0.000000e+00 1.000000e+00 0.000000e+00
9.990372e-01 -4.780853e-04 4.386921e-02 2.115629e-02 5.921826e-04 9.999965e-01 -2.587892e-03 -2.574796e-02 -4.386782e-02 2.611378e-03 9.990339e-01 9.992408e-01
9.960329e-01 -4.805490e-03 8.885559e-02 1.092185e-01 5.482311e-03 9.999578e-01 -7.374601e-03 -5.096313e-02 -8.881640e-02 7.832480e-03 9.960172e-01 1.996526e+00
9.909952e-01 -4.449929e-03 1.338234e-01 2.742888e-01 6.054375e-03 9.999146e-01 -1.158473e-02 -5.913162e-02 -1.337604e-01 1.229063e-02 9.909375e-01 2.976381e+00
9.837035e-01 -2.042251e-03 1.797865e-01 4.626337e-01 4.627897e-03 9.998918e-01 -1.396350e-02 -8.150879e-02 -1.797385e-01 1.456798e-02 9.836065e-01 3.956762e+00
9.742394e-01 -4.832376e-03 2.254647e-01 6.868870e-01 8.168262e-03 9.998705e-01 -1.386511e-02 -1.132862e-01 -2.253685e-01 1.534959e-02 9.741527e-01 4.922966e+00
9.626345e-01 -5.930536e-03 2.707390e-01 9.265977e-01 1.036867e-02 9.998343e-01 -1.496528e-02 -1.515380e-01 -2.706054e-01 1.721329e-02 9.625365e-01 5.884005e+00
9.488198e-01 -7.731733e-03 3.157232e-01 1.222479e+00 1.400190e-02 9.997471e-01 -1.759611e-02 -1.756280e-01 -3.155073e-01 2.111626e-02 9.486882e-01 6.826027e+00
9.333922e-01 -9.203268e-03 3.587398e-01 1.574180e+00 1.732496e-02 9.996611e-01 -1.943145e-02 -2.011448e-01 -3.584394e-01 2.435231e-02 9.332353e-01 7.748252e+00
9.158715e-01 -8.818135e-03 4.013747e-01 1.948862e+00 1.849000e-02 9.996244e-01 -2.022959e-02 -2.279459e-01 -4.010455e-01 2.594912e-02 9.156905e-01 8.658664e+00
8.960655e-01 -9.240569e-03 4.438256e-01 2.356460e+00 1.944383e-02 9.996408e-01 -1.844351e-02 -2.780067e-01 -4.434958e-01 2.515626e-02 8.959234e-01 9.550315e+00
8.741622e-01 -9.628742e-03 4.855386e-01 2.822787e+00 2.079648e-02 9.996285e-01 -1.761824e-02 -3.173569e-01 -4.851886e-01 2.549869e-02 8.740377e-01 1.041103e+01
8.500906e-01 -1.014749e-02 5.265388e-01 3.319958e+00 2.190122e-02 9.996306e-01 -1.609432e-02 -3.506952e-01 -5.261809e-01 2.521347e-02 8.499988e-01 1.125041e+01
8.243711e-01 -9.901797e-03 5.659631e-01 3.840419e+00 2.339049e-02 9.995889e-01 -1.658185e-02 -3.707715e-01 -5.655663e-01 2.690775e-02 8.242638e-01 1.207415e+01
7.967969e-01 -1.128092e-02 6.041419e-01 4.408517e+00 2.617448e-02 9.995316e-01 -1.585738e-02 -4.046915e-01 -6.036800e-01 2.844821e-02 7.967190e-01 1.285577e+01
7.679303e-01 -1.032570e-02 6.404502e-01 5.012841e+00 2.705386e-02 9.995007e-01 -1.632434e-02 -4.316741e-01 -6.399619e-01 2.986260e-02 7.678262e-01 1.361205e+01
7.371752e-01 -1.350229e-02 6.755667e-01 5.654685e+00 3.197647e-02 9.993773e-01 -1.491841e-02 -4.656278e-01 -6.749446e-01 3.259972e-02 7.371479e-01 1.433196e+01
7.051986e-01 -1.256714e-02 7.088984e-01 6.347179e+00 3.224871e-02 9.993767e-01 -1.436376e-02 -4.941044e-01 -7.082760e-01 3.299037e-02 7.051643e-01 1.499717e+01
6.706659e-01 -1.101964e-02 7.416777e-01 7.058219e+00 3.294402e-02 9.993455e-01 -1.494181e-02 -5.336396e-01 -7.410276e-01 3.445481e-02 6.705900e-01 1.563502e+01
6.357848e-01 -1.198151e-02 7.717734e-01 7.801723e+00 3.809686e-02 9.991480e-01 -1.587266e-02 -5.437203e-01 -7.709256e-01 3.949374e-02 6.356996e-01 1.623068e+01
5.988338e-01 -9.660720e-03 8.008150e-01 8.548353e+00 3.777902e-02 9.991548e-01 -1.619700e-02 -5.543355e-01 -7.999817e-01 3.995332e-02 5.986927e-01 1.682119e+01
5.626528e-01 -8.386013e-03 8.266508e-01 9.396369e+00 4.132806e-02 9.989836e-01 -1.799534e-02 -5.365090e-01 -8.256596e-01 4.428900e-02 5.624275e-01 1.725524e+01
5.260945e-01 -6.768766e-03 8.503992e-01 1.027385e+01 4.837084e-02 9.985877e-01 -2.197607e-02 -3.992347e-01 -8.490493e-01 5.269601e-02 5.256789e-01 1.759944e+01
4.851239e-01 -5.121700e-03 8.744304e-01 1.102451e+01 5.021651e-02 9.984958e-01 -2.201117e-02 -4.166730e-01 -8.730023e-01 5.458899e-02 4.846514e-01 1.819852e+01
4.468359e-01 -6.848006e-03 8.945897e-01 1.188925e+01 5.532501e-02 9.982682e-01 -1.999246e-02 -4.557933e-01 -8.929036e-01 5.842654e-02 4.464409e-01 1.862200e+01
4.096460e-01 -8.130053e-03 9.122084e-01 1.277012e+01 5.983652e-02 9.980463e-01 -1.797574e-02 -4.968737e-01 -9.102801e-01 6.194706e-02 4.093321e-01 1.901418e+01
3.741303e-01 -5.308249e-03 9.273610e-01 1.367323e+01 6.125431e-02 9.979413e-01 -1.899990e-02 -5.241314e-01 -9.253510e-01 6.391329e-02 3.736852e-01 1.938609e+01
3.412389e-01 -6.066281e-03 9.399570e-01 1.460917e+01 6.214873e-02 9.979367e-01 -1.612180e-02 -5.419729e-01 -9.379198e-01 6.391852e-02 3.409118e-01 1.969954e+01
3.079620e-01 -7.466507e-03 9.513694e-01 1.555028e+01 6.494138e-02 9.978019e-01 -1.319086e-02 -5.550007e-01 -9.491797e-01 6.584553e-02 3.077699e-01 2.001608e+01
2.748704e-01 -7.056336e-03 9.614554e-01 1.650677e+01 6.504914e-02 9.978184e-01 -1.127368e-02 -5.712754e-01 -9.592783e-01 6.564065e-02 2.747298e-01 2.028160e+01
2.419254e-01 -3.701270e-03 9.702878e-01 1.746780e+01 6.233797e-02 9.979861e-01 -1.173603e-02 -5.909726e-01 -9.682903e-01 6.332502e-02 2.416689e-01 2.055947e+01
2.114205e-01 -2.108630e-03 9.773929e-01 1.846057e+01 6.266002e-02 9.979698e-01 -1.140101e-02 -6.172271e-01 -9.753846e-01 6.365387e-02 2.111234e-01 2.077160e+01
1.814642e-01 -1.521270e-03 9.833964e-01 1.947297e+01 6.486755e-02 9.978394e-01 -1.042627e-02 -6.281615e-01 -9.812558e-01 6.568251e-02 1.811708e-01 2.094412e+01
1.509050e-01 -1.731052e-03 9.885468e-01 2.050022e+01 6.664835e-02 9.977409e-01 -8.426946e-03 -6.487010e-01 -9.862990e-01 6.715668e-02 1.506795e-01 2.110092e+01
1.200711e-01 -2.187764e-03 9.927629e-01 2.154113e+01 6.536488e-02 9.978451e-01 -5.706685e-03 -6.595608e-01 -9.906111e-01 6.557703e-02 1.199554e-01 2.125817e+01
9.099316e-02 -2.682006e-03 9.958479e-01 2.260255e+01 6.579687e-02 9.978275e-01 -3.324691e-03 -6.750620e-01 -9.936755e-01 6.582620e-02 9.097195e-02 2.133405e+01
6.499874e-02 -2.192003e-03 9.978829e-01 2.367864e+01 6.955507e-02 9.975754e-01 -2.339256e-03 -6.906662e-01 -9.954583e-01 6.955987e-02 6.499361e-02 2.139244e+01
4.006993e-02 -1.695254e-03 9.991954e-01 2.477038e+01 7.404127e-02 9.972544e-01 -1.277256e-03 -7.054064e-01 -9.964498e-01 7.403288e-02 4.008543e-02 2.142607e+01
1.602453e-02 -1.596086e-03 9.998703e-01 2.587048e+01 7.837862e-02 9.969236e-01 3.352386e-04 -7.247866e-01 -9.967949e-01 7.836309e-02 1.610033e-02 2.151703e+01
-4.457472e-03 -1.795298e-03 9.999885e-01 2.698664e+01 8.445861e-02 9.964246e-01 2.165376e-03 -7.357423e-01 -9.964170e-01 8.446729e-02 -4.289907e-03 2.151473e+01
-2.235109e-02 -2.075803e-03 9.997480e-01 2.811563e+01 8.912603e-02 9.960121e-01 4.060612e-03 -7.377291e-01 -9.957695e-01 8.919433e-02 -2.207695e-02 2.148232e+01
-3.834498e-02 -1.787744e-03 9.992630e-01 2.925016e+01 9.207124e-02 9.957382e-01 5.314512e-03 -7.341965e-01 -9.950138e-01 9.220717e-02 -3.801696e-02 2.143890e+01
-5.270075e-02 -2.065740e-03 9.986082e-01 3.039075e+01 9.428639e-02 9.955203e-01 7.035241e-03 -7.287827e-01 -9.941492e-01 9.452592e-02 -5.226990e-02 2.137128e+01
-6.579291e-02 -3.604429e-03 9.978268e-01 3.153762e+01 9.463862e-02 9.954631e-01 9.836001e-03 -7.490804e-01 -9.933352e-01 9.508009e-02 -6.515329e-02 2.129622e+01
-7.839181e-02 -3.428445e-03 9.969167e-01 3.269720e+01 9.427975e-02 9.954868e-01 1.083715e-02 -7.487965e-01 -9.924546e-01 9.483861e-02 -7.771478e-02 2.122803e+01
-8.947860e-02 -5.609048e-04 9.959886e-01 3.387189e+01 9.461973e-02 9.954723e-01 9.061154e-03 -7.487916e-01 -9.914841e-01 9.505095e-02 -8.902039e-02 2.111607e+01
-9.917371e-02 3.512302e-03 9.950639e-01 3.506474e+01 9.466663e-02 9.954914e-01 5.921202e-03 -7.212374e-01 -9.905568e-01 9.478658e-02 -9.905907e-02 2.095777e+01
-1.083775e-01 6.051770e-03 9.940914e-01 3.628494e+01 9.586143e-02 9.953850e-01 4.391331e-03 -7.192387e-01 -9.894771e-01 9.577094e-02 -1.084575e-01 2.082008e+01
-1.155590e-01 6.859199e-03 9.932769e-01 3.752948e+01 9.622319e-02 9.953504e-01 4.321203e-03 -7.307949e-01 -9.886290e-01 9.607562e-02 -1.156817e-01 2.068489e+01
-1.203500e-01 7.628231e-03 9.927022e-01 3.878744e+01 9.637772e-02 9.953367e-01 4.035857e-03 -7.318355e-01 -9.880421e-01 9.616009e-02 -1.205240e-01 2.051535e+01
-1.264806e-01 9.165213e-03 9.919267e-01 4.007355e+01 9.703240e-02 9.952762e-01 3.176438e-03 -7.277475e-01 -9.872119e-01 9.665079e-02 -1.267724e-01 2.036437e+01
-1.309540e-01 1.039095e-02 9.913340e-01 4.137544e+01 9.648209e-02 9.953320e-01 2.312308e-03 -7.404554e-01 -9.866825e-01 9.594879e-02 -1.313452e-01 2.017281e+01
-1.341457e-01 1.145990e-02 9.908954e-01 4.269991e+01 9.751182e-02 9.952329e-01 1.690913e-03 -7.462388e-01 -9.861523e-01 9.685084e-02 -1.346237e-01 1.996028e+01
-1.366281e-01 1.100418e-02 9.905613e-01 4.405037e+01 9.731463e-02 9.952509e-01 2.366328e-03 -7.254761e-01 -9.858309e-01 9.671941e-02 -1.370501e-01 1.976311e+01
-1.387855e-01 9.394528e-03 9.902779e-01 4.541903e+01 9.860688e-02 9.951168e-01 4.379131e-03 -7.254360e-01 -9.854011e-01 9.825597e-02 -1.390342e-01 1.955745e+01
-1.413761e-01 8.245270e-03 9.899216e-01 4.681353e+01 9.916085e-02 9.950541e-01 5.873686e-03 -7.394116e-01 -9.849771e-01 9.899187e-02 -1.414945e-01 1.938686e+01
-1.428996e-01 8.929667e-03 9.896969e-01 4.822226e+01 1.022110e-01 9.947459e-01 5.782747e-03 -7.459524e-01 -9.844453e-01 1.019843e-01 -1.430615e-01 1.917508e+01
-1.447619e-01 8.943499e-03 9.894261e-01 4.965876e+01 1.023991e-01 9.947254e-01 5.990504e-03 -7.398886e-01 -9.841537e-01 1.021835e-01 -1.449142e-01 1.899123e+01
-1.460557e-01 1.001482e-02 9.892257e-01 5.111209e+01 1.033735e-01 9.946291e-01 5.193203e-03 -7.339936e-01 -9.838606e-01 1.030182e-01 -1.463065e-01 1.881490e+01
-1.461993e-01 1.024491e-02 9.892021e-01 5.258575e+01 1.040200e-01 9.945623e-01 5.073230e-03 -7.416183e-01 -9.837711e-01 1.036385e-01 -1.464700e-01 1.861688e+01
-1.458508e-01 1.150725e-02 9.892397e-01 5.407240e+01 9.998203e-02 9.949842e-01 3.167012e-03 -6.977985e-01 -9.842414e-01 9.936810e-02 -1.462698e-01 1.835240e+01
-1.445172e-01 1.147049e-02 9.894358e-01 5.558584e+01 1.007339e-01 9.949083e-01 3.179281e-03 -6.958554e-01 -9.843614e-01 1.001292e-01 -1.449369e-01 1.812712e+01
-1.429693e-01 1.111595e-02 9.896647e-01 5.711985e+01 9.980246e-02 9.950020e-01 3.241803e-03 -6.843507e-01 -9.846823e-01 9.923445e-02 -1.433642e-01 1.789245e+01
-1.415152e-01 1.275633e-02 9.898539e-01 5.866943e+01 1.017947e-01 9.948039e-01 1.733038e-03 -6.840422e-01 -9.846884e-01 1.010072e-01 -1.420784e-01 1.764592e+01
-1.393205e-01 1.369367e-02 9.901527e-01 6.025270e+01 1.049614e-01 9.944758e-01 1.015246e-03 -7.203592e-01 -9.846689e-01 1.040692e-01 -1.399882e-01 1.743056e+01
-1.380369e-01 1.416740e-02 9.903258e-01 6.185094e+01 1.062367e-01 9.943407e-01 5.829915e-04 -7.281170e-01 -9.847129e-01 1.052894e-01 -1.387608e-01 1.719814e+01
-1.376505e-01 1.373753e-02 9.903856e-01 6.347001e+01 1.034516e-01 9.946343e-01 5.819470e-04 -7.072072e-01 -9.850635e-01 1.025371e-01 -1.383331e-01 1.697179e+01
-1.367002e-01 1.191019e-02 9.905409e-01 6.510634e+01 1.066176e-01 9.942963e-01 2.758476e-03 -7.407729e-01 -9.848582e-01 1.059861e-01 -1.371903e-01 1.675838e+01
-1.364334e-01 9.989445e-03 9.905989e-01 6.675285e+01 1.077082e-01 9.941709e-01 4.808985e-03 -7.399590e-01 -9.847766e-01 1.073517e-01 -1.367140e-01 1.654868e+01
-1.362690e-01 1.092039e-02 9.906117e-01 6.841797e+01 1.077365e-01 9.941720e-01 3.860637e-03 -7.285944e-01 -9.847962e-01 1.072511e-01 -1.366513e-01 1.634815e+01
-1.353267e-01 1.284481e-02 9.907178e-01 7.009146e+01 1.085978e-01 9.940839e-01 1.945425e-03 -7.087929e-01 -9.848316e-01 1.078531e-01 -1.359210e-01 1.610879e+01
-1.352543e-01 1.228163e-02 9.907348e-01 7.178553e+01 1.078942e-01 9.941595e-01 2.405532e-03 -7.247316e-01 -9.849188e-01 1.072199e-01 -1.357894e-01 1.591642e+01
-1.358672e-01 1.222461e-02 9.906516e-01 7.350190e+01 1.083962e-01 9.941044e-01 2.599249e-03 -7.318658e-01 -9.847794e-01 1.077361e-01 -1.363912e-01 1.573532e+01
-1.358251e-01 1.221261e-02 9.906576e-01 7.522273e+01 1.073338e-01 9.942200e-01 2.459591e-03 -7.023769e-01 -9.849015e-01 1.066652e-01 -1.363509e-01 1.549116e+01
-1.360598e-01 1.205176e-02 9.906273e-01 7.696542e+01 1.093700e-01 9.939968e-01 2.928887e-03 -7.281273e-01 -9.846451e-01 1.087434e-01 -1.365611e-01 1.528236e+01
-1.358744e-01 1.189104e-02 9.906547e-01 7.872204e+01 1.122480e-01 9.936742e-01 3.468224e-03 -7.634083e-01 -9.843468e-01 1.116702e-01 -1.363497e-01 1.505577e+01
-1.363316e-01 1.276404e-02 9.905810e-01 8.049112e+01 1.127143e-01 9.936237e-01 2.709388e-03 -7.810428e-01 -9.842302e-01 1.120220e-01 -1.369010e-01 1.484502e+01
-1.379893e-01 1.384173e-02 9.903370e-01 8.228013e+01 1.136250e-01 9.935218e-01 1.945770e-03 -8.147791e-01 -9.838945e-01 1.127955e-01 -1.386681e-01 1.468672e+01
-1.399584e-01 1.458434e-02 9.900500e-01 8.407597e+01 1.118183e-01 9.937280e-01 1.168673e-03 -8.049652e-01 -9.838233e-01 1.108693e-01 -1.407114e-01 1.445497e+01
-1.418872e-01 1.498494e-02 9.897694e-01 8.589673e+01 1.110464e-01 9.938148e-01 8.727430e-04 -8.213164e-01 -9.836344e-01 1.100341e-01 -1.426737e-01 1.425261e+01
-1.425563e-01 1.403673e-02 9.896872e-01 8.771859e+01 1.102920e-01 9.938976e-01 1.790202e-03 -8.325133e-01 -9.836226e-01 1.094097e-01 -1.432345e-01 1.397260e+01
-1.441316e-01 1.362989e-02 9.894647e-01 8.955757e+01 1.088872e-01 9.940517e-01 2.168123e-03 -8.239693e-01 -9.835495e-01 1.080526e-01 -1.447584e-01 1.369180e+01
-1.434459e-01 1.217837e-02 9.895832e-01 9.140167e+01 1.072588e-01 9.942256e-01 3.312291e-03 -8.416124e-01 -9.838287e-01 1.066166e-01 -1.439238e-01 1.337194e+01
-1.454310e-01 1.219871e-02 9.892932e-01 9.327348e+01 1.067242e-01 9.942828e-01 3.428745e-03 -8.634106e-01 -9.835953e-01 1.060801e-01 -1.459015e-01 1.310607e+01
-1.482207e-01 1.321481e-02 9.888660e-01 9.516273e+01 1.068445e-01 9.942720e-01 2.727812e-03 -8.855481e-01 -9.831657e-01 1.060592e-01 -1.487836e-01 1.287306e+01
-1.527799e-01 1.369143e-02 9.881654e-01 9.706103e+01 1.066017e-01 9.942981e-01 2.705250e-03 -8.871396e-01 -9.824940e-01 1.057534e-01 -1.533683e-01 1.261989e+01
-1.577272e-01 1.255484e-02 9.874029e-01 9.896949e+01 1.052976e-01 9.944320e-01 4.175953e-03 -9.112025e-01 -9.818526e-01 1.046298e-01 -1.581709e-01 1.236566e+01
-1.628280e-01 1.156861e-02 9.865867e-01 1.008730e+02 1.034931e-01 9.946154e-01 5.417924e-03 -9.171270e-01 -9.812116e-01 1.029871e-01 -1.631485e-01 1.204077e+01
-1.674886e-01 1.226729e-02 9.857977e-01 1.027903e+02 1.015529e-01 9.948182e-01 4.874463e-03 -9.102757e-01 -9.806297e-01 1.009270e-01 -1.678665e-01 1.171332e+01
-1.713694e-01 1.336660e-02 9.851162e-01 1.047164e+02 1.023292e-01 9.947413e-01 4.303843e-03 -9.312750e-01 -9.798782e-01 1.015437e-01 -1.718360e-01 1.138692e+01
-1.745670e-01 1.485723e-02 9.845332e-01 1.066512e+02 1.022461e-01 9.947543e-01 3.117715e-03 -9.434399e-01 -9.793223e-01 1.012089e-01 -1.751703e-01 1.102717e+01
-1.794281e-01 1.498447e-02 9.836570e-01 1.086004e+02 1.004231e-01 9.949398e-01 3.161761e-03 -9.474519e-01 -9.786321e-01 9.934923e-02 -1.800250e-01 1.068335e+01
-1.827665e-01 1.401784e-02 9.830564e-01 1.105590e+02 9.942745e-02 9.950355e-01 4.296556e-03 -9.770552e-01 -9.781158e-01 9.852806e-02 -1.832529e-01 1.033343e+01
-1.898318e-01 1.410839e-02 9.817152e-01 1.125317e+02 9.671477e-02 9.953024e-01 4.397843e-03 -9.569777e-01 -9.770415e-01 9.578121e-02 -1.903046e-01 9.997167e+00
-1.954658e-01 1.394860e-02 9.806113e-01 1.145018e+02 9.536372e-02 9.954307e-01 4.849505e-03 -9.446027e-01 -9.760630e-01 9.446265e-02 -1.959028e-01 9.603245e+00
-2.013778e-01 1.393071e-02 9.794146e-01 1.164847e+02 9.493022e-02 9.954695e-01 5.359570e-03 -9.320707e-01 -9.749027e-01 9.405534e-02 -2.017879e-01 9.238265e+00
-2.062035e-01 1.547705e-02 9.783867e-01 1.184681e+02 9.548454e-02 9.954213e-01 4.377680e-03 -9.335199e-01 -9.738392e-01 9.432350e-02 -2.067372e-01 8.824618e+00
-2.110744e-01 1.690259e-02 9.773239e-01 1.204658e+02 9.481637e-02 9.954894e-01 3.260902e-03 -9.243045e-01 -9.728605e-01 9.335459e-02 -2.117249e-01 8.403153e+00
-2.170968e-01 1.716057e-02 9.759992e-01 1.224880e+02 9.572006e-02 9.954011e-01 3.789832e-03 -9.303866e-01 -9.714456e-01 9.424547e-02 -2.177410e-01 8.068594e+00
-2.224551e-01 1.775415e-02 9.747813e-01 1.244975e+02 9.489778e-02 9.954808e-01 3.525490e-03 -9.188477e-01 -9.703134e-01 9.328884e-02 -2.231346e-01 7.640930e+00
-2.288590e-01 1.886277e-02 9.732768e-01 1.265371e+02 9.449092e-02 9.955214e-01 2.924976e-03 -9.323133e-01 -9.688627e-01 9.263523e-02 -2.296164e-01 7.294107e+00
-2.340420e-01 1.929196e-02 9.720351e-01 1.285565e+02 9.377684e-02 9.955892e-01 2.819697e-03 -9.461128e-01 -9.676933e-01 9.181430e-02 -2.348188e-01 6.817711e+00
-2.412987e-01 1.794131e-02 9.702850e-01 1.306125e+02 9.506703e-02 9.954571e-01 5.235312e-03 -9.681275e-01 -9.657832e-01 9.350539e-02 -2.419081e-01 6.447465e+00
-2.370099e-01 1.588911e-02 9.713773e-01 1.325808e+02 9.684732e-02 9.952721e-01 7.350167e-03 -9.887664e-01 -9.666679e-01 9.581735e-02 -2.374281e-01 5.733073e+00
-2.404632e-01 1.657242e-02 9.705168e-01 1.346215e+02 9.612217e-02 9.953462e-01 6.819607e-03 -9.474962e-01 -9.658872e-01 9.492804e-02 -2.409371e-01 5.214976e+00
-2.436305e-01 1.647383e-02 9.697282e-01 1.366762e+02 9.651587e-02 9.953044e-01 7.339933e-03 -9.622487e-01 -9.650538e-01 9.538239e-02 -2.440765e-01 4.718869e+00
-2.471213e-01 1.597592e-02 9.688529e-01 1.387451e+02 9.556070e-02 9.953918e-01 7.960734e-03 -9.660089e-01 -9.642610e-01 9.455152e-02 -2.475091e-01 4.215035e+00
-2.519929e-01 1.586792e-02 9.675990e-01 1.408198e+02 9.411316e-02 9.955279e-01 8.184064e-03 -9.797912e-01 -9.631419e-01 9.312612e-02 -2.523593e-01 3.743687e+00
-2.560124e-01 1.655124e-02 9.665318e-01 1.428920e+02 9.262657e-02 9.956728e-01 7.484430e-03 -9.722028e-01 -9.622255e-01 9.144263e-02 -2.564377e-01 3.199260e+00
-2.592393e-01 1.572707e-02 9.656851e-01 1.449582e+02 9.155812e-02 9.957646e-01 8.361941e-03 -9.780990e-01 -9.614635e-01 9.058405e-02 -2.595813e-01 2.596472e+00
-2.633701e-01 1.641458e-02 9.645552e-01 1.470458e+02 9.172227e-02 9.957517e-01 8.099136e-03 -9.763829e-01 -9.603245e-01 9.060426e-02 -2.637569e-01 2.061808e+00
-2.670738e-01 1.706957e-02 9.635249e-01 1.491357e+02 9.172844e-02 9.957536e-01 7.785144e-03 -9.662281e-01 -9.593005e-01 9.046185e-02 -2.675055e-01 1.493486e+00
-2.706419e-01 1.688977e-02 9.625319e-01 1.512126e+02 9.056320e-02 9.958587e-01 7.989734e-03 -9.543464e-01 -9.584108e-01 8.933232e-02 -2.710507e-01 8.206498e-01
-2.754687e-01 1.556257e-02 9.611841e-01 1.533113e+02 8.978041e-02 9.959153e-01 9.605537e-03 -9.725525e-01 -9.571084e-01 8.894152e-02 -2.757407e-01 2.284767e-01
-2.791199e-01 1.557559e-02 9.601299e-01 1.554228e+02 9.094539e-02 9.958028e-01 1.028449e-02 -9.889692e-01 -9.559399e-01 9.019000e-02 -2.793649e-01 -3.674515e-01
-2.827800e-01 1.618594e-02 9.590482e-01 1.575326e+02 9.173607e-02 9.957307e-01 1.024379e-02 -9.836125e-01 -9.547879e-01 9.087605e-02 -2.830575e-01 -9.929390e-01
-2.859425e-01 1.772817e-02 9.580828e-01 1.596517e+02 9.199738e-02 9.957183e-01 9.032310e-03 -9.611723e-01 -9.538204e-01 9.072382e-02 -2.863492e-01 -1.604873e+00
-2.887473e-01 1.878150e-02 9.572211e-01 1.617743e+02 9.173560e-02 9.957502e-01 8.134718e-03 -9.846465e-01 -9.530003e-01 9.016013e-02 -2.892431e-01 -2.263327e+00
-2.929416e-01 2.003920e-02 9.559203e-01 1.639195e+02 9.303045e-02 9.956340e-01 7.637433e-03 -9.952839e-01 -9.515937e-01 9.116702e-02 -2.935269e-01 -2.864650e+00
-2.941635e-01 2.094276e-02 9.555256e-01 1.660264e+02 9.321024e-02 9.956227e-01 6.873670e-03 -9.971730e-01 -9.511991e-01 9.108675e-02 -2.948280e-01 -3.614708e+00
-2.977433e-01 2.110623e-02 9.544126e-01 1.681988e+02 9.552710e-02 9.953964e-01 7.788541e-03 -1.062553e+00 -9.498545e-01 9.349125e-02 -2.983888e-01 -4.178861e+00
-3.019840e-01 2.131025e-02 9.530748e-01 1.703587e+02 9.508025e-02 9.954385e-01 7.868921e-03 -1.050248e+00 -9.485597e-01 9.299488e-02 -3.026326e-01 -4.828161e+00
-3.055646e-01 2.213277e-02 9.519141e-01 1.725150e+02 9.829334e-02 9.951219e-01 8.414796e-03 -1.083243e+00 -9.470843e-01 9.613808e-02 -3.062495e-01 -5.513613e+00
-3.086610e-01 2.167850e-02 9.509250e-01 1.746615e+02 9.875792e-02 9.950674e-01 9.371028e-03 -1.064431e+00 -9.460313e-01 9.680385e-02 -3.092794e-01 -6.252134e+00
-3.112245e-01 2.169826e-02 9.500887e-01 1.768273e+02 1.004089e-01 9.948943e-01 1.016983e-02 -1.067502e+00 -9.450171e-01 9.856250e-02 -3.118141e-01 -6.967642e+00
-3.142423e-01 2.095686e-02 9.491115e-01 1.790058e+02 9.934383e-02 9.949932e-01 1.092190e-02 -1.052154e+00 -9.441306e-01 9.772050e-02 -3.147509e-01 -7.663712e+00
-3.183646e-01 2.133818e-02 9.477281e-01 1.812048e+02 9.834164e-02 9.950959e-01 1.063065e-02 -1.055939e+00 -9.428536e-01 9.658556e-02 -3.189018e-01 -8.318256e+00
-3.219788e-01 2.326542e-02 9.464610e-01 1.834036e+02 9.727349e-02 9.952203e-01 8.627695e-03 -1.047247e+00 -9.417365e-01 9.484349e-02 -3.227029e-01 -9.011034e+00
-3.222118e-01 2.470308e-02 9.463453e-01 1.855618e+02 9.798845e-02 9.951601e-01 7.385792e-03 -1.084466e+00 -9.415826e-01 9.511069e-02 -3.230729e-01 -9.847587e+00
-3.266386e-01 2.548533e-02 9.448057e-01 1.877632e+02 9.631221e-02 9.953303e-01 6.448907e-03 -1.083491e+00 -9.402293e-01 9.310278e-02 -3.275678e-01 -1.057716e+01
-3.300269e-01 2.612344e-02 9.436100e-01 1.899597e+02 9.466117e-02 9.954941e-01 5.547840e-03 -1.090826e+00 -9.392132e-01 9.115417e-02 -3.310127e-01 -1.133868e+01
-3.315535e-01 2.659119e-02 9.430616e-01 1.921394e+02 9.684189e-02 9.952818e-01 5.983207e-03 -1.125364e+00 -9.384530e-01 9.331162e-02 -3.325643e-01 -1.219616e+01
-3.338695e-01 2.583857e-02 9.422651e-01 1.943257e+02 9.614032e-02 9.953448e-01 6.770960e-03 -1.115275e+00 -9.377037e-01 9.285028e-02 -3.347994e-01 -1.305596e+01
-3.364258e-01 2.551554e-02 9.413642e-01 1.965479e+02 9.733813e-02 9.952207e-01 7.811496e-03 -1.134507e+00 -9.366659e-01 9.425863e-02 -3.373016e-01 -1.382818e+01
-3.407678e-01 2.596926e-02 9.397888e-01 1.987995e+02 9.836677e-02 9.951167e-01 8.169685e-03 -1.141879e+00 -9.349873e-01 9.522795e-02 -3.416582e-01 -1.455947e+01
-3.438737e-01 2.598867e-02 9.386562e-01 2.010014e+02 9.736261e-02 9.952159e-01 8.113836e-03 -1.147924e+00 -9.339547e-01 9.418015e-02 -3.447589e-01 -1.538428e+01
-3.480394e-01 2.671429e-02 9.370992e-01 2.032169e+02 9.606883e-02 9.953479e-01 7.305228e-03 -1.132583e+00 -9.325446e-01 9.256853e-02 -3.489867e-01 -1.625491e+01
-3.518790e-01 2.712055e-02 9.356525e-01 2.054457e+02 9.684263e-02 9.952709e-01 7.571816e-03 -1.160377e+00 -9.310224e-01 9.327541e-02 -3.528413e-01 -1.704206e+01
-3.513043e-01 2.824580e-02 9.358352e-01 2.076436e+02 9.853394e-02 9.951094e-01 6.953937e-03 -1.169579e+00 -9.310620e-01 9.465447e-02 -3.523694e-01 -1.795108e+01
-3.543036e-01 2.770737e-02 9.347199e-01 2.098792e+02 9.942834e-02 9.950110e-01 8.193564e-03 -1.179679e+00 -9.298295e-01 9.584066e-02 -3.552909e-01 -1.877737e+01
-3.571840e-01 2.678701e-02 9.336498e-01 2.121432e+02 1.013740e-01 9.947957e-01 1.024107e-02 -1.217630e+00 -9.285165e-01 9.830578e-02 -3.580406e-01 -1.953064e+01
-3.613784e-01 2.790497e-02 9.320016e-01 2.144008e+02 1.020113e-01 9.947353e-01 9.771026e-03 -1.181375e+00 -9.268222e-01 9.860569e-02 -3.623225e-01 -2.029376e+01
-3.635341e-01 2.862937e-02 9.311409e-01 2.166216e+02 1.020959e-01 9.947313e-01 9.275506e-03 -1.193298e+00 -9.259694e-01 9.843761e-02 -3.645417e-01 -2.118644e+01
-3.661327e-01 2.912562e-02 9.301067e-01 2.188668e+02 1.018459e-01 9.947600e-01 8.941043e-03 -1.184090e+00 -9.249726e-01 9.800119e-02 -3.671805e-01 -2.205951e+01
-3.688684e-01 3.023203e-02 9.289898e-01 2.210616e+02 1.008645e-01 9.948706e-01 7.673663e-03 -1.174811e+00 -9.239927e-01 9.653263e-02 -3.700257e-01 -2.299506e+01
-3.715569e-01 3.117816e-02 9.278865e-01 2.232761e+02 1.002443e-01 9.949402e-01 6.709945e-03 -1.170191e+00 -9.229824e-01 9.550850e-02 -3.728023e-01 -2.391647e+01
-3.727290e-01 3.116684e-02 9.274167e-01 2.255128e+02 9.748993e-02 9.952200e-01 5.735780e-03 -1.155627e+00 -9.228049e-01 9.255168e-02 -3.739858e-01 -2.479446e+01
-3.752316e-01 3.200570e-02 9.263784e-01 2.277338e+02 9.847949e-02 9.951238e-01 5.508525e-03 -1.171783e+00 -9.216849e-01 9.329624e-02 -3.765538e-01 -2.570790e+01
-3.762681e-01 3.202181e-02 9.259573e-01 2.299507e+02 1.005876e-01 9.949072e-01 6.468116e-03 -1.169499e+00 -9.210344e-01 9.557361e-02 -3.775729e-01 -2.664440e+01
-3.789155e-01 3.100448e-02 9.249118e-01 2.321583e+02 1.005958e-01 9.948963e-01 7.861347e-03 -1.170847e+00 -9.199476e-01 9.602100e-02 -3.801006e-01 -2.759779e+01
-3.814794e-01 3.145914e-02 9.238419e-01 2.343691e+02 1.003174e-01 9.949269e-01 7.543991e-03 -1.126625e+00 -9.189178e-01 9.555526e-02 -3.827000e-01 -2.854074e+01
-3.847256e-01 3.148048e-02 9.224940e-01 2.366046e+02 9.871640e-02 9.950895e-01 7.211786e-03 -1.139951e+00 -9.177370e-01 9.383984e-02 -3.859440e-01 -2.944362e+01
-3.877958e-01 3.086424e-02 9.212284e-01 2.387967e+02 9.683938e-02 9.952724e-01 7.420075e-03 -1.123861e+00 -9.166442e-01 9.208866e-02 -3.889514e-01 -3.043949e+01
-3.896001e-01 3.012122e-02 9.204914e-01 2.409069e+02 9.482497e-02 9.954653e-01 7.560296e-03 -1.099659e+00 -9.160895e-01 9.023106e-02 -3.906896e-01 -3.160091e+01
-3.929674e-01 3.017618e-02 9.190571e-01 2.430943e+02 9.368767e-02 9.955744e-01 7.370131e-03 -1.088879e+00 -9.147673e-01 8.900055e-02 -3.940554e-01 -3.260326e+01
-3.965470e-01 3.007770e-02 9.175216e-01 2.453033e+02 9.290836e-02 9.956463e-01 7.515662e-03 -1.070496e+00 -9.133009e-01 8.822574e-02 -3.976150e-01 -3.355028e+01
-4.008589e-01 2.977408e-02 9.156559e-01 2.475162e+02 9.195876e-02 9.957316e-01 7.880131e-03 -1.069822e+00 -9.115129e-01 8.736140e-02 -4.018859e-01 -3.449048e+01
-4.028687e-01 3.008554e-02 9.147632e-01 2.496497e+02 9.121596e-02 9.958035e-01 7.421339e-03 -1.048348e+00 -9.107011e-01 8.643082e-02 -4.039224e-01 -3.559369e+01
-4.090334e-01 3.138473e-02 9.119795e-01 2.519205e+02 9.141957e-02 9.957897e-01 6.733773e-03 -1.051128e+00 -9.079285e-01 8.612712e-02 -4.101804e-01 -3.638848e+01
-4.107348e-01 3.168648e-02 9.112041e-01 2.539965e+02 9.060176e-02 9.958678e-01 6.209086e-03 -1.026746e+00 -9.072421e-01 8.510698e-02 -4.119084e-01 -3.758829e+01
-4.153680e-01 3.241790e-02 9.090756e-01 2.562223e+02 9.050058e-02 9.958793e-01 5.837494e-03 -1.023080e+00 -9.051404e-01 8.469658e-02 -4.165902e-01 -3.850477e+01
-4.170043e-01 3.293467e-02 9.083076e-01 2.583298e+02 8.872985e-02 9.960450e-01 4.619928e-03 -1.003929e+00 -9.045631e-01 8.252053e-02 -4.182774e-01 -3.967696e+01
-4.216296e-01 3.366079e-02 9.061431e-01 2.605515e+02 8.966000e-02 9.959612e-01 4.721632e-03 -1.012682e+00 -9.023245e-01 8.323557e-02 -4.229448e-01 -4.061845e+01
-4.263155e-01 3.481311e-02 9.039044e-01 2.627996e+02 9.063681e-02 9.958743e-01 4.392496e-03 -1.003583e+00 -9.000223e-01 8.379960e-02 -4.277120e-01 -4.150805e+01
-4.294785e-01 3.620832e-02 9.023509e-01 2.649764e+02 9.205108e-02 9.957468e-01 3.856201e-03 -1.004898e+00 -8.983734e-01 8.471853e-02 -4.309849e-01 -4.255365e+01
-4.317367e-01 3.906349e-02 9.011534e-01 2.671520e+02 9.415438e-02 9.955557e-01 1.953080e-03 -9.706507e-01 -8.970721e-01 8.569075e-02 -4.334959e-01 -4.365337e+01
-4.344749e-01 4.005071e-02 8.997930e-01 2.693453e+02 9.578779e-02 9.953999e-01 1.945915e-03 -9.806310e-01 -8.955759e-01 8.703464e-02 -4.363126e-01 -4.466615e+01
-4.358685e-01 4.308892e-02 8.989783e-01 2.715132e+02 9.792317e-02 9.951940e-01 -2.227024e-04 -9.487647e-01 -8.946674e-01 8.793374e-02 -4.379931e-01 -4.578210e+01
-4.388552e-01 4.564461e-02 8.973977e-01 2.737327e+02 9.949638e-02 9.950360e-01 -1.954012e-03 -9.538983e-01 -8.930322e-01 8.843030e-02 -4.412182e-01 -4.682644e+01
-4.399431e-01 4.625815e-02 8.968335e-01 2.758803e+02 1.004633e-01 9.949387e-01 -2.035924e-03 -9.558940e-01 -8.923885e-01 8.920316e-02 -4.423636e-01 -4.801469e+01
-4.445313e-01 4.841403e-02 8.944540e-01 2.781499e+02 1.009521e-01 9.948845e-01 -3.678225e-03 -9.411407e-01 -8.900565e-01 8.866193e-02 -4.471448e-01 -4.900506e+01
-4.487164e-01 4.799466e-02 8.923845e-01 2.803852e+02 9.978763e-02 9.950032e-01 -3.337678e-03 -9.701881e-01 -8.880856e-01 8.755126e-02 -4.512635e-01 -5.007891e+01
-4.536492e-01 4.937636e-02 8.898114e-01 2.826595e+02 1.007180e-01 9.949075e-01 -3.859553e-03 -9.949982e-01 -8.854706e-01 8.786913e-02 -4.563121e-01 -5.113105e+01
-4.562740e-01 5.057254e-02 8.884011e-01 2.848604e+02 1.003028e-01 9.949438e-01 -5.123011e-03 -9.966907e-01 -8.841682e-01 8.677158e-02 -4.590396e-01 -5.229578e+01
-4.589957e-01 5.006422e-02 8.870268e-01 2.870794e+02 9.866416e-02 9.951077e-01 -5.110172e-03 -1.039445e+00 -8.829430e-01 8.517221e-02 -4.616897e-01 -5.346792e+01
-4.608658e-01 5.076535e-02 8.860167e-01 2.892940e+02 1.008835e-01 9.948879e-01 -4.528221e-03 -1.092814e+00 -8.817172e-01 8.729755e-02 -4.636313e-01 -5.469224e+01
-4.621457e-01 5.126056e-02 8.853212e-01 2.915330e+02 1.017016e-01 9.948047e-01 -4.510538e-03 -1.072809e+00 -8.809530e-01 8.795408e-02 -4.649580e-01 -5.588643e+01
-4.639091e-01 5.178426e-02 8.843680e-01 2.937895e+02 1.023130e-01 9.947417e-01 -4.577332e-03 -1.069813e+00 -8.799548e-01 8.835885e-02 -4.667680e-01 -5.708050e+01
-4.663744e-01 5.117369e-02 8.831060e-01 2.960644e+02 1.020280e-01 9.947744e-01 -3.762879e-03 -1.108532e+00 -8.786838e-01 8.834666e-02 -4.691584e-01 -5.824862e+01
-4.698318e-01 5.051750e-02 8.813093e-01 2.983570e+02 1.010850e-01 9.948728e-01 -3.137976e-03 -1.125513e+00 -8.769492e-01 8.761285e-02 -4.725295e-01 -5.942594e+01
-4.726386e-01 5.074158e-02 8.797943e-01 3.006335e+02 1.019196e-01 9.947892e-01 -2.621105e-03 -1.133211e+00 -8.753429e-01 8.842947e-02 -4.753473e-01 -6.063008e+01
-4.745759e-01 5.095176e-02 8.787386e-01 3.029290e+02 1.036222e-01 9.946153e-01 -1.707912e-03 -1.183218e+00 -8.740939e-01 9.024627e-02 -4.773002e-01 -6.183564e+01
-4.763209e-01 5.222488e-02 8.777192e-01 3.052371e+02 1.047922e-01 9.944915e-01 -2.304255e-03 -1.231385e+00 -8.730046e-01 9.088056e-02 -4.791698e-01 -6.303422e+01
-4.789937e-01 5.456571e-02 8.761208e-01 3.075300e+02 1.037676e-01 9.945879e-01 -5.212013e-03 -1.244314e+00 -8.716635e-01 8.841646e-02 -4.820635e-01 -6.429083e+01
-4.824291e-01 5.368411e-02 8.742884e-01 3.098328e+02 1.017855e-01 9.947942e-01 -4.918703e-03 -1.268673e+00 -8.700011e-01 8.661693e-02 -4.853820e-01 -6.555824e+01
-4.899521e-01 5.133666e-02 8.702365e-01 3.121914e+02 9.793827e-02 9.951861e-01 -3.567398e-03 -1.279843e+00 -8.662304e-01 8.348160e-02 -4.926213e-01 -6.674479e+01
-4.938367e-01 4.906322e-02 8.681694e-01 3.144754e+02 9.596906e-02 9.953829e-01 -1.662868e-03 -1.305221e+00 -8.642426e-01 8.249622e-02 -4.962652e-01 -6.809030e+01
-4.979281e-01 4.695712e-02 8.659461e-01 3.167375e+02 9.349856e-02 9.956194e-01 -2.261840e-04 -1.322867e+00 -8.621633e-01 8.085208e-02 -5.001373e-01 -6.948613e+01
-5.030178e-01 4.706718e-02 8.629935e-01 3.190570e+02 9.388056e-02 9.955834e-01 4.221168e-04 -1.353529e+00 -8.591621e-01 8.123064e-02 -5.052148e-01 -7.079765e+01
-5.072284e-01 4.889989e-02 8.604233e-01 3.213857e+02 9.739694e-02 9.952452e-01 8.543550e-04 -1.379927e+00 -8.562904e-01 8.423595e-02 -5.095793e-01 -7.212157e+01
-5.131607e-01 4.899375e-02 8.568930e-01 3.237361e+02 9.642432e-02 9.953400e-01 8.352700e-04 -1.376016e+00 -8.528590e-01 8.305395e-02 -5.154936e-01 -7.343500e+01
-5.174384e-01 4.871200e-02 8.543329e-01 3.260668e+02 9.627211e-02 9.953538e-01 1.555856e-03 -1.366578e+00 -8.502877e-01 8.305349e-02 -5.197239e-01 -7.477811e+01
-5.225637e-01 4.727584e-02 8.512885e-01 3.284033e+02 9.532736e-02 9.954407e-01 3.235474e-03 -1.371377e+00 -8.472543e-01 8.284183e-02 -5.246879e-01 -7.611806e+01
-5.285317e-01 4.403264e-02 8.477708e-01 3.307132e+02 9.002438e-02 9.959299e-01 4.396610e-03 -1.342174e+00 -8.441267e-01 7.864379e-02 -5.303445e-01 -7.750027e+01
-5.331486e-01 4.488829e-02 8.448299e-01 3.330340e+02 9.157381e-02 9.957863e-01 4.880639e-03 -1.390087e+00 -8.410510e-01 7.996640e-02 -5.350127e-01 -7.887727e+01
-5.371844e-01 4.502912e-02 8.422620e-01 3.353233e+02 9.218224e-02 9.957266e-01 5.559044e-03 -1.410021e+00 -8.384124e-01 8.062783e-02 -5.390397e-01 -8.031238e+01
-5.395318e-01 4.571020e-02 8.407235e-01 3.375761e+02 9.491991e-02 9.954617e-01 6.791239e-03 -1.440915e+00 -8.365977e-01 8.346549e-02 -5.414221e-01 -8.180485e+01
-5.410265e-01 4.635580e-02 8.397270e-01 3.398179e+02 9.603934e-02 9.953534e-01 6.930142e-03 -1.419068e+00 -8.355039e-01 8.439621e-02 -5.429646e-01 -8.331858e+01
-5.432350e-01 4.608344e-02 8.383150e-01 3.420584e+02 9.624894e-02 9.953279e-01 7.655436e-03 -1.449237e+00 -8.340455e-01 8.484563e-02 -5.451324e-01 -8.483327e+01
-5.445621e-01 4.500168e-02 8.375124e-01 3.442942e+02 9.637851e-02 9.953024e-01 9.186501e-03 -1.472005e+00 -8.331646e-01 8.572081e-02 -5.463412e-01 -8.637481e+01
-5.465068e-01 4.461743e-02 8.362653e-01 3.465514e+02 9.647837e-02 9.952854e-01 9.947812e-03 -1.455971e+00 -8.318788e-01 8.611806e-02 -5.482348e-01 -8.788362e+01
-5.484648e-01 4.359579e-02 8.350364e-01 3.488062e+02 9.421715e-02 9.955023e-01 9.909841e-03 -1.463690e+00 -8.308487e-01 8.410995e-02 -5.501054e-01 -8.939776e+01
-5.498815e-01 4.366839e-02 8.341004e-01 3.510721e+02 9.215311e-02 9.957075e-01 8.622876e-03 -1.469526e+00 -8.301435e-01 8.160651e-02 -5.515453e-01 -9.090239e+01
-5.498100e-01 4.370057e-02 8.341458e-01 3.532987e+02 8.992981e-02 9.959228e-01 7.099372e-03 -1.483960e+00 -8.304346e-01 7.891788e-02 -5.514983e-01 -9.245677e+01
-5.504807e-01 4.153177e-02 8.338142e-01 3.555487e+02 8.884705e-02 9.960042e-01 9.046104e-03 -1.495446e+00 -8.301067e-01 7.906163e-02 -5.519711e-01 -9.400100e+01
-5.534800e-01 4.074510e-02 8.318652e-01 3.578221e+02 8.956807e-02 9.959220e-01 1.081329e-02 -1.491386e+00 -8.280323e-01 8.049350e-02 -5.548724e-01 -9.549373e+01
-5.564928e-01 4.178031e-02 8.298013e-01 3.600769e+02 9.103847e-02 9.957875e-01 1.091579e-02 -1.514957e+00 -8.258497e-01 8.161839e-02 -5.579522e-01 -9.701449e+01
-5.588169e-01 4.149227e-02 8.282524e-01 3.623517e+02 9.007389e-02 9.958756e-01 1.088276e-02 -1.502751e+00 -8.243848e-01 8.068538e-02 -5.602495e-01 -9.852627e+01
-5.613689e-01 3.737235e-02 8.267214e-01 3.645953e+02 8.791034e-02 9.960204e-01 1.466818e-02 -1.517408e+00 -8.228832e-01 8.091162e-02 -5.624202e-01 -1.000656e+02
-5.652936e-01 3.516338e-02 8.241400e-01 3.668670e+02 8.586380e-02 9.961720e-01 1.639222e-02 -1.512196e+00 -8.204088e-01 8.003021e-02 -5.661489e-01 -1.015644e+02
-5.603356e-01 3.641650e-02 8.274647e-01 3.647530e+02 8.643648e-02 9.961490e-01 1.469208e-02 -1.557134e+00 -8.237431e-01 7.975564e-02 -5.613255e-01 -9.985450e+01
-5.601089e-01 3.866339e-02 8.275162e-01 3.669838e+02 8.842445e-02 9.959939e-01 1.331554e-02 -1.488178e+00 -8.236863e-01 8.063082e-02 -5.612838e-01 -1.014109e+02
-5.617881e-01 3.777671e-02 8.264182e-01 3.692243e+02 8.825960e-02 9.959924e-01 1.446952e-02 -1.485440e+00 -8.225597e-01 8.106815e-02 -5.628708e-01 -1.029411e+02
-5.646651e-01 3.687897e-02 8.244958e-01 3.714483e+02 8.756603e-02 9.960394e-01 1.541861e-02 -1.474967e+00 -8.206616e-01 8.090417e-02 -5.656580e-01 -1.045030e+02
-5.652283e-01 3.590951e-02 8.241526e-01 3.736600e+02 8.450088e-02 9.963173e-01 1.454224e-02 -1.479776e+00 -8.205952e-01 7.786130e-02 -5.661811e-01 -1.060869e+02
-5.680988e-01 3.227543e-02 8.223272e-01 3.758917e+02 7.357579e-02 9.972211e-01 1.168948e-02 -1.503960e+00 -8.196648e-01 6.714415e-02 -5.688949e-01 -1.075912e+02
-5.747235e-01 3.616444e-02 8.175482e-01 3.781733e+02 6.640934e-02 9.977892e-01 2.547269e-03 -1.477248e+00 -8.156487e-01 5.575681e-02 -5.758545e-01 -1.090449e+02
-5.642928e-01 4.697453e-02 8.242373e-01 3.783916e+02 7.377271e-02 9.972550e-01 -6.328493e-03 -1.007054e+00 -8.222720e-01 5.723509e-02 -5.662092e-01 -1.117025e+02
-5.920460e-01 3.702546e-02 8.050532e-01 3.808433e+02 7.450055e-02 9.971810e-01 8.926942e-03 -1.722719e+00 -8.024533e-01 6.526207e-02 -5.931354e-01 -1.107812e+02
-5.938566e-01 2.663791e-02 8.041298e-01 3.829859e+02 7.119034e-02 9.972714e-01 1.953868e-02 -1.720839e+00 -8.014152e-01 6.884945e-02 -5.941326e-01 -1.124490e+02
-5.964268e-01 1.645956e-02 8.024987e-01 3.851574e+02 6.550977e-02 9.974525e-01 2.822952e-02 -1.656413e+00 -7.999897e-01 6.940834e-02 -5.959857e-01 -1.140674e+02
-6.012443e-01 1.069136e-02 7.989938e-01 3.873870e+02 6.042055e-02 9.976562e-01 3.211691e-02 -1.605478e+00 -7.967777e-01 6.758575e-02 -6.004810e-01 -1.155890e+02
-6.012443e-01 1.069136e-02 7.989938e-01 3.873870e+02 6.042055e-02 9.976562e-01 3.211691e-02 -1.605478e+00 -7.967777e-01 6.758575e-02 -6.004810e-01 -1.155890e+02
-6.051957e-01 1.820335e-02 7.958686e-01 3.899429e+02 6.862982e-02 9.972095e-01 2.937912e-02 -2.072883e+00 -7.931130e-01 7.240043e-02 -6.047562e-01 -1.148816e+02
-6.082822e-01 2.454718e-02 7.933411e-01 3.921430e+02 7.295934e-02 9.970192e-01 2.509117e-02 -2.025418e+00 -7.903605e-01 7.314416e-02 -6.082600e-01 -1.164372e+02
-6.137001e-01 2.689912e-02 7.890809e-01 3.943676e+02 7.340225e-02 9.970349e-01 2.309980e-02 -2.024195e+00 -7.861198e-01 7.209666e-02 -6.138548e-01 -1.179617e+02
-6.181202e-01 2.690731e-02 7.856230e-01 3.964502e+02 7.261883e-02 9.970949e-01 2.298561e-02 -1.839352e+00 -7.827221e-01 7.125889e-02 -6.182784e-01 -1.196654e+02
-6.268986e-01 2.542079e-02 7.786860e-01 3.991061e+02 7.246471e-02 9.970375e-01 2.579030e-02 -2.019055e+00 -7.757235e-01 7.259516e-02 -6.268835e-01 -1.200799e+02
-6.378178e-01 2.405723e-02 7.698115e-01 4.017890e+02 7.182657e-02 9.970141e-01 2.835353e-02 -2.121818e+00 -7.668307e-01 7.337730e-02 -6.376413e-01 -1.201212e+02
-6.424662e-01 2.481635e-02 7.659121e-01 4.039532e+02 7.219390e-02 9.969903e-01 2.825452e-02 -1.989270e+00 -7.629058e-01 7.344675e-02 -6.423242e-01 -1.217285e+02
-6.445318e-01 2.380874e-02 7.642067e-01 4.060825e+02 7.051029e-02 9.971066e-01 2.840366e-02 -1.959046e+00 -7.613193e-01 7.219150e-02 -6.443457e-01 -1.233739e+02
-6.470297e-01 2.320894e-02 7.621115e-01 4.080234e+02 6.902192e-02 9.972156e-01 2.823066e-02 -1.884543e+00 -7.593343e-01 7.086848e-02 -6.468300e-01 -1.252410e+02
-6.513384e-01 2.230905e-02 7.584594e-01 4.101369e+02 6.993511e-02 9.970781e-01 3.073013e-02 -1.850090e+00 -7.555577e-01 7.305865e-02 -6.509954e-01 -1.269123e+02
-6.574332e-01 2.170092e-02 7.532003e-01 4.121492e+02 7.128411e-02 9.968934e-01 3.349845e-02 -1.785724e+00 -7.501334e-01 7.571421e-02 -6.569377e-01 -1.286878e+02
-6.544396e-01 2.225360e-02 7.557868e-01 4.110425e+02 7.379159e-02 9.966750e-01 3.455014e-02 -1.229615e+00 -7.525049e-01 7.838169e-02 -6.539057e-01 -1.310846e+02
-6.577742e-01 2.236423e-02 7.528831e-01 4.131403e+02 7.251810e-02 9.967960e-01 3.374755e-02 -1.202723e+00 -7.497161e-01 7.679592e-02 -6.572885e-01 -1.327624e+02
-6.504908e-01 2.464080e-02 7.591143e-01 4.122399e+02 6.960028e-02 9.972021e-01 2.727189e-02 -6.232572e-01 -7.563184e-01 7.057468e-02 -6.503858e-01 -1.352231e+02
-6.452359e-01 2.537865e-02 7.635617e-01 4.118166e+02 6.762569e-02 9.974222e-01 2.399452e-02 -2.639442e-01 -7.609845e-01 6.711852e-02 -6.452889e-01 -1.378486e+02
-6.543563e-01 2.502636e-02 7.557722e-01 4.144172e+02 6.572459e-02 9.975522e-01 2.387254e-02 -2.159041e-01 -7.533247e-01 6.529396e-02 -6.543994e-01 -1.371855e+02
-6.589344e-01 2.315106e-02 7.518441e-01 4.167109e+02 6.050393e-02 9.979189e-01 2.229883e-02 -1.160480e-01 -7.497631e-01 6.018298e-02 -6.589638e-01 -1.385830e+02
-6.565733e-01 2.069626e-02 7.539782e-01 4.185897e+02 5.251183e-02 9.984522e-01 1.832100e-02 3.139644e-02 -7.524321e-01 5.162186e-02 -6.566439e-01 -1.404897e+02
-6.582861e-01 2.002816e-02 7.525013e-01 4.206205e+02 5.133788e-02 9.985130e-01 1.833437e-02 4.109642e-02 -7.510152e-01 5.070108e-02 -6.583355e-01 -1.422438e+02
-6.582070e-01 1.855892e-02 7.526082e-01 4.226162e+02 5.182548e-02 9.984415e-01 2.070386e-02 6.892287e-02 -7.510510e-01 5.263171e-02 -6.581430e-01 -1.440240e+02
-6.576610e-01 1.848296e-02 7.530872e-01 4.246882e+02 5.562657e-02 9.981612e-01 2.408015e-02 1.110501e-01 -7.512574e-01 5.772823e-02 -6.574799e-01 -1.457235e+02
-6.564942e-01 1.698745e-02 7.541397e-01 4.267336e+02 5.981571e-02 9.977706e-01 2.959543e-02 1.523925e-01 -7.519557e-01 6.453864e-02 -6.560468e-01 -1.474424e+02
-6.527890e-01 1.652474e-02 7.573595e-01 4.287164e+02 6.405165e-02 9.973860e-01 3.344603e-02 2.053555e-01 -7.548271e-01 7.034332e-02 -6.521410e-01 -1.492365e+02
-6.507070e-01 1.424602e-02 7.591953e-01 4.307936e+02 5.876590e-02 9.977701e-01 3.164552e-02 2.537163e-01 -7.570515e-01 6.520675e-02 -6.500932e-01 -1.509161e+02
-6.492095e-01 1.429020e-02 7.604754e-01 4.328069e+02 5.264325e-02 9.982701e-01 2.618233e-02 3.058428e-01 -7.587857e-01 5.703172e-02 -6.488387e-01 -1.526563e+02
-6.475446e-01 1.269249e-02 7.619218e-01 4.348071e+02 4.843795e-02 9.985249e-01 2.453265e-02 3.868955e-01 -7.604865e-01 5.279192e-02 -6.472042e-01 -1.544374e+02
