1.000000e+00 0.000000e+00 0.000000e+00 0.000000e+00 0.000000e+00 1.000000e+00 0.000000e+00 0.000000e+00 0.000000e+00 0.000000e+00 1.000000e+00 0.000000e+00
9.999848e-01 -2.910841e-03 -4.691241e-03 3.026667e-02 2.897807e-03 9.999919e-01 -2.782689e-03 1.338154e-02 4.699303e-03 2.769052e-03 9.999851e-01 8.586899e-01
9.999605e-01 -3.007922e-03 -8.369535e-03 -2.330069e-02 2.969384e-03 9.999850e-01 -4.613257e-03 2.881961e-02 8.383285e-03 4.588222e-03 9.999543e-01 1.717320e+00
9.999061e-01 -2.831947e-03 -1.340899e-02 -2.895055e-02 2.743627e-03 9.999745e-01 -6.600434e-03 3.256059e-02 1.342734e-02 6.563025e-03 9.998883e-01 2.576723e+00
9.998403e-01 -2.024225e-03 -1.775832e-02 -9.200456e-02 1.903506e-03 9.999750e-01 -6.812146e-03 2.299981e-02 1.777166e-02 6.777255e-03 9.998191e-01 3.434792e+00
9.997823e-01 -3.364755e-03 -2.058996e-02 -1.398130e-01 3.227361e-03 9.999723e-01 -6.702419e-03 4.006038e-03 2.061194e-02 6.634509e-03 9.997655e-01 4.292649e+00
9.996962e-01 -2.054580e-03 -2.456112e-02 -2.075135e-01 1.852888e-03 9.999644e-01 -8.231777e-03 5.043625e-03 2.457715e-02 8.183767e-03 9.996644e-01 5.150519e+00
9.995539e-01 1.157685e-03 -2.984536e-02 -2.196568e-01 -1.448921e-03 9.999515e-01 -9.738376e-03 1.320763e-02 2.983264e-02 9.777275e-03 9.995071e-01 6.009840e+00
9.994666e-01 1.072672e-03 -3.263856e-02 -2.921666e-01 -1.345472e-03 9.999643e-01 -8.337396e-03 5.846616e-03 3.262845e-02 8.376864e-03 9.994324e-01 6.867054e+00
9.993044e-01 3.106408e-04 -3.729022e-02 -3.316338e-01 -5.333517e-04 9.999821e-01 -5.962569e-03 -1.401354e-02 3.728770e-02 5.978310e-03 9.992867e-01 7.726517e+00
9.991978e-01 6.745199e-04 -4.004041e-02 -3.834836e-01 -8.039480e-04 9.999945e-01 -3.216424e-03 -2.486468e-02 4.003802e-02 3.246034e-03 9.991929e-01 8.584016e+00
9.991687e-01 3.160732e-03 -4.064462e-02 -4.593121e-01 -3.336681e-03 9.999854e-01 -4.261869e-03 -2.902368e-02 4.063055e-02 4.393944e-03 9.991646e-01 9.441091e+00
9.990663e-01 1.152653e-03 -4.318808e-02 -4.917750e-01 -1.286458e-03 9.999945e-01 -3.070538e-03 -5.560773e-02 4.318430e-02 3.123230e-03 9.990622e-01 1.030042e+01
9.989804e-01 -5.039222e-03 -4.486497e-02 -5.686800e-01 4.860831e-03 9.999798e-01 -4.084382e-03 -3.525945e-02 4.488464e-02 3.862136e-03 9.989847e-01 1.115633e+01
9.987716e-01 -3.074252e-03 -4.945525e-02 -5.522171e-01 2.908705e-03 9.999899e-01 -3.419045e-03 -5.534588e-02 4.946526e-02 3.270994e-03 9.987705e-01 1.201180e+01
9.987414e-01 -3.987117e-03 -4.999769e-02 -6.241604e-01 3.813600e-03 9.999864e-01 -3.565423e-03 -7.131788e-02 5.001123e-02 3.370264e-03 9.987430e-01 1.287232e+01
9.986362e-01 -5.577890e-04 -5.220570e-02 -6.663138e-01 2.573444e-04 9.999834e-01 -5.761562e-03 -8.941739e-02 5.220804e-02 5.740269e-03 9.986197e-01 1.374184e+01
9.985677e-01 -1.234837e-03 -5.348844e-02 -7.072381e-01 8.045491e-04 9.999672e-01 -8.065295e-03 -9.602319e-02 5.349664e-02 8.010709e-03 9.985359e-01 1.462248e+01
9.984302e-01 4.097951e-04 -5.600780e-02 -7.697770e-01 -9.595704e-04 9.999516e-01 -9.789507e-03 -9.904599e-02 5.600108e-02 9.827884e-03 9.983823e-01 1.551220e+01
9.982880e-01 2.552072e-03 -5.843485e-02 -7.935643e-01 -3.162356e-03 9.999414e-01 -1.035375e-02 -1.097947e-01 5.840500e-02 1.052081e-02 9.982375e-01 1.641354e+01
9.982103e-01 2.035659e-03 -5.976681e-02 -8.527953e-01 -2.578312e-03 9.999561e-01 -9.003789e-03 -1.271070e-01 5.974586e-02 9.141772e-03 9.981718e-01 1.731760e+01
9.980013e-01 3.868680e-03 -6.307494e-02 -8.617101e-01 -4.312549e-03 9.999669e-01 -6.902542e-03 -1.606182e-01 6.304615e-02 7.160759e-03 9.979849e-01 1.822999e+01
9.979288e-01 3.615371e-03 -6.422654e-02 -9.237102e-01 -4.093959e-03 9.999648e-01 -7.321521e-03 -1.711298e-01 6.419781e-02 7.569297e-03 9.979085e-01 1.914293e+01
9.979015e-01 1.693428e-03 -6.472860e-02 -1.026751e+00 -2.264618e-03 9.999591e-01 -8.752029e-03 -1.636220e-01 6.471114e-02 8.880249e-03 9.978645e-01 2.005560e+01
9.977087e-01 -2.324913e-03 -6.761607e-02 -1.070026e+00 1.683339e-03 9.999530e-01 -9.543907e-03 -1.607579e-01 6.763508e-02 9.408219e-03 9.976658e-01 2.098329e+01
9.977627e-01 -9.235690e-04 -6.684869e-02 -1.171953e+00 4.209790e-04 9.999715e-01 -7.532018e-03 -1.782451e-01 6.685375e-02 7.487025e-03 9.977347e-01 2.191371e+01
9.977774e-01 1.320123e-03 -6.662187e-02 -1.231383e+00 -1.625772e-03 9.999884e-01 -4.533802e-03 -1.827474e-01 6.661511e-02 4.632037e-03 9.977680e-01 2.284914e+01
9.977634e-01 4.888579e-03 -6.666537e-02 -1.247160e+00 -4.950006e-03 9.999875e-01 -7.562652e-04 -2.149252e-01 6.666083e-02 1.084568e-03 9.977751e-01 2.379247e+01
9.978479e-01 5.897194e-03 -6.530491e-02 -1.290303e+00 -5.788833e-03 9.999815e-01 1.848407e-03 -2.304453e-01 6.531461e-02 -1.466390e-03 9.978636e-01 2.473824e+01
9.979602e-01 6.233589e-03 -6.353432e-02 -1.367805e+00 -6.094113e-03 9.999786e-01 2.388833e-03 -2.299522e-01 6.354785e-02 -1.996775e-03 9.979768e-01 2.568450e+01
9.980281e-01 7.224253e-03 -6.235104e-02 -1.431840e+00 -7.253967e-03 9.999737e-01 -2.502156e-04 -2.412631e-01 6.234759e-02 7.020146e-04 9.980542e-01 2.663558e+01
9.980908e-01 1.152869e-02 -6.067902e-02 -1.501551e+00 -1.186008e-02 9.999166e-01 -5.104154e-03 -2.823640e-01 6.061511e-02 5.814067e-03 9.981443e-01 2.759220e+01
9.980412e-01 1.128599e-02 -6.153342e-02 -1.512516e+00 -1.178295e-02 9.999008e-01 -7.719477e-03 -3.055905e-01 6.144019e-02 8.429402e-03 9.980752e-01 2.856173e+01
9.981135e-01 7.669092e-03 -6.091557e-02 -1.587615e+00 -8.095320e-03 9.999444e-01 -6.753307e-03 -3.123851e-01 6.086039e-02 7.233697e-03 9.981201e-01 2.953585e+01
9.981883e-01 7.159101e-03 -5.974055e-02 -1.659651e+00 -7.290419e-03 9.999715e-01 -1.980457e-03 -3.348628e-01 5.972467e-02 2.412403e-03 9.982120e-01 3.051377e+01
9.981017e-01 5.526737e-03 -6.133952e-02 -1.686407e+00 -5.424616e-03 9.999836e-01 1.831254e-03 -3.751011e-01 6.134863e-02 -1.495034e-03 9.981153e-01 3.149320e+01
9.978963e-01 4.443008e-04 -6.482914e-02 -1.668529e+00 -3.730141e-04 9.999993e-01 1.111709e-03 -4.074549e-01 6.482959e-02 -1.085189e-03 9.978958e-01 3.247307e+01
9.978341e-01 9.743926e-04 -6.577312e-02 -1.741178e+00 -1.146010e-03 9.999960e-01 -2.571560e-03 -4.329149e-01 6.577035e-02 2.641367e-03 9.978313e-01 3.345589e+01
9.977446e-01 -9.570466e-04 -6.711830e-02 -1.854352e+00 5.172166e-04 9.999783e-01 -6.570128e-03 -4.278118e-01 6.712313e-02 6.520595e-03 9.977234e-01 3.446289e+01
9.975385e-01 -3.674144e-04 -7.012056e-02 -1.914381e+00 -2.208015e-04 9.999649e-01 -8.380702e-03 -4.139408e-01 7.012117e-02 8.375555e-03 9.975033e-01 3.552155e+01
9.975101e-01 7.046586e-04 -7.051995e-02 -1.990314e+00 -1.244843e-03 9.999702e-01 -7.616366e-03 -4.324799e-01 7.051249e-02 7.685189e-03 9.974813e-01 3.656325e+01
9.974350e-01 5.591232e-03 -7.135898e-02 -2.083262e+00 -5.990580e-03 9.999676e-01 -5.383530e-03 -4.532587e-01 7.132657e-02 5.797203e-03 9.974362e-01 3.760545e+01
9.973972e-01 5.479169e-03 -7.189454e-02 -2.169759e+00 -5.746581e-03 9.999773e-01 -3.513187e-03 -4.965046e-01 7.187366e-02 3.917190e-03 9.974061e-01 3.863599e+01
9.973614e-01 7.432674e-03 -7.221425e-02 -2.251981e+00 -7.542089e-03 9.999708e-01 -1.242569e-03 -5.043166e-01 7.220290e-02 1.783937e-03 9.973884e-01 3.967057e+01
9.973470e-01 8.018859e-03 -7.235144e-02 -2.314652e+00 -7.859886e-03 9.999660e-01 2.481677e-03 -5.523751e-01 7.236889e-02 -1.906419e-03 9.973761e-01 4.069331e+01
9.971766e-01 1.456944e-02 -7.366475e-02 -2.375816e+00 -1.425672e-02 9.998870e-01 4.769216e-03 -5.828411e-01 7.372591e-02 -3.705533e-03 9.972717e-01 4.171589e+01
9.972355e-01 1.517712e-02 -7.273892e-02 -2.502229e+00 -1.496802e-02 9.998821e-01 3.418870e-03 -5.802133e-01 7.278223e-02 -2.320660e-03 9.973452e-01 4.272048e+01
9.972021e-01 1.252942e-02 -7.369528e-02 -2.571432e+00 -1.240667e-02 9.999208e-01 2.123280e-03 -5.789276e-01 7.371604e-02 -1.203026e-03 9.972785e-01 4.372601e+01
9.971815e-01 1.254753e-02 -7.397092e-02 -2.649613e+00 -1.256271e-02 9.999211e-01 2.600386e-04 -5.849708e-01 7.396834e-02 6.699698e-04 9.972604e-01 4.472660e+01
9.971310e-01 1.125432e-02 -7.485408e-02 -2.736759e+00 -1.124633e-02 9.999366e-01 5.282468e-04 -5.871819e-01 7.485528e-02 3.151025e-04 9.971944e-01 4.572450e+01
9.969251e-01 8.609262e-03 -7.788556e-02 -2.770577e+00 -8.504864e-03 9.999624e-01 1.672018e-03 -5.889734e-01 7.789703e-02 -1.004470e-03 9.969609e-01 4.672155e+01
9.968901e-01 7.081790e-03 -7.848550e-02 -2.896586e+00 -6.981483e-03 9.999744e-01 1.552355e-03 -5.703692e-01 7.849449e-02 -9.995824e-04 9.969140e-01 4.770235e+01
9.967782e-01 8.868704e-03 -7.971599e-02 -2.952502e+00 -9.117179e-03 9.999546e-01 -2.753572e-03 -5.621724e-01 7.968796e-02 3.471486e-03 9.968138e-01 4.868126e+01
9.967160e-01 8.131569e-03 -8.056725e-02 -3.046322e+00 -8.673557e-03 9.999420e-01 -6.379454e-03 -5.806526e-01 8.051070e-02 7.057309e-03 9.967288e-01 4.966109e+01
9.965661e-01 1.151198e-02 -8.199743e-02 -3.093144e+00 -1.218461e-02 9.998961e-01 -7.707378e-03 -6.162970e-01 8.190018e-02 8.680018e-03 9.966027e-01 5.064290e+01
9.965239e-01 8.296702e-03 -8.289321e-02 -3.173408e+00 -8.766464e-03 9.999475e-01 -5.304710e-03 -5.976710e-01 8.284484e-02 6.012951e-03 9.965443e-01 5.161857e+01
9.967177e-01 6.051327e-03 -8.072865e-02 -3.305715e+00 -6.240918e-03 9.999783e-01 -2.096379e-03 -6.115441e-01 8.071421e-02 2.593319e-03 9.967339e-01 5.258203e+01
9.965168e-01 2.839308e-03 -8.334375e-02 -3.345027e+00 -3.022241e-03 9.999933e-01 -2.068848e-03 -6.083633e-01 8.333732e-02 2.313527e-03 9.965187e-01 5.354665e+01
9.964978e-01 -2.805889e-03 -8.357137e-02 -3.437369e+00 2.549760e-03 9.999917e-01 -3.171365e-03 -6.119805e-01 8.357958e-02 2.947171e-03 9.964967e-01 5.450807e+01
9.963426e-01 -6.796355e-03 -8.517754e-02 -3.499639e+00 6.474864e-03 9.999708e-01 -4.050051e-03 -6.400935e-01 8.520259e-02 3.483725e-03 9.963576e-01 5.546664e+01
9.962713e-01 -6.721959e-03 -8.601356e-02 -3.583559e+00 6.497165e-03 9.999747e-01 -2.893146e-03 -6.636180e-01 8.603084e-02 2.323514e-03 9.962898e-01 5.642703e+01
9.962493e-01 -9.334940e-03 -8.602494e-02 -3.666611e+00 9.500044e-03 9.999537e-01 1.510071e-03 -6.852229e-01 8.600687e-02 -2.321648e-03 9.962918e-01 5.738724e+01
9.962741e-01 -9.243910e-03 -8.574711e-02 -3.747176e+00 9.835512e-03 9.999306e-01 6.479471e-03 -7.137358e-01 8.568126e-02 -7.298695e-03 9.962959e-01 5.833774e+01
9.962094e-01 -4.546420e-03 -8.686898e-02 -3.761861e+00 5.329669e-03 9.999472e-01 8.786638e-03 -7.551259e-01 8.682445e-02 -9.216314e-03 9.961810e-01 5.928035e+01
9.959636e-01 -4.860935e-03 -8.962688e-02 -3.843302e+00 5.295242e-03 9.999754e-01 4.608574e-03 -7.502994e-01 8.960227e-02 -5.064568e-03 9.959647e-01 6.020409e+01
9.958882e-01 -3.661815e-03 -9.051632e-02 -3.924177e+00 3.414995e-03 9.999900e-01 -2.881523e-03 -7.689078e-01 9.052597e-02 2.560562e-03 9.958908e-01 6.111789e+01
9.957182e-01 -1.898104e-03 -9.242073e-02 -4.003651e+00 1.131949e-03 9.999646e-01 -8.341585e-03 -7.763380e-01 9.243328e-02 8.201253e-03 9.956851e-01 6.202821e+01
9.955728e-01 2.168454e-03 -9.396898e-02 -4.086723e+00 -2.873404e-03 9.999687e-01 -7.367284e-03 -7.924022e-01 9.395007e-02 7.604678e-03 9.955479e-01 6.292584e+01
9.954504e-01 4.844343e-03 -9.515820e-02 -4.176050e+00 -5.384365e-03 9.999708e-01 -5.419038e-03 -7.911258e-01 9.512917e-02 5.906750e-03 9.954474e-01 6.380729e+01
9.956420e-01 7.447939e-03 -9.295986e-02 -4.391554e+00 -7.863738e-03 9.999606e-01 -4.107381e-03 -8.031594e-01 9.292561e-02 4.820493e-03 9.956614e-01 6.465195e+01
9.955295e-01 9.676164e-03 -9.395411e-02 -4.494486e+00 -1.010621e-02 9.999405e-01 -4.102461e-03 -8.314652e-01 9.390883e-02 5.033641e-03 9.955681e-01 6.550336e+01
9.953795e-01 1.333392e-02 -9.508854e-02 -4.579341e+00 -1.370806e-02 9.999007e-01 -3.282430e-03 -8.665300e-01 9.503532e-02 4.570742e-03 9.954634e-01 6.634452e+01
9.951879e-01 1.252390e-02 -9.718114e-02 -4.658529e+00 -1.279328e-02 9.999159e-01 -2.149285e-03 -8.813631e-01 9.714605e-02 3.382207e-03 9.952644e-01 6.717239e+01
9.950525e-01 1.103457e-02 -9.873579e-02 -4.761990e+00 -1.128949e-02 9.999342e-01 -2.023497e-03 -8.802229e-01 9.870696e-02 3.128162e-03 9.951116e-01 6.798544e+01
9.951588e-01 9.346530e-03 -9.783508e-02 -4.949817e+00 -9.634307e-03 9.999505e-01 -2.469431e-03 -8.467265e-01 9.780716e-02 3.400049e-03 9.951996e-01 6.877014e+01
9.950258e-01 1.208357e-02 -9.888202e-02 -5.030606e+00 -1.211714e-02 9.999266e-01 2.610072e-04 -8.658448e-01 9.887791e-02 9.384588e-04 9.950991e-01 6.956283e+01
9.949485e-01 1.257446e-02 -9.959616e-02 -5.126625e+00 -1.222378e-02 9.999168e-01 4.130521e-03 -8.715334e-01 9.963980e-02 -2.892214e-03 9.950194e-01 7.033628e+01
9.947413e-01 1.567695e-02 -1.012124e-01 -5.223292e+00 -1.520199e-02 9.998695e-01 5.462308e-03 -8.616720e-01 1.012849e-01 -3.894953e-03 9.948498e-01 7.108666e+01
9.946532e-01 1.818543e-02 -1.016574e-01 -5.335966e+00 -1.809552e-02 9.998346e-01 1.806571e-03 -8.758060e-01 1.016734e-01 4.263211e-05 9.948178e-01 7.181181e+01
9.943871e-01 1.802719e-02 -1.042563e-01 -5.413069e+00 -1.865446e-02 9.998133e-01 -5.044621e-03 -9.006040e-01 1.041459e-01 6.961151e-03 9.945377e-01 7.252322e+01
9.943065e-01 1.738899e-02 -1.051291e-01 -5.503304e+00 -1.861578e-02 9.997695e-01 -1.069929e-02 -9.183490e-01 1.049188e-01 1.259543e-02 9.944010e-01 7.321543e+01
9.942583e-01 1.871433e-02 -1.053580e-01 -5.588420e+00 -2.006680e-02 9.997291e-01 -1.179145e-02 -9.344059e-01 1.051088e-01 1.383794e-02 9.943645e-01 7.388990e+01
9.927783e-01 2.090816e-02 -1.181272e-01 -5.386226e+00 -2.210655e-02 9.997165e-01 -8.843592e-03 -9.295129e-01 1.179088e-01 1.139111e-02 9.929591e-01 7.451798e+01
9.927983e-01 2.027032e-02 -1.180701e-01 -5.519226e+00 -2.130031e-02 9.997452e-01 -7.468102e-03 -9.262681e-01 1.178887e-01 9.929250e-03 9.929772e-01 7.513778e+01
9.926660e-01 1.767140e-02 -1.195904e-01 -5.586210e+00 -1.908835e-02 9.997604e-01 -1.071320e-02 -9.421467e-01 1.193724e-01 1.291742e-02 9.927655e-01 7.574812e+01
9.928533e-01 9.893239e-03 -1.189305e-01 -5.683271e+00 -1.194566e-02 9.997916e-01 -1.655684e-02 -9.451944e-01 1.187419e-01 1.785922e-02 9.927645e-01 7.633692e+01
9.920628e-01 5.821710e-03 -1.256086e-01 -5.602505e+00 -8.368042e-03 9.997699e-01 -1.975385e-02 -9.919427e-01 1.254647e-01 2.064816e-02 9.918832e-01 7.691384e+01
9.924057e-01 7.122948e-03 -1.228018e-01 -5.670005e+00 -9.632604e-03 9.997565e-01 -1.985507e-02 -1.007782e+00 1.226304e-01 2.088718e-02 9.922326e-01 7.748222e+01
9.930449e-01 1.273442e-02 -1.170453e-01 -5.767278e+00 -1.481940e-02 9.997463e-01 -1.696045e-02 -1.023643e+00 1.167996e-01 1.857703e-02 9.929817e-01 7.803045e+01
9.934672e-01 1.131839e-02 -1.135554e-01 -5.798693e+00 -1.296579e-02 9.998210e-01 -1.377941e-02 -1.039579e+00 1.133791e-01 1.516173e-02 9.934361e-01 7.857339e+01
9.940738e-01 6.683706e-03 -1.085016e-01 -5.824815e+00 -7.738446e-03 9.999268e-01 -9.302811e-03 -1.056712e+00 1.084314e-01 1.008731e-02 9.940527e-01 7.910446e+01
9.949354e-01 2.266282e-03 -1.004909e-01 -5.859188e+00 -2.808890e-03 9.999822e-01 -5.258408e-03 -1.089318e+00 1.004772e-01 5.514044e-03 9.949241e-01 7.961490e+01
9.960868e-01 5.991625e-03 -8.817663e-02 -5.946797e+00 -6.585307e-03 9.999576e-01 -6.443507e-03 -1.084305e+00 8.813428e-02 6.998963e-03 9.960840e-01 8.010920e+01
9.972798e-01 1.036986e-02 -7.297544e-02 -5.981042e+00 -1.086673e-02 9.999204e-01 -6.415087e-03 -1.102968e+00 7.290310e-02 7.190641e-03 9.973131e-01 8.059573e+01
9.982477e-01 1.510548e-02 -5.721243e-02 -5.955992e+00 -1.543113e-02 9.998671e-01 -5.254380e-03 -1.124794e+00 5.712546e-02 6.128026e-03 9.983482e-01 8.106921e+01
9.992842e-01 1.348738e-02 -3.534314e-02 -5.974578e+00 -1.367998e-02 9.998928e-01 -5.213049e-03 -1.129404e+00 3.526904e-02 5.692811e-03 9.993616e-01 8.152909e+01
9.999092e-01 1.019306e-02 -8.809999e-03 -5.980023e+00 -1.022869e-02 9.999396e-01 -4.009343e-03 -1.151653e+00 8.768600e-03 4.099094e-03 9.999532e-01 8.198354e+01
9.997232e-01 9.788129e-03 2.139642e-02 -5.977971e+00 -9.721701e-03 9.999476e-01 -3.206458e-03 -1.149208e+00 -2.142668e-02 2.997561e-03 9.997659e-01 8.243370e+01
9.983285e-01 9.073668e-03 5.707782e-02 -5.965197e+00 -9.024223e-03 9.999586e-01 -1.123972e-03 -1.167895e+00 -5.708566e-02 6.070108e-04 9.983691e-01 8.287084e+01
9.955291e-01 9.650950e-03 9.396068e-02 -5.901128e+00 -9.558167e-03 9.999533e-01 -1.437474e-03 -1.156105e+00 -9.397017e-02 5.329550e-04 9.955749e-01 8.330468e+01
9.913731e-01 1.031366e-02 1.306641e-01 -5.757234e+00 -1.000418e-02 9.999454e-01 -3.024694e-03 -1.142414e+00 -1.306881e-01 1.691413e-03 9.914221e-01 8.371165e+01
9.840447e-01 1.002430e-02 1.776388e-01 -5.675869e+00 -9.751133e-03 9.999496e-01 -2.410780e-03 -1.159967e+00 -1.776540e-01 6.401354e-04 9.840928e-01 8.411633e+01
9.736726e-01 1.103499e-02 2.276839e-01 -5.563828e+00 -1.053896e-02 9.999387e-01 -3.394251e-03 -1.184571e+00 -2.277074e-01 9.053380e-04 9.737292e-01 8.451687e+01
9.596610e-01 1.263265e-02 2.808758e-01 -5.418521e+00 -1.110154e-02 9.999136e-01 -7.041705e-03 -1.183332e+00 -2.809405e-01 3.639496e-03 9.597183e-01 8.488626e+01
9.412171e-01 1.305177e-02 3.375499e-01 -5.260058e+00 -1.058181e-02 9.999021e-01 -9.156312e-03 -1.192873e+00 -3.376363e-01 5.046189e-03 9.412631e-01 8.525692e+01
9.179023e-01 1.405395e-02 3.965574e-01 -5.081363e+00 -1.045406e-02 9.998822e-01 -1.123794e-02 -1.193397e+00 -3.966686e-01 6.169697e-03 9.179411e-01 8.561127e+01
8.907415e-01 1.499081e-02 4.542629e-01 -4.873082e+00 -9.721257e-03 9.998557e-01 -1.393361e-02 -1.193046e+00 -4.544062e-01 7.995243e-03 8.907587e-01 8.592742e+01
8.603908e-01 1.303051e-02 5.094682e-01 -4.616196e+00 -5.897134e-03 9.998607e-01 -1.561404e-02 -1.205992e+00 -5.096007e-01 1.042977e-02 8.603478e-01 8.621696e+01
8.272905e-01 1.166856e-02 5.616532e-01 -4.349011e+00 -3.933505e-03 9.998801e-01 -1.497901e-02 -1.235769e+00 -5.617606e-01 1.018272e-02 8.272372e-01 8.647635e+01
7.859499e-01 1.092720e-02 6.181936e-01 -4.122460e+00 -1.862225e-03 9.998811e-01 -1.530635e-02 -1.230973e+00 -6.182874e-01 1.087881e-02 7.858768e-01 8.679152e+01
7.453855e-01 1.038485e-02 6.665528e-01 -3.826949e+00 -3.582844e-03 9.999266e-01 -1.157221e-02 -1.254638e+00 -6.666241e-01 6.237605e-03 7.453680e-01 8.703487e+01
7.008009e-01 1.027677e-02 7.132829e-01 -3.543078e+00 -2.317677e-03 9.999237e-01 -1.212949e-02 -1.251359e+00 -7.133532e-01 6.847196e-03 7.007713e-01 8.728147e+01
6.562796e-01 8.713054e-03 7.544675e-01 -3.220489e+00 -2.322951e-04 9.999356e-01 -1.134581e-02 -1.282662e+00 -7.545178e-01 7.270762e-03 6.562394e-01 8.748050e+01
6.108937e-01 6.209258e-03 7.916883e-01 -2.896955e+00 6.189620e-03 9.999012e-01 -1.261841e-02 -1.284134e+00 -7.916884e-01 1.260875e-02 6.107949e-01 8.766206e+01
5.636356e-01 8.651837e-03 8.259783e-01 -2.571768e+00 5.552011e-03 9.998829e-01 -1.426204e-02 -1.283492e+00 -8.260049e-01 1.262443e-02 5.635215e-01 8.785919e+01
5.177128e-01 1.147475e-02 8.554775e-01 -2.226995e+00 2.205608e-03 9.998888e-01 -1.474655e-02 -1.298154e+00 -8.555516e-01 9.521325e-03 5.176300e-01 8.802099e+01
4.738802e-01 1.351833e-02 8.804856e-01 -1.875157e+00 1.010231e-03 9.998732e-01 -1.589503e-02 -1.316971e+00 -8.805888e-01 8.421834e-03 4.738064e-01 8.815363e+01
4.331752e-01 1.117540e-02 9.012405e-01 -1.507121e+00 9.966192e-03 9.998026e-01 -1.718776e-02 -1.309267e+00 -9.012546e-01 1.642725e-02 4.329783e-01 8.827755e+01
3.941466e-01 3.380522e-03 9.190414e-01 -1.136719e+00 2.603034e-02 9.995510e-01 -1.484022e-02 -1.307721e+00 -9.186789e-01 2.977218e-02 3.938816e-01 8.838473e+01
3.592022e-01 2.459691e-04 9.332597e-01 -7.662423e-01 3.083341e-02 9.994509e-01 -1.213088e-02 -1.306365e+00 -9.327503e-01 3.313302e-02 3.589973e-01 8.849199e+01
3.269430e-01 3.834387e-03 9.450363e-01 -3.921196e-01 2.766339e-02 9.995244e-01 -1.362584e-02 -1.326074e+00 -9.446391e-01 3.059778e-02 3.266814e-01 8.859516e+01
2.960051e-01 1.147982e-02 9.551174e-01 -1.585141e-02 1.536435e-02 9.997412e-01 -1.677781e-02 -1.354527e+00 -9.550628e-01 1.964108e-02 2.957521e-01 8.870733e+01
2.675125e-01 1.529482e-02 9.634330e-01 3.765392e-01 9.845580e-03 9.997784e-01 -1.860560e-02 -1.381162e+00 -9.635041e-01 1.446279e-02 2.673026e-01 8.880049e+01
2.421052e-01 1.667250e-02 9.701068e-01 7.805925e-01 9.992447e-03 9.997565e-01 -1.967584e-02 -1.409915e+00 -9.701986e-01 1.445736e-02 2.418796e-01 8.887211e+01
2.192117e-01 1.728511e-02 9.755242e-01 1.199310e+00 1.877791e-02 9.995831e-01 -2.193102e-02 -1.426685e+00 -9.754966e-01 2.312584e-02 2.187958e-01 8.893770e+01
1.991894e-01 2.314846e-02 9.796876e-01 1.625061e+00 2.538801e-02 9.992635e-01 -2.877288e-02 -1.429556e+00 -9.796321e-01 3.060357e-02 1.984550e-01 8.899486e+01
1.799656e-01 3.052207e-02 9.831993e-01 2.073174e+00 2.625439e-02 9.990134e-01 -3.581862e-02 -1.420511e+00 -9.833225e-01 3.225942e-02 1.789867e-01 8.903908e+01
1.614838e-01 3.195710e-02 9.863578e-01 2.532405e+00 2.382843e-02 9.990579e-01 -3.626970e-02 -1.433622e+00 -9.865877e-01 2.936033e-02 1.605701e-01 8.913045e+01
1.453781e-01 2.746754e-02 9.889948e-01 3.001098e+00 2.247218e-02 9.992650e-01 -3.105609e-02 -1.460622e+00 -9.891209e-01 2.673975e-02 1.446540e-01 8.920591e+01
1.315150e-01 2.356158e-02 9.910341e-01 3.486228e+00 2.258437e-02 9.993868e-01 -2.675722e-02 -1.490076e+00 -9.910569e-01 2.590086e-02 1.309022e-01 8.924810e+01
1.175467e-01 2.121164e-02 9.928408e-01 3.981544e+00 2.571917e-02 9.993715e-01 -2.439617e-02 -1.501794e+00 -9.927342e-01 2.840273e-02 1.169273e-01 8.930071e+01
1.066542e-01 2.115336e-02 9.940711e-01 4.495555e+00 2.979219e-02 9.992568e-01 -2.446012e-02 -1.503496e+00 -9.938497e-01 3.222433e-02 1.059447e-01 8.933432e+01
9.580020e-02 2.152815e-02 9.951678e-01 5.023953e+00 3.222337e-02 9.991750e-01 -2.471684e-02 -1.522912e+00 -9.948789e-01 3.443554e-02 9.502746e-02 8.937900e+01
8.729498e-02 2.260794e-02 9.959259e-01 5.567551e+00 3.433610e-02 9.990801e-01 -2.568917e-02 -1.533631e+00 -9.955906e-01 3.643875e-02 8.643841e-02 8.943191e+01
8.144786e-02 2.326343e-02 9.964061e-01 6.130275e+00 3.487016e-02 9.990490e-01 -2.617548e-02 -1.548850e+00 -9.960674e-01 3.687678e-02 8.055920e-02 8.946926e+01
7.635595e-02 2.427543e-02 9.967851e-01 6.713240e+00 3.687606e-02 9.989509e-01 -2.715297e-02 -1.562523e+00 -9.963985e-01 3.883079e-02 7.538066e-02 8.950577e+01
6.998740e-02 2.458388e-02 9.972449e-01 7.314599e+00 3.714630e-02 9.989387e-01 -2.723259e-02 -1.584797e+00 -9.968560e-01 3.894990e-02 6.899992e-02 8.954939e+01
6.552076e-02 2.515534e-02 9.975341e-01 7.932626e+00 3.954742e-02 9.988313e-01 -2.778563e-02 -1.598404e+00 -9.970672e-01 4.127044e-02 6.444935e-02 8.959073e+01
6.324535e-02 2.484362e-02 9.976887e-01 8.572046e+00 4.237890e-02 9.987215e-01 -2.755582e-02 -1.612883e+00 -9.970978e-01 4.402373e-02 6.211165e-02 8.960966e+01
6.053630e-02 2.377306e-02 9.978829e-01 9.225548e+00 4.337782e-02 9.987092e-01 -2.642425e-02 -1.644382e+00 -9.972230e-01 4.488561e-02 5.942694e-02 8.964153e+01
5.846541e-02 2.342630e-02 9.980145e-01 9.898770e+00 4.464273e-02 9.986631e-01 -2.605678e-02 -1.660823e+00 -9.972907e-01 4.607751e-02 5.734143e-02 8.966992e+01
5.694520e-02 2.230416e-02 9.981281e-01 1.058322e+01 4.941913e-02 9.984619e-01 -2.513108e-02 -1.695721e+00 -9.971534e-01 5.075771e-02 5.575537e-02 8.970894e+01
5.745755e-02 2.100391e-02 9.981270e-01 1.128865e+01 5.220632e-02 9.983476e-01 -2.401383e-02 -1.734213e+00 -9.969820e-01 5.348831e-02 5.626607e-02 8.974781e+01
6.092925e-02 2.044397e-02 9.979327e-01 1.201129e+01 5.507321e-02 9.981983e-01 -2.381193e-02 -1.754066e+00 -9.966216e-01 5.641020e-02 5.969356e-02 8.977624e+01
6.472442e-02 2.042368e-02 9.976942e-01 1.274933e+01 5.720399e-02 9.980706e-01 -2.414244e-02 -1.771958e+00 -9.962622e-01 5.863469e-02 6.343122e-02 8.981649e+01
6.930867e-02 2.041286e-02 9.973864e-01 1.350736e+01 5.683500e-02 9.980859e-01 -2.437666e-02 -1.782307e+00 -9.959749e-01 5.837597e-02 6.801585e-02 8.986158e+01
7.308277e-02 1.855362e-02 9.971533e-01 1.427763e+01 5.968925e-02 9.979533e-01 -2.294322e-02 -1.797782e+00 -9.955381e-01 6.119609e-02 7.182574e-02 8.991196e+01
7.587662e-02 1.675499e-02 9.969764e-01 1.505875e+01 5.830319e-02 9.980736e-01 -2.121069e-02 -1.843658e+00 -9.954112e-01 5.973630e-02 7.475358e-02 9.000662e+01
7.906009e-02 1.591985e-02 9.967427e-01 1.585061e+01 5.446536e-02 9.983100e-01 -2.026499e-02 -1.842123e+00 -9.953808e-01 5.589010e-02 7.805940e-02 9.008314e+01
8.274722e-02 1.445964e-02 9.964657e-01 1.665052e+01 5.499603e-02 9.983048e-01 -1.905324e-02 -1.872969e+00 -9.950519e-01 5.637826e-02 8.181172e-02 9.015290e+01
8.771579e-02 1.517726e-02 9.960299e-01 1.745214e+01 5.609466e-02 9.982221e-01 -2.015067e-02 -1.877032e+00 -9.945649e-01 5.763949e-02 8.670848e-02 9.023220e+01
9.186494e-02 1.934324e-02 9.955836e-01 1.826083e+01 5.582907e-02 9.981386e-01 -2.454436e-02 -1.894643e+00 -9.942052e-01 5.783727e-02 9.061403e-02 9.028630e+01
8.989311e-02 2.606811e-02 9.956102e-01 1.905845e+01 5.100941e-02 9.982249e-01 -3.074218e-02 -1.897211e+00 -9.946443e-01 5.354900e-02 8.840382e-02 9.045763e+01
3.841356e-02 4.018592e-02 9.984535e-01 1.933869e+01 5.102937e-02 9.978084e-01 -4.212321e-02 -1.794031e+00 -9.979581e-01 5.256856e-02 3.627871e-02 9.122128e+01
3.738694e-02 4.114862e-02 9.984533e-01 2.015534e+01 5.145455e-02 9.977472e-01 -4.304623e-02 -1.796953e+00 -9.979753e-01 5.298434e-02 3.518543e-02 9.130032e+01
3.792668e-02 3.930340e-02 9.985073e-01 2.097301e+01 4.884376e-02 9.979589e-01 -4.113706e-02 -1.844340e+00 -9.980861e-01 5.033104e-02 3.592954e-02 9.128792e+01
3.685593e-02 3.728300e-02 9.986249e-01 2.178790e+01 4.710587e-02 9.981282e-01 -3.900297e-02 -1.914237e+00 -9.982097e-01 4.847858e-02 3.503069e-02 9.133834e+01
3.744304e-02 3.736915e-02 9.985998e-01 2.260433e+01 4.377449e-02 9.982800e-01 -3.899853e-02 -1.951733e+00 -9.983395e-01 4.517342e-02 3.574282e-02 9.135341e+01
3.769978e-02 3.618427e-02 9.986338e-01 2.341422e+01 3.997917e-02 9.984895e-01 -3.768831e-02 -2.033763e+00 -9.984891e-01 4.134539e-02 3.619621e-02 9.136573e+01
3.534733e-02 3.652442e-02 9.987074e-01 2.422126e+01 3.546293e-02 9.986567e-01 -3.777770e-02 -2.090507e+00 -9.987457e-01 3.675243e-02 3.400458e-02 9.144300e+01
3.332068e-02 3.718239e-02 9.987528e-01 2.503108e+01 3.076674e-02 9.987960e-01 -3.821044e-02 -2.145551e+00 -9.989710e-01 3.200157e-02 3.213658e-02 9.149809e+01
3.218122e-02 3.621890e-02 9.988256e-01 2.584153e+01 2.804610e-02 9.989170e-01 -3.712583e-02 -2.191920e+00 -9.990885e-01 2.920792e-02 3.113057e-02 9.148752e+01
2.719080e-02 3.538978e-02 9.990036e-01 2.665382e+01 2.661450e-02 9.989932e-01 -3.611380e-02 -2.222503e+00 -9.992759e-01 2.756994e-02 2.622154e-02 9.152574e+01
2.186758e-02 3.444309e-02 9.991674e-01 2.746570e+01 2.664246e-02 9.990314e-01 -3.502149e-02 -2.231122e+00 -9.994058e-01 2.738612e-02 2.092875e-02 9.156972e+01
1.580687e-02 3.251417e-02 9.993463e-01 2.827242e+01 2.428801e-02 9.991637e-01 -3.289240e-02 -2.276054e+00 -9.995800e-01 2.479205e-02 1.500395e-02 9.157574e+01
8.714966e-03 3.252326e-02 9.994330e-01 2.907372e+01 2.309901e-02 9.991977e-01 -3.271703e-02 -2.321328e+00 -9.996952e-01 2.337104e-02 7.956719e-03 9.157413e+01
-8.990139e-04 3.352119e-02 9.994376e-01 2.987432e+01 2.187777e-02 9.991995e-01 -3.349352e-02 -2.363870e+00 -9.997602e-01 2.183535e-02 -1.631663e-03 9.159057e+01
-9.988434e-03 3.280041e-02 9.994120e-01 3.066911e+01 2.170192e-02 9.992336e-01 -3.257766e-02 -2.420602e+00 -9.997146e-01 2.136376e-02 -1.069261e-02 9.154338e+01
-1.953118e-02 3.133462e-02 9.993181e-01 3.146018e+01 2.257825e-02 9.992677e-01 -3.089176e-02 -2.466582e+00 -9.995543e-01 2.195950e-02 -2.022435e-02 9.151819e+01
-3.039291e-02 2.904792e-02 9.991159e-01 3.225001e+01 1.966549e-02 9.994015e-01 -2.845800e-02 -2.524124e+00 -9.993446e-01 1.878318e-02 -3.094596e-02 9.148836e+01
-4.079578e-02 2.822073e-02 9.987689e-01 3.303562e+01 2.145371e-02 9.993953e-01 -2.736213e-02 -2.554403e+00 -9.989372e-01 2.031104e-02 -4.137655e-02 9.144497e+01
-5.204561e-02 2.959210e-02 9.982062e-01 3.381507e+01 2.328814e-02 9.993250e-01 -2.841105e-02 -2.562350e+00 -9.983731e-01 2.176770e-02 -5.269963e-02 9.140814e+01
-6.356650e-02 3.037917e-02 9.975151e-01 3.459022e+01 2.442556e-02 9.992845e-01 -2.887654e-02 -2.583269e+00 -9.976787e-01 2.252929e-02 -6.426305e-02 9.136760e+01
-7.360785e-02 3.096891e-02 9.968063e-01 3.535431e+01 2.424497e-02 9.992779e-01 -2.925536e-02 -2.630127e+00 -9.969925e-01 2.201412e-02 -7.430554e-02 9.128710e+01
-8.298912e-02 3.137953e-02 9.960563e-01 3.610806e+01 2.604836e-02 9.992309e-01 -2.930925e-02 -2.682366e+00 -9.962100e-01 2.351328e-02 -8.374268e-02 9.118882e+01
-9.233898e-02 3.236498e-02 9.952015e-01 3.685831e+01 2.686841e-02 9.991887e-01 -3.000168e-02 -2.710624e+00 -9.953651e-01 2.396916e-02 -9.313366e-02 9.110967e+01
-1.011613e-01 3.275847e-02 9.943306e-01 3.760057e+01 2.762241e-02 9.991649e-01 -3.010748e-02 -2.746432e+00 -9.944865e-01 2.442010e-02 -1.019817e-01 9.102910e+01
-1.103940e-01 3.303231e-02 9.933388e-01 3.833350e+01 2.757928e-02 9.991645e-01 -3.016104e-02 -2.782087e+00 -9.935052e-01 2.406597e-02 -1.112127e-01 9.092941e+01
-1.192644e-01 3.257405e-02 9.923280e-01 3.906192e+01 3.000135e-02 9.991235e-01 -2.919136e-02 -2.809200e+00 -9.924091e-01 2.628969e-02 -1.201371e-01 9.085281e+01
-1.285439e-01 3.253716e-02 9.911699e-01 3.978332e+01 3.180195e-02 9.990828e-01 -2.867255e-02 -2.824561e+00 -9.911938e-01 2.783545e-02 -1.294607e-01 9.079286e+01
-1.350704e-01 3.065674e-02 9.903616e-01 4.049613e+01 3.396685e-02 9.990770e-01 -2.629396e-02 -2.860016e+00 -9.902536e-01 3.008792e-02 -1.359871e-01 9.071225e+01
-1.403530e-01 2.969655e-02 9.896561e-01 4.119926e+01 3.730144e-02 9.989991e-01 -2.468681e-02 -2.880955e+00 -9.893986e-01 3.345073e-02 -1.413202e-01 9.064960e+01
-1.433559e-01 2.763098e-02 9.892854e-01 4.188012e+01 3.725010e-02 9.990525e-01 -2.250592e-02 -2.934177e+00 -9.889699e-01 3.362462e-02 -1.442493e-01 9.054406e+01
-1.446156e-01 2.696858e-02 9.891203e-01 4.255149e+01 3.915739e-02 9.990014e-01 -2.151293e-02 -2.949827e+00 -9.887128e-01 3.562026e-02 -1.455272e-01 9.045226e+01
-1.463439e-01 2.777840e-02 9.888437e-01 4.320636e+01 3.971110e-02 9.989649e-01 -2.218568e-02 -2.974306e+00 -9.884364e-01 3.602133e-02 -1.472955e-01 9.037531e+01
-1.439269e-01 2.907638e-02 9.891611e-01 4.383636e+01 4.061366e-02 9.988996e-01 -2.345320e-02 -2.993484e+00 -9.887546e-01 3.679790e-02 -1.449495e-01 9.024606e+01
-1.412086e-01 3.133238e-02 9.894839e-01 4.445546e+01 4.178820e-02 9.987968e-01 -2.566371e-02 -3.012714e+00 -9.890975e-01 3.772482e-02 -1.423480e-01 9.016760e+01
-1.356886e-01 3.274114e-02 9.902104e-01 4.505469e+01 4.209808e-02 9.987417e-01 -2.725452e-02 -3.011504e+00 -9.898567e-01 3.798783e-02 -1.368962e-01 9.008441e+01
-1.275232e-01 3.335867e-02 9.912745e-01 4.563544e+01 4.131008e-02 9.987456e-01 -2.829573e-02 -3.035219e+00 -9.909749e-01 3.734126e-02 -1.287413e-01 9.001762e+01
-1.167228e-01 3.339120e-02 9.926031e-01 4.619722e+01 4.181528e-02 9.987137e-01 -2.867959e-02 -3.066480e+00 -9.922839e-01 3.815841e-02 -1.179689e-01 8.997283e+01
-1.039025e-01 3.408348e-02 9.940033e-01 4.673902e+01 3.994170e-02 9.987494e-01 -3.007114e-02 -3.095801e+00 -9.937852e-01 3.657771e-02 -1.051339e-01 8.993687e+01
-8.785758e-02 3.409497e-02 9.955494e-01 4.727107e+01 3.736958e-02 9.988234e-01 -3.090922e-02 -3.155599e+00 -9.954318e-01 3.448765e-02 -8.902832e-02 8.991677e+01
-6.630708e-02 3.693189e-02 9.971155e-01 4.779831e+01 3.585689e-02 9.987575e-01 -3.460826e-02 -3.168741e+00 -9.971548e-01 3.345869e-02 -6.754896e-02 8.988871e+01
-4.097215e-02 3.967503e-02 9.983723e-01 4.832042e+01 3.328733e-02 9.987108e-01 -3.832241e-02 -3.203492e+00 -9.986056e-01 3.166299e-02 -4.224001e-02 8.986233e+01
-1.337828e-02 4.157758e-02 9.990457e-01 4.884489e+01 3.121135e-02 9.986656e-01 -4.114380e-02 -3.225096e+00 -9.994233e-01 3.063113e-02 -1.465812e-02 8.987922e+01
1.922097e-02 4.102806e-02 9.989731e-01 4.936517e+01 2.770840e-02 9.987521e-01 -4.155211e-02 -3.248194e+00 -9.994312e-01 2.847862e-02 1.806016e-02 8.991595e+01
5.713162e-02 3.806042e-02 9.976409e-01 4.987587e+01 2.602003e-02 9.988769e-01 -3.959765e-02 -3.280222e+00 -9.980275e-01 2.822093e-02 5.607712e-02 8.996535e+01
1.018770e-01 3.425895e-02 9.942069e-01 5.038696e+01 2.258130e-02 9.990697e-01 -3.674043e-02 -3.304149e+00 -9.945407e-01 2.619349e-02 1.010087e-01 9.001592e+01
1.449567e-01 2.902682e-02 9.890121e-01 5.088752e+01 1.791629e-02 9.993287e-01 -3.195554e-02 -3.342184e+00 -9.892758e-01 2.235160e-02 1.443393e-01 9.013740e+01
1.936258e-01 2.507028e-02 9.807551e-01 5.136649e+01 1.247658e-02 9.995297e-01 -2.801339e-02 -3.376937e+00 -9.809961e-01 1.766058e-02 1.932220e-01 9.026681e+01
2.437211e-01 2.346335e-02 9.695615e-01 5.183242e+01 7.594233e-03 9.996305e-01 -2.610000e-02 -3.405823e+00 -9.698156e-01 1.372420e-02 2.434529e-01 9.044370e+01
3.023475e-01 2.307687e-02 9.529184e-01 5.230415e+01 6.529540e-03 9.996333e-01 -2.627990e-02 -3.429109e+00 -9.531754e-01 1.416778e-02 3.020859e-01 9.058872e+01
3.602444e-01 2.263441e-02 9.325833e-01 5.272056e+01 8.020821e-03 9.995935e-01 -2.735913e-02 -3.459612e+00 -9.328235e-01 1.733606e-02 3.599164e-01 9.079532e+01
4.190268e-01 2.483613e-02 9.076341e-01 5.313306e+01 8.472174e-03 9.994754e-01 -3.126058e-02 -3.494883e+00 -9.079343e-01 2.078865e-02 4.185966e-01 9.103843e+01
4.804585e-01 2.816631e-02 8.765651e-01 5.352534e+01 9.853296e-03 9.992477e-01 -3.750916e-02 -3.511041e+00 -8.769621e-01 2.665865e-02 4.798195e-01 9.127001e+01
5.388040e-01 3.230224e-02 8.418117e-01 5.389667e+01 4.616002e-03 9.991364e-01 -4.129363e-02 -3.532325e+00 -8.424185e-01 2.613498e-02 5.381895e-01 9.156942e+01
5.960361e-01 3.623445e-02 8.021397e-01 5.425542e+01 -4.534131e-04 9.989963e-01 -4.478999e-02 -3.538078e+00 -8.029575e-01 2.633275e-02 5.954543e-01 9.188250e+01
6.502256e-01 3.866039e-02 7.587569e-01 5.456889e+01 -3.698166e-03 9.988537e-01 -4.772468e-02 -3.547825e+00 -7.597322e-01 2.822580e-02 6.496232e-01 9.220854e+01
7.007858e-01 3.800928e-02 7.123584e-01 5.488392e+01 -5.948985e-03 9.988562e-01 -4.744359e-02 -3.559888e+00 -7.133469e-01 2.900999e-02 7.002104e-01 9.256714e+01
7.488653e-01 3.523477e-02 6.617849e-01 5.520334e+01 -9.507872e-03 9.990541e-01 -4.243270e-02 -3.578668e+00 -6.626540e-01 2.548421e-02 7.484920e-01 9.292220e+01
7.905268e-01 3.038036e-02 6.116734e-01 5.542687e+01 -1.133275e-02 9.993235e-01 -3.498758e-02 -3.595927e+00 -6.123226e-01 2.072668e-02 7.903363e-01 9.332056e+01
8.282806e-01 2.899602e-02 5.595627e-01 5.564633e+01 -1.545264e-02 9.994623e-01 -2.891777e-02 -3.605535e+00 -5.601004e-01 1.530531e-02 8.282833e-01 9.374873e+01
8.607123e-01 2.765435e-02 5.083401e-01 5.584511e+01 -1.893356e-02 9.995716e-01 -2.232002e-02 -3.604591e+00 -5.087396e-01 9.586426e-03 8.608671e-01 9.418813e+01
8.874465e-01 2.841351e-02 4.600341e-01 5.600370e+01 -2.351966e-02 9.995894e-01 -1.636707e-02 -3.621990e+00 -4.603102e-01 3.705055e-03 8.877504e-01 9.463028e+01
9.091529e-01 2.927634e-02 4.154322e-01 5.616526e+01 -2.652056e-02 9.995713e-01 -1.240284e-02 -3.638610e+00 -4.156172e-01 2.585794e-04 9.095396e-01 9.509349e+01
9.258206e-01 3.510495e-02 3.763294e-01 5.632882e+01 -3.405135e-02 9.993754e-01 -9.453357e-03 -3.644775e+00 -3.764262e-01 -4.062412e-03 9.264377e-01 9.554402e+01
9.389219e-01 3.933592e-02 3.418748e-01 5.647914e+01 -3.830707e-02 9.992183e-01 -9.763296e-03 -3.647475e+00 -3.419916e-01 -3.929247e-03 9.396948e-01 9.601211e+01
9.490940e-01 4.148565e-02 3.122491e-01 5.657142e+01 -4.067924e-02 9.991308e-01 -9.099041e-03 -3.657792e+00 -3.123552e-01 -4.066210e-03 9.499567e-01 9.649572e+01
9.562092e-01 3.650604e-02 2.903985e-01 5.671570e+01 -3.537633e-02 9.993323e-01 -9.140846e-03 -3.665410e+00 -2.905382e-01 -1.532670e-03 9.568622e-01 9.697029e+01
9.608996e-01 3.321269e-02 2.748978e-01 5.685165e+01 -3.217588e-02 9.994479e-01 -8.281508e-03 -3.679152e+00 -2.750211e-01 -8.873807e-04 9.614378e-01 9.745887e+01
9.639391e-01 3.912230e-02 2.632317e-01 5.697246e+01 -3.835722e-02 9.992317e-01 -8.046966e-03 -3.686117e+00 -2.633443e-01 -2.340051e-03 9.646991e-01 9.796276e+01
9.662418e-01 4.387389e-02 2.538736e-01 5.709709e+01 -4.337042e-02 9.990303e-01 -7.582640e-03 -3.687833e+00 -2.539601e-01 -3.683938e-03 9.672077e-01 9.847345e+01
9.676592e-01 4.944670e-02 2.473675e-01 5.719381e+01 -4.868670e-02 9.987718e-01 -9.192145e-03 -3.683822e+00 -2.475182e-01 -3.148646e-03 9.688781e-01 9.900069e+01
9.684132e-01 5.403772e-02 2.434253e-01 5.734322e+01 -5.258331e-02 9.985386e-01 -1.247358e-02 -3.699687e+00 -2.437436e-01 -7.205277e-04 9.698394e-01 9.952545e+01
9.688517e-01 5.450756e-02 2.415684e-01 5.750618e+01 -5.235690e-02 9.985109e-01 -1.531790e-02 -3.714261e+00 -2.420436e-01 2.193006e-03 9.702629e-01 1.000574e+02
9.682353e-01 5.411915e-02 2.441139e-01 5.765048e+01 -5.099456e-02 9.985162e-01 -1.910628e-02 -3.725798e+00 -2.447857e-01 6.050891e-03 9.695583e-01 1.006031e+02
9.672828e-01 5.275609e-02 2.481547e-01 5.778385e+01 -4.799468e-02 9.985296e-01 -2.520238e-02 -3.742931e+00 -2.491194e-01 1.246773e-02 9.683925e-01 1.011638e+02
9.664692e-01 5.200928e-02 2.514605e-01 5.795940e+01 -4.586458e-02 9.984899e-01 -3.023948e-02 -3.760788e+00 -2.526535e-01 1.769240e-02 9.673950e-01 1.017348e+02
9.649945e-01 5.673214e-02 2.560607e-01 5.809537e+01 -5.074701e-02 9.982631e-01 -2.992657e-02 -3.776597e+00 -2.573137e-01 1.588466e-02 9.661974e-01 1.023281e+02
9.636217e-01 5.843979e-02 2.608027e-01 5.829033e+01 -5.357535e-02 9.982323e-01 -2.572873e-02 -3.800053e+00 -2.618453e-01 1.082016e-02 9.650492e-01 1.029198e+02
9.624865e-01 5.461567e-02 2.657758e-01 5.845640e+01 -5.081938e-02 9.984840e-01 -2.114527e-02 -3.818714e+00 -2.665278e-01 6.845469e-03 9.638029e-01 1.035309e+02
9.615139e-01 5.044654e-02 2.700856e-01 5.861159e+01 -4.811376e-02 9.987254e-01 -1.525512e-02 -3.837493e+00 -2.705109e-01 1.673176e-03 9.627154e-01 1.041584e+02
9.606638e-01 4.837621e-02 2.734680e-01 5.879485e+01 -4.713776e-02 9.988267e-01 -1.110152e-02 -3.853807e+00 -2.736842e-01 -2.225833e-03 9.618170e-01 1.047848e+02
9.598650e-01 4.406243e-02 2.769797e-01 5.895759e+01 -4.287118e-02 9.990269e-01 -1.035820e-02 -3.864297e+00 -2.771666e-01 -1.931978e-03 9.608199e-01 1.054262e+02
9.596378e-01 4.200486e-02 2.780844e-01 5.914483e+01 -3.973917e-02 9.991150e-01 -1.378171e-02 -3.871999e+00 -2.784172e-01 2.174606e-03 9.604578e-01 1.060654e+02
9.597448e-01 4.213352e-02 2.776952e-01 5.930352e+01 -3.793992e-02 9.990705e-01 -2.046026e-02 -3.890279e+00 -2.782991e-01 9.100895e-03 9.604513e-01 1.067251e+02
9.599472e-01 4.429410e-02 2.766576e-01 5.949657e+01 -3.803252e-02 9.988852e-01 -2.796061e-02 -3.901751e+00 -2.775877e-01 1.631872e-02 9.605617e-01 1.073905e+02
9.605727e-01 4.555210e-02 2.742721e-01 5.967716e+01 -3.844700e-02 9.987726e-01 -3.122830e-02 -3.930367e+00 -2.753579e-01 1.945212e-02 9.611450e-01 1.080803e+02
9.611012e-01 4.481504e-02 2.725366e-01 5.985204e+01 -3.893590e-02 9.988784e-01 -2.694479e-02 -3.958765e+00 -2.734384e-01 1.528522e-02 9.617681e-01 1.087883e+02
9.617034e-01 3.983115e-02 2.711828e-01 6.004907e+01 -3.622097e-02 9.991761e-01 -1.830686e-02 -3.995008e+00 -2.716885e-01 7.783265e-03 9.623538e-01 1.095002e+02
9.625192e-01 4.016220e-02 2.682233e-01 6.026994e+01 -3.834012e-02 9.991923e-01 -1.202977e-02 -4.023667e+00 -2.684898e-01 1.295167e-03 9.632816e-01 1.102093e+02
9.630348e-01 4.313434e-02 2.659010e-01 6.046095e+01 -4.113265e-02 9.990679e-01 -1.309497e-02 -4.042702e+00 -2.662180e-01 1.673702e-03 9.639114e-01 1.109334e+02
9.636408e-01 4.707997e-02 2.630207e-01 6.065794e+01 -4.399813e-02 9.988766e-01 -1.759821e-02 -4.056836e+00 -2.635538e-01 5.385938e-03 9.646297e-01 1.116686e+02
9.645525e-01 4.898378e-02 2.593048e-01 6.083689e+01 -4.477960e-02 9.987524e-01 -2.209904e-02 -4.082841e+00 -2.600638e-01 9.704125e-03 9.655427e-01 1.124209e+02
9.657733e-01 4.715397e-02 2.550654e-01 6.105331e+01 -4.197689e-02 9.987878e-01 -2.570577e-02 -4.088008e+00 -2.559683e-01 1.411909e-02 9.665821e-01 1.131801e+02
9.669769e-01 4.374298e-02 2.510820e-01 6.125193e+01 -3.910107e-02 9.989601e-01 -2.344914e-02 -4.127687e+00 -2.518466e-01 1.285720e-02 9.676818e-01 1.139520e+02
9.678849e-01 3.953376e-02 2.482657e-01 6.146511e+01 -3.530917e-02 9.991463e-01 -2.144797e-02 -4.151132e+00 -2.489016e-01 1.199311e-02 9.684545e-01 1.147350e+02
9.682363e-01 4.022176e-02 2.467806e-01 6.165898e+01 -3.677784e-02 9.991513e-01 -1.855080e-02 -4.174904e+00 -2.473173e-01 8.885499e-03 9.688938e-01 1.155423e+02
9.687212e-01 3.626671e-02 2.454873e-01 6.184941e+01 -3.333806e-02 9.993148e-01 -1.607651e-02 -4.196647e+00 -2.459021e-01 7.389585e-03 9.692665e-01 1.163511e+02
