extractor        = 0
ransacError      = 0.500000
ransacProb       = 0.999000
imageSequence    = 0

Total time: 672.842504 sec
Time/frame: 0.148171 sec/frame
