1.000000e+00 0.000000e+00 0.000000e+00 0.000000e+00 0.000000e+00 1.000000e+00 0.000000e+00 0.000000e+00 0.000000e+00 0.000000e+00 1.000000e+00 0.000000e+00
9.990485e-01 -3.598585e-04 4.361044e-02 4.648768e-02 4.721441e-04 9.999966e-01 -2.564469e-03 -1.802830e-02 -4.360937e-02 2.582619e-03 9.990453e-01 9.985523e-01
9.960501e-01 -4.852586e-03 8.866007e-02 1.534805e-01 5.555326e-03 9.999551e-01 -7.681194e-03 -3.441374e-02 -8.861881e-02 8.143390e-03 9.960323e-01 1.994169e+00
9.909019e-01 -4.020783e-03 1.345260e-01 2.632584e-01 5.642676e-03 9.999159e-01 -1.167725e-02 -5.155438e-02 -1.344677e-01 1.233010e-02 9.908413e-01 2.981633e+00
9.834595e-01 -1.581179e-03 1.811214e-01 4.023836e-01 4.191693e-03 9.998928e-01 -1.403120e-02 -7.821789e-02 -1.810798e-01 1.455832e-02 9.833606e-01 3.970094e+00
9.739432e-01 -4.099761e-03 2.267549e-01 6.381662e-01 7.467161e-03 9.998742e-01 -1.399460e-02 -1.004795e-01 -2.266690e-01 1.532316e-02 9.738513e-01 4.933816e+00
9.622886e-01 -4.672716e-03 2.719905e-01 9.076253e-01 9.097855e-03 9.998459e-01 -1.501070e-02 -1.391828e-01 -2.718784e-01 1.691915e-02 9.621829e-01 5.886924e+00
9.487702e-01 -7.206732e-03 3.158846e-01 1.223913e+00 1.354560e-02 9.997485e-01 -1.787598e-02 -1.574757e-01 -3.156763e-01 2.123904e-02 9.486292e-01 6.822423e+00
9.339822e-01 -9.933719e-03 3.571813e-01 1.589856e+00 1.821604e-02 9.996374e-01 -1.983123e-02 -1.873064e-01 -3.568548e-01 2.502845e-02 9.338245e-01 7.738960e+00
9.166763e-01 -9.786843e-03 3.995107e-01 1.982429e+00 1.961667e-02 9.995969e-01 -2.052320e-02 -2.201955e-01 -3.991488e-01 2.665020e-02 9.164988e-01 8.641600e+00
8.968663e-01 -9.910024e-03 4.421908e-01 2.389425e+00 2.038624e-02 9.996127e-01 -1.894555e-02 -2.633389e-01 -4.418318e-01 2.600623e-02 8.967209e-01 9.533888e+00
8.748343e-01 -9.293531e-03 4.843331e-01 2.852096e+00 2.061148e-02 9.996246e-01 -1.804871e-02 -2.997659e-01 -4.839836e-01 2.577245e-02 8.746975e-01 1.039670e+01
8.508762e-01 -9.335679e-03 5.252834e-01 3.375096e+00 2.150099e-02 9.996232e-01 -1.706226e-02 -3.307213e-01 -5.249261e-01 2.581198e-02 8.507563e-01 1.122033e+01
8.253172e-01 -1.019722e-02 5.645773e-01 3.915066e+00 2.377759e-02 9.995777e-01 -1.670478e-02 -3.822888e-01 -5.641686e-01 2.721103e-02 8.252111e-01 1.203002e+01
7.980535e-01 -1.150622e-02 6.024768e-01 4.507825e+00 2.681503e-02 9.995054e-01 -1.643100e-02 -4.117673e-01 -6.019897e-01 2.926825e-02 7.979673e-01 1.279329e+01
7.692249e-01 -1.048561e-02 6.388921e-01 5.105356e+00 2.755878e-02 9.994794e-01 -1.677708e-02 -4.517375e-01 -6.383836e-01 3.051244e-02 7.691134e-01 1.355438e+01
7.386962e-01 -1.349442e-02 6.739034e-01 5.756723e+00 3.206231e-02 9.993713e-01 -1.513328e-02 -4.845548e-01 -6.732755e-01 3.278579e-02 7.386645e-01 1.426574e+01
7.062985e-01 -1.252138e-02 7.078034e-01 6.414184e+00 3.237795e-02 9.993686e-01 -1.462981e-02 -5.097644e-01 -7.071733e-01 3.325023e-02 7.062580e-01 1.496572e+01
6.728911e-01 -1.176545e-02 7.396480e-01 7.144802e+00 3.436605e-02 9.992911e-01 -1.536880e-02 -5.402396e-01 -7.389429e-01 3.576031e-02 6.728184e-01 1.558156e+01
6.375556e-01 -1.287569e-02 7.702967e-01 7.882169e+00 3.923968e-02 9.991053e-01 -1.577744e-02 -5.557355e-01 -7.694044e-01 4.028519e-02 6.374904e-01 1.618468e+01
6.012972e-01 -1.105502e-02 7.989490e-01 8.657290e+00 3.925868e-02 9.991054e-01 -1.572191e-02 -5.855750e-01 -7.980604e-01 4.081922e-02 6.011933e-01 1.673656e+01
5.654272e-01 -9.544206e-03 8.247430e-01 9.531565e+00 4.306085e-02 9.989110e-01 -1.796192e-02 -5.129247e-01 -8.236734e-01 4.567029e-02 5.652225e-01 1.710833e+01
5.277188e-01 -7.732488e-03 8.493839e-01 1.038938e+01 4.815135e-02 9.986229e-01 -2.082513e-02 -4.941635e-01 -8.480532e-01 5.188880e-02 5.273644e-01 1.752195e+01
4.910781e-01 -6.875956e-03 8.710884e-01 1.129743e+01 5.084115e-02 9.984905e-01 -2.078021e-02 -4.578473e-01 -8.696307e-01 5.449184e-02 4.906864e-01 1.783312e+01
4.533313e-01 -8.546819e-03 8.913011e-01 1.217121e+01 5.587371e-02 9.982600e-01 -1.884588e-02 -4.863572e-01 -8.895892e-01 5.834372e-02 4.530200e-01 1.823851e+01
4.171239e-01 -9.304832e-03 9.088020e-01 1.306977e+01 5.983074e-02 9.980596e-01 -1.724254e-02 -5.220630e-01 -9.068781e-01 6.156657e-02 4.168713e-01 1.858886e+01
3.820834e-01 -6.726002e-03 9.241034e-01 1.397211e+01 6.147792e-02 9.979433e-01 -1.815546e-02 -5.431624e-01 -9.220807e-01 6.374885e-02 3.817110e-01 1.896301e+01
3.489044e-01 -7.135245e-03 9.371312e-01 1.489521e+01 6.246145e-02 9.979246e-01 -1.565698e-02 -5.558153e-01 -9.350745e-01 6.399736e-02 3.486260e-01 1.931271e+01
3.158659e-01 -8.603861e-03 9.487648e-01 1.584088e+01 6.517114e-02 9.977939e-01 -1.264851e-02 -5.784202e-01 -9.465630e-01 6.582731e-02 3.157298e-01 1.961479e+01
2.838861e-01 -7.884785e-03 9.588256e-01 1.680292e+01 6.617240e-02 9.977432e-01 -1.138730e-02 -5.784542e-01 -9.565719e-01 6.668049e-02 2.837672e-01 1.985998e+01
2.515433e-01 -4.526548e-03 9.678355e-01 1.776581e+01 6.353254e-02 9.979095e-01 -1.184509e-02 -5.862472e-01 -9.657586e-01 6.446859e-02 2.513050e-01 2.013194e+01
2.199342e-01 -2.412561e-03 9.755117e-01 1.875356e+01 6.280219e-02 9.979575e-01 -1.169101e-02 -6.034009e-01 -9.734911e-01 6.383553e-02 2.196365e-01 2.036718e+01
1.898365e-01 -2.407835e-03 9.818128e-01 1.976495e+01 6.539789e-02 9.978072e-01 -1.019782e-02 -6.287385e-01 -9.796352e-01 6.614440e-02 1.895777e-01 2.054405e+01
1.592914e-01 -2.678069e-03 9.872280e-01 2.079105e+01 6.732182e-02 9.976980e-01 -8.156049e-03 -6.517450e-01 -9.849335e-01 6.776117e-02 1.591050e-01 2.070786e+01
1.291531e-01 -3.156004e-03 9.916196e-01 2.183677e+01 6.592903e-02 9.978096e-01 -5.411196e-03 -6.599940e-01 -9.894306e-01 6.607539e-02 1.290783e-01 2.082930e+01
1.004148e-01 -3.323553e-03 9.949401e-01 2.289727e+01 6.696674e-02 9.977493e-01 -3.425716e-03 -6.743501e-01 -9.926894e-01 6.697188e-02 1.004114e-01 2.091736e+01
7.324070e-02 -3.031780e-03 9.973097e-01 2.397148e+01 6.972189e-02 9.975643e-01 -2.087701e-03 -6.815211e-01 -9.948742e-01 6.968722e-02 7.327369e-02 2.100465e+01
4.808906e-02 -2.839883e-03 9.988390e-01 2.506286e+01 7.369569e-02 9.972805e-01 -7.126236e-04 -6.947554e-01 -9.961207e-01 7.364440e-02 4.816757e-02 2.104912e+01
2.493989e-02 -2.230649e-03 9.996865e-01 2.616580e+01 7.774490e-02 9.969732e-01 2.850375e-04 -6.945835e-01 -9.966613e-01 7.771341e-02 2.503782e-02 2.109815e+01
4.737059e-03 -2.408743e-03 9.999859e-01 2.728200e+01 8.341897e-02 9.965125e-01 2.005210e-03 -6.991773e-01 -9.965033e-01 8.340829e-02 4.921473e-03 2.110025e+01
-1.296899e-02 -2.986241e-03 9.999114e-01 2.841091e+01 8.810395e-02 9.961028e-01 4.117586e-03 -7.062591e-01 -9.960269e-01 8.814955e-02 -1.265534e-02 2.106585e+01
-2.828695e-02 -2.486831e-03 9.995968e-01 2.954515e+01 9.128670e-02 9.958118e-01 5.060679e-03 -6.991806e-01 -9.954228e-01 9.139304e-02 -2.794146e-02 2.101582e+01
-4.248197e-02 -2.621926e-03 9.990938e-01 3.068749e+01 9.365660e-02 9.955827e-01 6.595037e-03 -6.908130e-01 -9.946978e-01 9.385190e-02 -4.204875e-02 2.099268e+01
-5.649598e-02 -3.974183e-03 9.983949e-01 3.183557e+01 9.350396e-02 9.955759e-01 9.254051e-03 -6.954487e-01 -9.940147e-01 9.387669e-02 -5.587443e-02 2.093585e+01
-6.905238e-02 -3.140720e-03 9.976081e-01 3.299497e+01 9.368724e-02 9.955552e-01 9.619095e-03 -6.842146e-01 -9.932041e-01 9.412737e-02 -6.845121e-02 2.086546e+01
-7.985053e-02 -3.704390e-04 9.968068e-01 3.417101e+01 9.403001e-02 9.955380e-01 7.902367e-03 -6.905347e-01 -9.923620e-01 9.436076e-02 -7.945941e-02 2.076894e+01
-9.055401e-02 3.378748e-03 9.958858e-01 3.536943e+01 9.450615e-02 9.955106e-01 5.215790e-03 -6.811687e-01 -9.913973e-01 9.458965e-02 -9.046679e-02 2.065744e+01
-9.968072e-02 5.963463e-03 9.950016e-01 3.659032e+01 9.596792e-02 9.953777e-01 3.648490e-03 -6.855298e-01 -9.903807e-01 9.585192e-02 -9.979227e-02 2.052613e+01
-1.073290e-01 7.115286e-03 9.941981e-01 3.783611e+01 9.586060e-02 9.953895e-01 3.224854e-03 -6.900884e-01 -9.895914e-01 9.565054e-02 -1.075163e-01 2.040257e+01
-1.133486e-01 7.524703e-03 9.935268e-01 3.909905e+01 9.566648e-02 9.954077e-01 3.375363e-03 -6.968940e-01 -9.889388e-01 9.542980e-02 -1.135479e-01 2.027551e+01
-1.184197e-01 9.110524e-03 9.929218e-01 4.038461e+01 9.671737e-02 9.953090e-01 2.402458e-03 -7.035233e-01 -9.882421e-01 9.631729e-02 -1.187453e-01 2.012003e+01
-1.233294e-01 1.073357e-02 9.923077e-01 4.169186e+01 9.557741e-02 9.954214e-01 1.111631e-03 -7.066292e-01 -9.877524e-01 9.497930e-02 -1.237906e-01 1.996877e+01
-1.282495e-01 1.110290e-02 9.916798e-01 4.302728e+01 9.643381e-02 9.953385e-01 1.327486e-03 -7.295516e-01 -9.870423e-01 9.580171e-02 -1.287224e-01 1.984406e+01
-1.308282e-01 1.026817e-02 9.913519e-01 4.437701e+01 9.607678e-02 9.953711e-01 2.369405e-03 -7.246739e-01 -9.867387e-01 9.555588e-02 -1.312091e-01 1.964095e+01
-1.333778e-01 8.083751e-03 9.910323e-01 4.574930e+01 9.618969e-02 9.953513e-01 4.826678e-03 -7.275479e-01 -9.863863e-01 9.597086e-02 -1.335353e-01 1.946106e+01
-1.360358e-01 7.503523e-03 9.906755e-01 4.714167e+01 9.733634e-02 9.952345e-01 5.827807e-03 -7.299790e-01 -9.859107e-01 9.722152e-02 -1.361179e-01 1.927344e+01
-1.383341e-01 7.969264e-03 9.903536e-01 4.855620e+01 1.008511e-01 9.948829e-01 6.081317e-03 -7.472749e-01 -9.852374e-01 1.007195e-01 -1.384299e-01 1.910543e+01
-1.395048e-01 7.320806e-03 9.901943e-01 4.998505e+01 9.838980e-02 9.951267e-01 6.504497e-03 -7.197945e-01 -9.853212e-01 9.833243e-02 -1.395452e-01 1.887089e+01
-1.404280e-01 8.770622e-03 9.900520e-01 5.143500e+01 1.000774e-01 9.949651e-01 5.380732e-03 -7.135189e-01 -9.850200e-01 9.983744e-02 -1.405987e-01 1.866866e+01
-1.406519e-01 9.067042e-03 9.900176e-01 5.290966e+01 9.994133e-02 9.949803e-01 5.086182e-03 -7.140788e-01 -9.850019e-01 9.965905e-02 -1.408521e-01 1.847808e+01
-1.394897e-01 1.005057e-02 9.901725e-01 5.440438e+01 9.947630e-02 9.950322e-01 3.913734e-03 -7.191824e-01 -9.852142e-01 9.904463e-02 -1.397965e-01 1.825951e+01
-1.384394e-01 9.917708e-03 9.903212e-01 5.592183e+01 1.000401e-01 9.949753e-01 4.020540e-03 -7.236034e-01 -9.853053e-01 9.962847e-02 -1.387360e-01 1.806301e+01
-1.371395e-01 8.737035e-03 9.905132e-01 5.746056e+01 9.897266e-02 9.950780e-01 4.925761e-03 -7.213136e-01 -9.855948e-01 9.870924e-02 -1.373292e-01 1.786131e+01
-1.357743e-01 9.803808e-03 9.906913e-01 5.901167e+01 1.003955e-01 9.949399e-01 3.913358e-03 -7.090468e-01 -9.856399e-01 9.999231e-02 -1.360715e-01 1.762494e+01
-1.344734e-01 1.051924e-02 9.908614e-01 6.059391e+01 1.002252e-01 9.949601e-01 3.039183e-03 -7.076729e-01 -9.858356e-01 9.971797e-02 -1.348500e-01 1.739918e+01
-1.327688e-01 1.085159e-02 9.910876e-01 6.219177e+01 1.017633e-01 9.948049e-01 2.740192e-03 -7.230696e-01 -9.859091e-01 1.012201e-01 -1.331833e-01 1.716459e+01
-1.319353e-01 1.066260e-02 9.912010e-01 6.381425e+01 1.011695e-01 9.948654e-01 2.764296e-03 -7.247615e-01 -9.860820e-01 1.006440e-01 -1.323366e-01 1.696302e+01
-1.303509e-01 9.208915e-03 9.914252e-01 6.545461e+01 1.044194e-01 9.945232e-01 4.491196e-03 -7.416225e-01 -9.859540e-01 1.041095e-01 -1.305986e-01 1.678084e+01
-1.298701e-01 6.947817e-03 9.915067e-01 6.709784e+01 1.059090e-01 9.943519e-01 6.904472e-03 -7.431683e-01 -9.858585e-01 1.059061e-01 -1.298724e-01 1.654682e+01
-1.298989e-01 8.562943e-03 9.914903e-01 6.876176e+01 1.073412e-01 9.942072e-01 5.476780e-03 -7.339463e-01 -9.856998e-01 1.071392e-01 -1.300656e-01 1.633649e+01
-1.294758e-01 1.039470e-02 9.915281e-01 7.044007e+01 1.089477e-01 9.940402e-01 3.805589e-03 -7.374311e-01 -9.855792e-01 1.085175e-01 -1.298366e-01 1.613276e+01
-1.289000e-01 9.966436e-03 9.916075e-01 7.212935e+01 1.077983e-01 9.941647e-01 4.020670e-03 -7.291804e-01 -9.857811e-01 1.074119e-01 -1.292222e-01 1.590164e+01
-1.289679e-01 9.485350e-03 9.916034e-01 7.384703e+01 1.095572e-01 9.939692e-01 4.741025e-03 -7.621121e-01 -9.855783e-01 1.092487e-01 -1.292293e-01 1.573659e+01
-1.278502e-01 8.554911e-03 9.917566e-01 7.556991e+01 1.116352e-01 9.937322e-01 5.819259e-03 -7.909468e-01 -9.854907e-01 1.114589e-01 -1.280039e-01 1.550728e+01
-1.285699e-01 8.627614e-03 9.916629e-01 7.731804e+01 1.134065e-01 9.935302e-01 6.059390e-03 -8.055535e-01 -9.851948e-01 1.132401e-01 -1.287165e-01 1.534888e+01
-1.288743e-01 7.708286e-03 9.916310e-01 7.908172e+01 1.149683e-01 9.933429e-01 7.219918e-03 -8.384163e-01 -9.849740e-01 1.149366e-01 -1.289026e-01 1.518560e+01
-1.288976e-01 9.001574e-03 9.916171e-01 8.084487e+01 1.146198e-01 9.933920e-01 5.881431e-03 -8.188708e-01 -9.850115e-01 1.144171e-01 -1.290776e-01 1.493010e+01
-1.296037e-01 9.458950e-03 9.915208e-01 8.262388e+01 1.135144e-01 9.935219e-01 5.359668e-03 -8.196550e-01 -9.850469e-01 1.132466e-01 -1.298379e-01 1.468140e+01
-1.313724e-01 9.978579e-03 9.912829e-01 8.442195e+01 1.119760e-01 9.936991e-01 4.837013e-03 -8.130978e-01 -9.849887e-01 1.116353e-01 -1.316620e-01 1.446753e+01
-1.327855e-01 1.064193e-02 9.910877e-01 8.624518e+01 1.126096e-01 9.936295e-01 4.418164e-03 -8.374963e-01 -9.847269e-01 1.121927e-01 -1.331380e-01 1.428959e+01
-1.336010e-01 9.829800e-03 9.909865e-01 8.807285e+01 1.116623e-01 9.937326e-01 5.196841e-03 -8.404717e-01 -9.847245e-01 1.113501e-01 -1.338613e-01 1.405020e+01
-1.342879e-01 9.555838e-03 9.908963e-01 8.991635e+01 1.127248e-01 9.936099e-01 5.694651e-03 -8.567026e-01 -9.845100e-01 1.124633e-01 -1.345070e-01 1.380123e+01
-1.341327e-01 7.900238e-03 9.909319e-01 9.177507e+01 1.119426e-01 9.936884e-01 7.230349e-03 -8.929757e-01 -9.846204e-01 1.118973e-01 -1.341705e-01 1.358397e+01
-1.355772e-01 9.113137e-03 9.907249e-01 9.364623e+01 1.120109e-01 9.936877e-01 6.187908e-03 -8.790113e-01 -9.844147e-01 1.118109e-01 -1.357422e-01 1.331304e+01
-1.390860e-01 9.450753e-03 9.902352e-01 9.553959e+01 1.114440e-01 9.937516e-01 6.168831e-03 -9.036780e-01 -9.839895e-01 1.112138e-01 -1.392701e-01 1.311647e+01
-1.437226e-01 1.042614e-02 9.895631e-01 9.744245e+01 1.120294e-01 9.936880e-01 5.801365e-03 -9.063760e-01 -9.832564e-01 1.116939e-01 -1.439834e-01 1.290026e+01
-1.487073e-01 9.707934e-03 9.888336e-01 9.935207e+01 1.097324e-01 9.939383e-01 6.744223e-03 -8.866899e-01 -9.827741e-01 1.095100e-01 -1.488711e-01 1.265458e+01
-1.539955e-01 8.008710e-03 9.880391e-01 1.012682e+02 1.088472e-01 9.940186e-01 8.907718e-03 -9.187340e-01 -9.820579e-01 1.089171e-01 -1.539461e-01 1.241723e+01
-1.582439e-01 8.347783e-03 9.873648e-01 1.031893e+02 1.075111e-01 9.941647e-01 8.825423e-03 -9.221213e-01 -9.815295e-01 1.075493e-01 -1.582180e-01 1.211300e+01
-1.605532e-01 1.009259e-02 9.869756e-01 1.051065e+02 1.085826e-01 9.940591e-01 7.498326e-03 -9.279969e-01 -9.810364e-01 1.083723e-01 -1.606953e-01 1.173709e+01
-1.674194e-01 1.115755e-02 9.858226e-01 1.070588e+02 1.083758e-01 9.940843e-01 7.154087e-03 -9.561991e-01 -9.799109e-01 1.080370e-01 -1.676382e-01 1.149064e+01
-1.723951e-01 1.142908e-02 9.849616e-01 1.090168e+02 1.070545e-01 9.942271e-01 7.200856e-03 -9.547236e-01 -9.791932e-01 1.066859e-01 -1.726234e-01 1.120155e+01
-1.775164e-01 1.141961e-02 9.840516e-01 1.109764e+02 1.053715e-01 9.944049e-01 7.468580e-03 -9.466398e-01 -9.784604e-01 1.050168e-01 -1.777265e-01 1.085538e+01
-1.841884e-01 1.010359e-02 9.828390e-01 1.129498e+02 1.034883e-01 9.945884e-01 9.169805e-03 -9.636799e-01 -9.774276e-01 1.034014e-01 -1.842373e-01 1.052347e+01
-1.902519e-01 9.956123e-03 9.816848e-01 1.149280e+02 1.020771e-01 9.947293e-01 9.694260e-03 -9.416579e-01 -9.764141e-01 1.020518e-01 -1.902654e-01 1.017255e+01
-1.958574e-01 9.836442e-03 9.805830e-01 1.169069e+02 1.022342e-01 9.947056e-01 1.044172e-02 -9.327732e-01 -9.752887e-01 1.022942e-01 -1.958261e-01 9.787121e+00
-2.006580e-01 1.118246e-02 9.795975e-01 1.188885e+02 1.029227e-01 9.946418e-01 9.728197e-03 -9.361220e-01 -9.742399e-01 1.027749e-01 -2.007337e-01 9.364374e+00
-2.062593e-01 1.248731e-02 9.784177e-01 1.208882e+02 1.026344e-01 9.946790e-01 8.941408e-03 -9.306058e-01 -9.730998e-01 1.022636e-01 -2.064434e-01 8.952610e+00
-2.113168e-01 1.347476e-02 9.773247e-01 1.228696e+02 1.021719e-01 9.947315e-01 8.376817e-03 -8.677678e-01 -9.720628e-01 1.016253e-01 -2.115802e-01 8.431709e+00
-2.167945e-01 1.371263e-02 9.761210e-01 1.248794e+02 1.015209e-01 9.947965e-01 8.572606e-03 -8.497061e-01 -9.709241e-01 1.009552e-01 -2.170585e-01 8.005742e+00
-2.220978e-01 1.515493e-02 9.749066e-01 1.269018e+02 1.010272e-01 9.948550e-01 7.550420e-03 -8.320380e-01 -9.697763e-01 1.001690e-01 -2.224862e-01 7.569704e+00
-2.269760e-01 1.659473e-02 9.737590e-01 1.289310e+02 9.997997e-02 9.949692e-01 6.348395e-03 -8.128128e-01 -9.687548e-01 9.879732e-02 -2.274933e-01 7.137399e+00
-2.304707e-01 1.613510e-02 9.729455e-01 1.309697e+02 1.015833e-01 9.947983e-01 7.565483e-03 -8.101256e-01 -9.677624e-01 1.005786e-01 -2.309109e-01 6.680876e+00
-2.342181e-01 1.628633e-02 9.720477e-01 1.329986e+02 1.041538e-01 9.945254e-01 8.433269e-03 -8.053657e-01 -9.665888e-01 1.032177e-01 -2.346321e-01 6.162563e+00
-2.373990e-01 1.704501e-02 9.712627e-01 1.350371e+02 1.060083e-01 9.943292e-01 8.461054e-03 -8.175559e-01 -9.656107e-01 1.049705e-01 -2.378597e-01 5.634493e+00
-2.404042e-01 1.748417e-02 9.705154e-01 1.370877e+02 1.064502e-01 9.942821e-01 8.456206e-03 -8.212336e-01 -9.648182e-01 1.053445e-01 -2.408908e-01 5.121353e+00
-2.436985e-01 1.748021e-02 9.696935e-01 1.391596e+02 1.053269e-01 9.944009e-01 8.544631e-03 -8.148948e-01 -9.641148e-01 1.042172e-01 -2.441751e-01 4.630207e+00
-2.477126e-01 1.771391e-02 9.686716e-01 1.412270e+02 1.036474e-01 9.945793e-01 8.317455e-03 -8.149890e-01 -9.632734e-01 1.024606e-01 -2.482059e-01 4.127404e+00
-2.512235e-01 1.822052e-02 9.677576e-01 1.433018e+02 1.020085e-01 9.947533e-01 7.751961e-03 -8.053505e-01 -9.625388e-01 1.006670e-01 -2.517641e-01 3.593176e+00
-2.558029e-01 1.808731e-02 9.665597e-01 1.453858e+02 1.016443e-01 9.947863e-01 8.284927e-03 -8.042483e-01 -9.613706e-01 1.003645e-01 -2.563076e-01 3.054778e+00
-2.607056e-01 1.809314e-02 9.652488e-01 1.474750e+02 1.003952e-01 9.949116e-01 8.466736e-03 -7.976308e-01 -9.601840e-01 9.911362e-02 -2.611955e-01 2.526772e+00
-2.654504e-01 1.781776e-02 9.639599e-01 1.495673e+02 9.895546e-02 9.950524e-01 8.857376e-03 -8.113838e-01 -9.590328e-01 9.774029e-02 -2.659002e-01 1.967451e+00
-2.698701e-01 1.793114e-02 9.627298e-01 1.516693e+02 9.713746e-02 9.952330e-01 8.692819e-03 -7.654230e-01 -9.579846e-01 9.586306e-02 -2.703254e-01 1.379137e+00
-2.750458e-01 1.688603e-02 9.612828e-01 1.537727e+02 9.581926e-02 9.953492e-01 9.931717e-03 -7.520343e-01 -9.566444e-01 9.484109e-02 -2.753847e-01 8.037453e-01
-2.799282e-01 1.708945e-02 9.598688e-01 1.558936e+02 9.643201e-02 9.952852e-01 1.040263e-02 -7.554882e-01 -9.551655e-01 9.547407e-02 -2.802564e-01 2.421494e-01
-2.851948e-01 1.793281e-02 9.583018e-01 1.580060e+02 9.714639e-02 9.952169e-01 1.028758e-02 -7.446342e-01 -9.535337e-01 9.602953e-02 -2.855728e-01 -3.745575e-01
-2.904278e-01 1.880547e-02 9.567121e-01 1.601422e+02 9.642406e-02 9.952930e-01 9.707493e-03 -7.309249e-01 -9.520263e-01 9.506939e-02 -2.908741e-01 -9.238919e-01
-2.937745e-01 2.016715e-02 9.556620e-01 1.622724e+02 9.625568e-02 9.953196e-01 8.585361e-03 -7.265279e-01 -9.510160e-01 9.451006e-02 -2.943407e-01 -1.557872e+00
-2.965292e-01 2.174796e-02 9.547761e-01 1.643970e+02 9.781244e-02 9.951750e-01 7.709895e-03 -7.248956e-01 -9.500017e-01 9.567519e-02 -2.972257e-01 -2.228374e+00
-2.982073e-01 2.262596e-02 9.542329e-01 1.665018e+02 9.785304e-02 9.951764e-01 6.983279e-03 -7.167938e-01 -9.494720e-01 9.545706e-02 -2.989829e-01 -2.984142e+00
-2.992420e-01 2.354439e-02 9.538867e-01 1.686205e+02 1.002172e-01 9.949418e-01 6.881220e-03 -7.274907e-01 -9.488997e-01 9.765502e-02 -3.000880e-01 -3.727980e+00
-3.027361e-01 2.267933e-02 9.528046e-01 1.707616e+02 9.865077e-02 9.950926e-01 7.658561e-03 -7.334305e-01 -9.479551e-01 9.631343e-02 -3.034878e-01 -4.436699e+00
-3.063558e-01 2.383167e-02 9.516187e-01 1.729153e+02 1.018011e-01 9.947737e-01 7.860544e-03 -7.512609e-01 -9.464579e-01 9.928394e-02 -3.071808e-01 -5.130882e+00
-3.088111e-01 2.400872e-02 9.508203e-01 1.750612e+02 1.039971e-01 9.945399e-01 8.663910e-03 -7.608802e-01 -9.454207e-01 1.015580e-01 -3.096218e-01 -5.871426e+00
-3.116236e-01 2.369856e-02 9.499101e-01 1.772320e+02 1.048081e-01 9.944464e-01 9.573257e-03 -7.545344e-01 -9.444077e-01 1.025415e-01 -3.123768e-01 -6.571514e+00
-3.133488e-01 2.303293e-02 9.493587e-01 1.793978e+02 1.051262e-01 9.944027e-01 1.057258e-02 -7.764651e-01 -9.438014e-01 1.031154e-01 -3.140163e-01 -7.305941e+00
-3.171178e-01 2.373609e-02 9.480891e-01 1.816085e+02 1.040020e-01 9.945279e-01 9.887970e-03 -7.523437e-01 -9.426664e-01 1.017388e-01 -3.178511e-01 -7.919697e+00
-3.199305e-01 2.585820e-02 9.470881e-01 1.838073e+02 1.051299e-01 9.944233e-01 8.362741e-03 -7.953910e-01 -9.415903e-01 1.022428e-01 -3.208648e-01 -8.610891e+00
-3.233639e-01 2.729602e-02 9.458809e-01 1.859986e+02 1.028826e-01 9.946725e-01 6.467960e-03 -7.580050e-01 -9.406652e-01 9.940621e-02 -3.244494e-01 -9.356214e+00
-3.272803e-01 2.832264e-02 9.445028e-01 1.881986e+02 1.017874e-01 9.947913e-01 5.439783e-03 -7.608659e-01 -9.394291e-01 9.791881e-02 -3.284584e-01 -1.009022e+01
-3.309674e-01 2.935776e-02 9.431854e-01 1.904198e+02 1.012747e-01 9.948480e-01 4.571870e-03 -7.899515e-01 -9.381919e-01 9.703397e-02 -3.322355e-01 -1.077589e+01
-3.337833e-01 2.969358e-02 9.421820e-01 1.925988e+02 1.020765e-01 9.947649e-01 4.811505e-03 -7.872109e-01 -9.371068e-01 9.778068e-02 -3.350670e-01 -1.163594e+01
-3.369659e-01 2.870779e-02 9.410791e-01 1.948220e+02 1.020780e-01 9.947570e-01 6.205146e-03 -8.100814e-01 -9.359669e-01 9.815441e-02 -3.381297e-01 -1.239494e+01
-3.398187e-01 2.816466e-02 9.400692e-01 1.970019e+02 1.017938e-01 9.947809e-01 6.992855e-03 -8.021712e-01 -9.349659e-01 9.806951e-02 -3.409121e-01 -1.327952e+01
-3.438685e-01 2.806671e-02 9.385983e-01 1.992244e+02 1.021103e-01 9.947436e-01 7.663898e-03 -8.067352e-01 -9.334495e-01 9.847589e-02 -3.449269e-01 -1.409518e+01
-3.457932e-01 2.876294e-02 9.378698e-01 2.014149e+02 1.020637e-01 9.947524e-01 7.123513e-03 -8.092404e-01 -9.327433e-01 9.818570e-02 -3.469143e-01 -1.494987e+01
-3.497944e-01 2.914241e-02 9.363731e-01 2.036567e+02 1.021487e-01 9.947431e-01 7.199944e-03 -8.435487e-01 -9.312408e-01 9.816778e-02 -3.509324e-01 -1.574973e+01
-3.531610e-01 2.944858e-02 9.350990e-01 2.058763e+02 1.016693e-01 9.947931e-01 7.069176e-03 -8.490567e-01 -9.300219e-01 9.756740e-02 -3.543162e-01 -1.656282e+01
-3.562236e-01 2.988758e-02 9.339226e-01 2.081098e+02 1.030348e-01 9.946497e-01 7.469312e-03 -8.841606e-01 -9.287026e-01 9.888729e-02 -3.573972e-01 -1.737972e+01
-3.584632e-01 2.987109e-02 9.330658e-01 2.103359e+02 1.048416e-01 9.944531e-01 8.441494e-03 -8.973650e-01 -9.276380e-01 1.008501e-01 -3.596066e-01 -1.823135e+01
-3.610983e-01 2.922467e-02 9.320697e-01 2.125547e+02 1.058893e-01 9.943292e-01 9.846364e-03 -8.958948e-01 -9.264963e-01 1.022517e-01 -3.621452e-01 -1.910958e+01
-3.628559e-01 3.000564e-02 9.313621e-01 2.147600e+02 1.075329e-01 9.941526e-01 9.865929e-03 -9.069650e-01 -9.256200e-01 1.037320e-01 -3.639607e-01 -2.001347e+01
-3.647980e-01 3.111652e-02 9.305666e-01 2.169833e+02 1.069559e-01 9.942258e-01 8.683357e-03 -8.883376e-01 -9.249232e-01 1.026972e-01 -3.660197e-01 -2.089964e+01
-3.675128e-01 3.106931e-02 9.294994e-01 2.192341e+02 1.061089e-01 9.943163e-01 8.718283e-03 -8.903097e-01 -9.239455e-01 1.018322e-01 -3.687207e-01 -2.175826e+01
-3.706418e-01 3.257181e-02 9.282046e-01 2.214690e+02 1.054409e-01 9.943994e-01 7.208991e-03 -8.802934e-01 -9.227713e-01 1.005427e-01 -3.720004e-01 -2.259337e+01
-3.722544e-01 3.333375e-02 9.275319e-01 2.236819e+02 1.049498e-01 9.944570e-01 6.381497e-03 -8.840040e-01 -9.221780e-01 9.971984e-02 -3.736894e-01 -2.351886e+01
-3.761977e-01 3.334033e-02 9.259393e-01 2.259250e+02 1.027248e-01 9.946922e-01 5.919915e-03 -8.871994e-01 -9.208273e-01 9.734401e-02 -3.776258e-01 -2.438055e+01
-3.799380e-01 3.387688e-02 9.243914e-01 2.281386e+02 1.021666e-01 9.947519e-01 5.536479e-03 -8.732290e-01 -9.193526e-01 9.654544e-02 -3.814051e-01 -2.531167e+01
-3.842268e-01 3.348731e-02 9.226312e-01 2.304049e+02 1.032050e-01 9.946363e-01 6.878612e-03 -8.758322e-01 -9.174522e-01 9.786307e-02 -3.856220e-01 -2.612158e+01
-3.834357e-01 3.197305e-02 9.230140e-01 2.324309e+02 1.022667e-01 9.947246e-01 8.026247e-03 -8.376662e-01 -9.178881e-01 9.747118e-02 -3.846827e-01 -2.741619e+01
-3.861220e-01 3.166259e-02 9.219042e-01 2.346160e+02 1.004173e-01 9.949141e-01 7.887768e-03 -7.783155e-01 -9.169657e-01 9.562075e-02 -3.873377e-01 -2.841660e+01
-3.904311e-01 3.265143e-02 9.200530e-01 2.368868e+02 9.902372e-02 9.950625e-01 6.708005e-03 -7.304339e-01 -9.152912e-01 9.372608e-02 -3.917366e-01 -2.922516e+01
-3.937918e-01 3.192007e-02 9.186453e-01 2.390820e+02 9.699723e-02 9.952601e-01 6.997194e-03 -7.225134e-01 -9.140676e-01 9.186148e-02 -3.950214e-01 -3.021420e+01
-3.986974e-01 3.186777e-02 9.165287e-01 2.413505e+02 9.601010e-02 9.953546e-01 7.156621e-03 -6.886302e-01 -9.120430e-01 9.084934e-02 -3.999049e-01 -3.102395e+01
-4.005520e-01 3.216546e-02 9.157093e-01 2.434748e+02 9.511854e-02 9.954438e-01 6.640771e-03 -6.644792e-01 -9.113235e-01 8.976090e-02 -4.017865e-01 -3.215358e+01
-4.050485e-01 3.214292e-02 9.137300e-01 2.457247e+02 9.489434e-02 9.954624e-01 7.047748e-03 -6.709635e-01 -9.093573e-01 8.956248e-02 -4.062608e-01 -3.299921e+01
-4.067187e-01 3.156618e-02 9.130079e-01 2.478107e+02 9.315318e-02 9.956267e-01 7.074427e-03 -6.335388e-01 -9.087917e-01 8.792689e-02 -4.078804e-01 -3.419394e+01
-4.107279e-01 3.154321e-02 9.112122e-01 2.500088e+02 9.213313e-02 9.957217e-01 7.060250e-03 -6.345954e-01 -9.070910e-01 8.685268e-02 -4.118768e-01 -3.516242e+01
-4.128826e-01 3.226055e-02 9.102127e-01 2.520972e+02 9.143183e-02 9.957922e-01 6.180755e-03 -6.004674e-01 -9.061833e-01 8.577434e-02 -4.140949e-01 -3.635654e+01
-4.158871e-01 3.229748e-02 9.088425e-01 2.542637e+02 9.142858e-02 9.957907e-01 6.450445e-03 -6.120849e-01 -9.048087e-01 8.577684e-02 -4.170895e-01 -3.738418e+01
-4.173737e-01 3.229289e-02 9.081610e-01 2.563930e+02 9.142884e-02 9.957897e-01 6.610137e-03 -6.023703e-01 -9.041239e-01 8.579100e-02 -4.185689e-01 -3.850654e+01
-4.207966e-01 3.276460e-02 9.065631e-01 2.585824e+02 9.057787e-02 9.958710e-01 6.050917e-03 -6.200116e-01 -9.026217e-01 8.466076e-02 -4.220268e-01 -3.951789e+01
-4.243580e-01 3.330385e-02 9.048818e-01 2.607653e+02 9.081171e-02 9.958504e-01 5.935609e-03 -6.078279e-01 -9.009292e-01 8.469269e-02 -4.256215e-01 -4.054599e+01
-4.280218e-01 3.416873e-02 9.031223e-01 2.629698e+02 9.102631e-02 9.958335e-01 5.464236e-03 -5.910353e-01 -8.991727e-01 8.454670e-02 -4.293487e-01 -4.153863e+01
-4.317676e-01 3.508623e-02 9.013022e-01 2.651484e+02 9.198244e-02 9.957465e-01 5.301269e-03 -6.073653e-01 -8.972825e-01 8.519289e-02 -4.331584e-01 -4.258023e+01
-4.348834e-01 3.687611e-02 8.997314e-01 2.673045e+02 9.294120e-02 9.956631e-01 4.115004e-03 -5.759621e-01 -8.956776e-01 8.541166e-02 -4.364247e-01 -4.371778e+01
-4.367596e-01 3.767374e-02 8.987890e-01 2.694263e+02 9.397001e-02 9.955673e-01 3.933702e-03 -5.737623e-01 -8.946567e-01 8.617730e-02 -4.383638e-01 -4.487305e+01
-4.401304e-01 4.056595e-02 8.970171e-01 2.716597e+02 9.604259e-02 9.953750e-01 2.110256e-03 -5.605611e-01 -8.927827e-01 8.708063e-02 -4.419909e-01 -4.585159e+01
-4.429813e-01 4.235228e-02 8.955299e-01 2.738711e+02 9.683479e-02 9.953001e-01 8.294128e-04 -5.774316e-01 -8.912859e-01 8.708587e-02 -4.450005e-01 -4.691304e+01
-4.448495e-01 4.362092e-02 8.945424e-01 2.760355e+02 9.772845e-02 9.952131e-01 6.969060e-05 -5.361938e-01 -8.902573e-01 8.745324e-02 -4.469831e-01 -4.806963e+01
-4.457999e-01 4.457718e-02 8.940220e-01 2.781602e+02 9.671465e-02 9.953112e-01 -1.401289e-03 -4.905990e-01 -8.898925e-01 8.584033e-02 -4.480209e-01 -4.934052e+01
-4.477515e-01 4.493476e-02 8.930282e-01 2.803254e+02 9.517644e-02 9.954576e-01 -2.368629e-03 -4.413158e-01 -8.890782e-01 8.393470e-02 -4.499944e-01 -5.054897e+01
-4.522517e-01 4.650839e-02 8.906769e-01 2.825570e+02 9.455054e-02 9.955121e-01 -3.973414e-03 -4.010005e-01 -8.868645e-01 8.241700e-02 -4.546195e-01 -5.168843e+01
-4.563725e-01 4.599684e-02 8.885992e-01 2.847755e+02 9.116356e-02 9.958247e-01 -4.726828e-03 -3.805788e-01 -8.851064e-01 7.885067e-02 -4.586602e-01 -5.281922e+01
-4.595778e-01 4.525999e-02 8.869836e-01 2.870206e+02 8.982695e-02 9.959482e-01 -4.277579e-03 -4.371443e-01 -8.835833e-01 7.770914e-02 -4.617812e-01 -5.393988e+01
-4.634527e-01 4.547414e-02 8.849541e-01 2.892996e+02 9.208524e-02 9.957468e-01 -2.942049e-03 -5.030435e-01 -8.813239e-01 8.012770e-02 -4.656691e-01 -5.503908e+01
-4.641923e-01 4.489085e-02 8.845961e-01 2.915011e+02 9.128708e-02 9.958211e-01 -2.632264e-03 -4.635733e-01 -8.810177e-01 7.953032e-02 -4.663505e-01 -5.630054e+01
-4.669172e-01 4.475634e-02 8.831677e-01 2.937670e+02 9.143430e-02 9.958088e-01 -2.124758e-03 -4.740748e-01 -8.795613e-01 7.975974e-02 -4.690525e-01 -5.747658e+01
-4.704500e-01 4.432978e-02 8.813124e-01 2.960516e+02 8.970385e-02 9.959660e-01 -2.212356e-03 -4.543563e-01 -8.778553e-01 7.801632e-02 -4.725288e-01 -5.862627e+01
-4.744783e-01 4.360294e-02 8.791866e-01 2.983575e+02 8.789299e-02 9.961280e-01 -1.968632e-03 -4.329576e-01 -8.758682e-01 7.634027e-02 -4.764735e-01 -5.977699e+01
-4.761189e-01 4.411711e-02 8.782736e-01 3.005951e+02 8.914321e-02 9.960174e-01 -1.706356e-03 -4.336435e-01 -8.748510e-01 7.747970e-02 -4.781554e-01 -6.105216e+01
-4.775010e-01 4.383459e-02 8.775371e-01 3.028693e+02 8.986788e-02 9.959533e-01 -8.491988e-04 -4.755430e-01 -8.740232e-01 7.845690e-02 -4.795081e-01 -6.229756e+01
-4.813607e-01 4.391455e-02 8.754218e-01 3.051722e+02 8.742843e-02 9.961690e-01 -1.898170e-03 -4.829756e-01 -8.721514e-01 7.562305e-02 -4.833560e-01 -6.350724e+01
-4.847327e-01 4.632959e-02 8.734345e-01 3.074771e+02 8.607394e-02 9.962758e-01 -5.076734e-03 -4.893663e-01 -8.704168e-01 7.271909e-02 -4.869152e-01 -6.474153e+01
-4.884707e-01 4.511049e-02 8.714135e-01 3.097602e+02 8.229275e-02 9.965932e-01 -5.461482e-03 -4.806951e-01 -8.686911e-01 6.904323e-02 -4.905189e-01 -6.604448e+01
-4.927949e-01 4.370607e-02 8.690472e-01 3.120669e+02 8.124948e-02 9.966856e-01 -4.052575e-03 -5.290327e-01 -8.663439e-01 6.861254e-02 -4.947127e-01 -6.732823e+01
-4.977592e-01 4.045510e-02 8.663712e-01 3.143243e+02 7.657036e-02 9.970609e-01 -2.565401e-03 -5.241749e-01 -8.639287e-01 6.506141e-02 -4.993939e-01 -6.871798e+01
-5.021493e-01 3.847326e-02 8.639247e-01 3.166279e+02 7.442848e-02 9.972257e-01 -1.148621e-03 -5.340900e-01 -8.615721e-01 6.372382e-02 -5.036197e-01 -7.004443e+01
-5.069164e-01 3.720523e-02 8.611919e-01 3.189422e+02 7.216283e-02 9.973927e-01 -6.127553e-04 -5.264931e-01 -8.589693e-01 6.183543e-02 -5.082796e-01 -7.136520e+01
-5.085137e-01 3.890295e-02 8.601746e-01 3.211915e+02 7.432293e-02 9.972335e-01 -1.163832e-03 -5.316114e-01 -8.578403e-01 6.333887e-02 -5.099983e-01 -7.282040e+01
-5.108047e-01 3.984128e-02 8.587731e-01 3.234772e+02 7.534829e-02 9.971562e-01 -1.443591e-03 -5.401818e-01 -8.563885e-01 6.396969e-02 -5.123540e-01 -7.424316e+01
-5.145064e-01 3.990230e-02 8.565576e-01 3.258053e+02 7.590808e-02 9.971145e-01 -8.545433e-04 -5.502071e-01 -8.541201e-01 6.457998e-02 -5.160507e-01 -7.559085e+01
-5.200041e-01 3.783914e-02 8.533252e-01 3.281459e+02 7.486536e-02 9.971927e-01 1.403200e-03 -5.693155e-01 -8.508765e-01 6.461416e-02 -5.213772e-01 -7.692347e+01
-5.240204e-01 3.936517e-02 8.507955e-01 3.304686e+02 7.968263e-02 9.968159e-01 2.956648e-03 -6.621448e-01 -8.479701e-01 6.934297e-02 -5.254886e-01 -7.828128e+01
-5.269192e-01 3.968637e-02 8.489883e-01 3.327434e+02 7.999528e-02 9.967906e-01 3.053098e-03 -6.976635e-01 -8.461424e-01 6.952379e-02 -5.284028e-01 -7.973333e+01
-5.277313e-01 4.024587e-02 8.484574e-01 3.349768e+02 8.130052e-02 9.966842e-01 3.291153e-03 -7.152675e-01 -8.455116e-01 7.071687e-02 -5.292535e-01 -8.125398e+01
-5.300610e-01 4.189442e-02 8.469240e-01 3.372560e+02 8.513057e-02 9.963618e-01 3.993739e-03 -7.381965e-01 -8.436754e-01 7.421604e-02 -5.316990e-01 -8.270607e+01
-5.328709e-01 4.118695e-02 8.451936e-01 3.395142e+02 8.557904e-02 9.963167e-01 5.403894e-03 -7.578004e-01 -8.418580e-01 7.521044e-02 -5.344329e-01 -8.419529e+01
-5.357893e-01 4.127765e-02 8.433422e-01 3.418092e+02 8.565679e-02 9.963087e-01 5.654531e-03 -7.714952e-01 -8.399957e-01 7.526762e-02 -5.373472e-01 -8.562627e+01
-5.370069e-01 4.007668e-02 8.426253e-01 3.440649e+02 8.597003e-02 9.962702e-01 7.404596e-03 -8.041792e-01 -8.391857e-01 7.641684e-02 -5.384494e-01 -8.713819e+01
-5.386708e-01 3.937692e-02 8.415957e-01 3.463286e+02 8.647048e-02 9.962161e-01 8.734835e-03 -8.143673e-01 -8.380672e-01 7.747839e-02 -5.400374e-01 -8.863744e+01
-5.378269e-01 3.920278e-02 8.421433e-01 3.485655e+02 8.398410e-02 9.964407e-01 7.250141e-03 -8.041134e-01 -8.388617e-01 7.462597e-02 -5.392050e-01 -9.017775e+01
-5.402254e-01 3.955568e-02 8.405902e-01 3.508440e+02 8.302704e-02 9.965263e-01 6.465749e-03 -8.408634e-01 -8.374145e-01 7.328468e-02 -5.416330e-01 -9.166292e+01
-5.424295e-01 3.985650e-02 8.391553e-01 3.531271e+02 8.142164e-02 9.966657e-01 5.293291e-03 -8.558365e-01 -8.361464e-01 7.119664e-02 -5.438661e-01 -9.313316e+01
-5.444638e-01 3.671363e-02 8.379805e-01 3.554057e+02 7.805508e-02 9.969242e-01 7.037707e-03 -8.533868e-01 -8.351446e-01 6.924041e-02 -5.456549e-01 -9.463478e+01
-5.494238e-01 3.593111e-02 8.347709e-01 3.577258e+02 7.895821e-02 9.968367e-01 9.061259e-03 -8.735226e-01 -8.318047e-01 7.089049e-02 -5.505229e-01 -9.605381e+01
-5.497838e-01 3.732908e-02 8.344725e-01 3.599829e+02 8.002197e-02 9.967599e-01 8.132862e-03 -8.767636e-01 -8.314651e-01 7.124745e-02 -5.509896e-01 -9.757123e+01
-5.531944e-01 3.553272e-02 8.322941e-01 3.622772e+02 7.730353e-02 9.969686e-01 8.817647e-03 -8.984818e-01 -8.294577e-01 6.921714e-02 -5.542642e-01 -9.905311e+01
-5.560512e-01 3.135050e-02 8.305566e-01 3.645421e+02 7.475444e-02 9.971248e-01 1.240967e-02 -9.318067e-01 -8.277795e-01 6.898820e-02 -5.567960e-01 -1.005606e+02
-5.582241e-01 2.941398e-02 8.291687e-01 3.667913e+02 7.325175e-02 9.972161e-01 1.394022e-02 -9.191896e-01 -8.264503e-01 6.851982e-02 -5.588246e-01 -1.020930e+02
-5.609712e-01 2.956558e-02 8.273072e-01 3.690567e+02 7.331442e-02 9.972096e-01 1.407481e-02 -9.174717e-01 -8.245825e-01 6.854911e-02 -5.615734e-01 -1.035972e+02
-5.629389e-01 3.150729e-02 8.258977e-01 3.713338e+02 7.507788e-02 9.970912e-01 1.313555e-02 -8.668043e-01 -8.230815e-01 6.940116e-02 -5.636669e-01 -1.050858e+02
-5.654193e-01 3.091161e-02 8.242242e-01 3.735784e+02 7.499918e-02 9.970845e-01 1.405503e-02 -8.663053e-01 -8.213867e-01 6.976313e-02 -5.660891e-01 -1.066100e+02
-5.669495e-01 3.028520e-02 8.231957e-01 3.758090e+02 7.478347e-02 9.970896e-01 1.482198e-02 -8.552293e-01 -8.203510e-01 6.996474e-02 -5.675643e-01 -1.081625e+02
-5.688136e-01 2.909049e-02 8.219518e-01 3.780462e+02 7.163969e-02 9.973284e-01 1.427926e-02 -8.767915e-01 -8.193405e-01 6.700661e-02 -5.693780e-01 -1.097100e+02
-5.718140e-01 2.550454e-02 8.199867e-01 3.802871e+02 6.094399e-02 9.980755e-01 1.145528e-02 -8.904693e-01 -8.181164e-01 5.652355e-02 -5.722679e-01 -1.112007e+02
-5.746154e-01 2.942840e-02 8.178943e-01 3.824939e+02 5.368447e-02 9.985563e-01 1.787522e-03 -8.521026e-01 -8.166609e-01 4.493536e-02 -5.753657e-01 -1.127655e+02
-5.761013e-01 3.718323e-02 8.165322e-01 3.846524e+02 5.913464e-02 9.982430e-01 -3.735758e-03 -9.307892e-01 -8.152364e-01 4.613316e-02 -5.772879e-01 -1.143983e+02
-5.525052e-01 4.020101e-02 8.325394e-01 3.842986e+02 6.375106e-02 9.979485e-01 -5.880488e-03 -4.282098e-01 -8.310679e-01 4.982627e-02 -5.539346e-01 -1.170429e+02
-5.536651e-01 2.943503e-02 8.322191e-01 3.864990e+02 6.015445e-02 9.981779e-01 4.715135e-03 -4.784273e-01 -8.305639e-01 5.267229e-02 -5.544269e-01 -1.186329e+02
-5.580024e-01 1.919312e-02 8.296173e-01 3.887512e+02 5.495594e-02 9.983925e-01 1.386577e-02 -4.826687e-01 -8.280176e-01 5.332954e-02 -5.581602e-01 -1.201382e+02
-5.601547e-01 1.386496e-02 8.282720e-01 3.909400e+02 5.070873e-02 9.985588e-01 1.757847e-02 -4.660098e-01 -8.268345e-01 5.184729e-02 -5.600505e-01 -1.217188e+02
-5.610515e-01 1.387210e-02 8.276647e-01 3.930963e+02 5.035107e-02 9.985801e-01 1.739489e-02 -4.554239e-01 -8.262481e-01 5.143323e-02 -5.609533e-01 -1.233318e+02
-5.631065e-01 1.882987e-02 8.261698e-01 3.953238e+02 5.614117e-02 9.983023e-01 1.551201e-02 -4.310297e-01 -8.244751e-01 5.511705e-02 -5.632077e-01 -1.248483e+02
-5.656595e-01 2.530213e-02 8.242506e-01 3.976050e+02 6.097481e-02 9.980764e-01 1.120718e-02 -4.318311e-01 -8.223815e-01 5.659798e-02 -5.661142e-01 -1.262868e+02
-5.685928e-01 2.825459e-02 8.221337e-01 3.993094e+02 6.144880e-02 9.980766e-01 8.197095e-03 -2.828482e-01 -8.203208e-01 5.517994e-02 -5.692354e-01 -1.283717e+02
-5.740013e-01 2.846426e-02 8.183595e-01 4.017186e+02 6.076768e-02 9.981206e-01 7.906012e-03 -1.821262e-01 -8.165965e-01 5.426787e-02 -5.746522e-01 -1.295730e+02
-5.740013e-01 2.846426e-02 8.183595e-01 4.017186e+02 6.076768e-02 9.981206e-01 7.906012e-03 -1.821262e-01 -8.165965e-01 5.426787e-02 -5.746522e-01 -1.295730e+02
-5.947188e-01 2.704375e-02 8.034788e-01 4.043887e+02 6.095556e-02 9.980739e-01 1.152459e-02 -2.038730e-01 -8.016196e-01 5.583039e-02 -5.952218e-01 -1.292892e+02
-5.992164e-01 2.748688e-02 8.001151e-01 4.066681e+02 6.117664e-02 9.980604e-01 1.152894e-02 -1.909905e-01 -7.982463e-01 5.585668e-02 -5.997357e-01 -1.307346e+02
-6.019978e-01 2.582279e-02 7.980801e-01 4.089130e+02 5.865373e-02 9.982069e-01 1.194483e-02 -2.156993e-01 -7.963406e-01 5.400114e-02 -6.024329e-01 -1.322185e+02
-6.053606e-01 2.551768e-02 7.955422e-01 4.111911e+02 5.759848e-02 9.982700e-01 1.180870e-02 -1.744554e-01 -7.938646e-01 5.297054e-02 -6.057831e-01 -1.336563e+02
-6.073805e-01 2.348408e-02 7.940639e-01 4.133293e+02 5.648222e-02 9.983099e-01 1.367877e-02 -2.026941e-01 -7.924006e-01 5.315871e-02 -6.076804e-01 -1.352960e+02
-6.063068e-01 2.393315e-02 7.948706e-01 4.136788e+02 5.938864e-02 9.981185e-01 1.524728e-02 1.713807e-01 -7.930101e-01 5.645082e-02 -6.065873e-01 -1.379311e+02
-6.063068e-01 2.393315e-02 7.948706e-01 4.136788e+02 5.938864e-02 9.981185e-01 1.524728e-02 1.713807e-01 -7.930101e-01 5.645082e-02 -6.065873e-01 -1.379311e+02
-6.063068e-01 2.393315e-02 7.948706e-01 4.136788e+02 5.938864e-02 9.981185e-01 1.524728e-02 1.713807e-01 -7.930101e-01 5.645082e-02 -6.065873e-01 -1.379311e+02
-6.114404e-01 2.545914e-02 7.908808e-01 4.132820e+02 5.815753e-02 9.982250e-01 1.282864e-02 5.519493e-01 -7.891504e-01 5.383962e-02 -6.118357e-01 -1.405723e+02
-6.173081e-01 2.477839e-02 7.863312e-01 4.154285e+02 5.454001e-02 9.984470e-01 1.135410e-02 5.915059e-01 -7.848287e-01 4.989549e-02 -6.177009e-01 -1.421872e+02
-6.051226e-01 2.604679e-02 7.957061e-01 4.156130e+02 5.378095e-02 9.985190e-01 8.213906e-03 9.554285e-01 -7.943137e-01 4.776425e-02 -6.056272e-01 -1.448396e+02
-6.051226e-01 2.604679e-02 7.957061e-01 4.156130e+02 5.378095e-02 9.985190e-01 8.213906e-03 9.554285e-01 -7.943137e-01 4.776425e-02 -6.056272e-01 -1.448396e+02
-6.081415e-01 2.329225e-02 7.934868e-01 4.177855e+02 4.825393e-02 9.988057e-01 7.663367e-03 9.212639e-01 -7.923607e-01 4.294927e-02 -6.085392e-01 -1.464146e+02
-6.097256e-01 2.295334e-02 7.922801e-01 4.199573e+02 4.767341e-02 9.988329e-01 7.751231e-03 9.125921e-01 -7.911775e-01 4.249682e-02 -6.101083e-01 -1.479921e+02
-6.105214e-01 2.096979e-02 7.917221e-01 4.221524e+02 4.723241e-02 9.988342e-01 9.966941e-03 9.136217e-01 -7.905901e-01 4.347997e-02 -6.108001e-01 -1.495432e+02
-6.115423e-01 1.966048e-02 7.909674e-01 4.242885e+02 4.986594e-02 9.986615e-01 1.373125e-02 9.107203e-01 -7.896388e-01 4.783957e-02 -6.117041e-01 -1.511631e+02
-6.104429e-01 1.842066e-02 7.918460e-01 4.264169e+02 5.485025e-02 9.983126e-01 1.906099e-02 9.292525e-01 -7.901588e-01 5.506859e-02 -6.104233e-01 -1.527973e+02
-6.088624e-01 1.710620e-02 7.930914e-01 4.285303e+02 5.826935e-02 9.980311e-01 2.320728e-02 9.427971e-01 -7.911329e-01 6.034296e-02 -6.086604e-01 -1.544363e+02
-6.061452e-01 1.508273e-02 7.952110e-01 4.306339e+02 5.257315e-02 9.983934e-01 2.113712e-02 9.787960e-01 -7.936145e-01 5.461891e-02 -6.059643e-01 -1.560967e+02
-6.058967e-01 1.527211e-02 7.953967e-01 4.327385e+02 4.624855e-02 9.988010e-01 1.605243e-02 9.945225e-01 -7.941978e-01 4.651206e-02 -6.058766e-01 -1.577429e+02
-6.015362e-01 1.425883e-02 7.987183e-01 4.348150e+02 4.241242e-02 9.990006e-01 1.410763e-02 1.025532e+00 -7.977189e-01 4.236183e-02 -6.015397e-01 -1.594283e+02
