1.000000e+00 0.000000e+00 0.000000e+00 0.000000e+00 0.000000e+00 1.000000e+00 0.000000e+00 0.000000e+00 0.000000e+00 0.000000e+00 1.000000e+00 0.000000e+00
9.990215e-01 -4.129086e-05 4.422648e-02 1.733542e-02 1.259238e-04 9.999982e-01 -1.910841e-03 -4.283497e-02 -4.422632e-02 1.914540e-03 9.990197e-01 9.987279e-01
9.961014e-01 -5.524899e-03 8.804196e-02 1.358978e-01 6.158321e-03 9.999571e-01 -6.924549e-03 -5.510686e-02 -8.799992e-02 7.439744e-03 9.960927e-01 1.993092e+00
9.910769e-01 -5.104049e-03 1.331935e-01 2.828438e-01 6.632595e-03 9.999171e-01 -1.103497e-02 -5.957714e-02 -1.331261e-01 1.181992e-02 9.910286e-01 2.975852e+00
9.837861e-01 -2.681872e-03 1.793256e-01 4.762702e-01 5.275986e-03 9.998882e-01 -1.399058e-02 -5.151290e-02 -1.792680e-01 1.470986e-02 9.836903e-01 3.955466e+00
9.742932e-01 -4.587172e-03 2.252371e-01 7.148523e-01 7.971011e-03 9.998686e-01 -1.411638e-02 -6.194428e-02 -2.251428e-01 1.554886e-02 9.742017e-01 4.918700e+00
9.627721e-01 -5.426200e-03 2.702600e-01 9.626040e-01 9.924891e-03 9.998340e-01 -1.528199e-02 -7.870997e-02 -2.701322e-01 1.739537e-02 9.626661e-01 5.878314e+00
9.493879e-01 -7.907386e-03 3.140065e-01 1.282956e+00 1.421689e-02 9.997403e-01 -1.780857e-02 -1.127181e-01 -3.137842e-01 2.137144e-02 9.492538e-01 6.811989e+00
9.342477e-01 -9.340982e-03 3.565026e-01 1.650536e+00 1.739893e-02 9.996603e-01 -1.940268e-02 -1.585831e-01 -3.562002e-01 2.432967e-02 9.340929e-01 7.727207e+00
9.170648e-01 -9.188417e-03 3.986323e-01 2.049445e+00 1.870195e-02 9.996254e-01 -1.998315e-02 -1.956184e-01 -3.982993e-01 2.578105e-02 9.168931e-01 8.626904e+00
8.976762e-01 -9.179049e-03 4.405600e-01 2.488187e+00 1.955952e-02 9.996276e-01 -1.902689e-02 -2.192086e-01 -4.402213e-01 2.569713e-02 8.975215e-01 9.504762e+00
8.757576e-01 -8.072437e-03 4.826836e-01 2.953140e+00 1.897419e-02 9.996632e-01 -1.770740e-02 -2.666026e-01 -4.823780e-01 2.466592e-02 8.756158e-01 1.036582e+01
8.518588e-01 -7.914158e-03 5.237117e-01 3.463883e+00 1.943040e-02 9.996751e-01 -1.649833e-02 -3.023852e-01 -5.234109e-01 2.423018e-02 8.517358e-01 1.119690e+01
8.262438e-01 -8.479914e-03 5.632489e-01 3.994927e+00 2.123762e-02 9.996447e-01 -1.610398e-02 -3.442199e-01 -5.629123e-01 2.526788e-02 8.261303e-01 1.201304e+01
7.991976e-01 -1.155599e-02 6.009573e-01 4.597962e+00 2.599598e-02 9.995442e-01 -1.535083e-02 -3.762459e-01 -6.005060e-01 2.789082e-02 7.991337e-01 1.276811e+01
7.706290e-01 -1.059189e-02 6.371960e-01 5.221087e+00 2.686526e-02 9.995130e-01 -1.587646e-02 -4.041834e-01 -6.367175e-01 2.935329e-02 7.705382e-01 1.350895e+01
7.401056e-01 -1.438869e-02 6.723367e-01 5.869403e+00 3.224885e-02 9.993802e-01 -1.411165e-02 -4.420402e-01 -6.717170e-01 3.212619e-02 7.401110e-01 1.422284e+01
7.257482e-01 -9.661678e-03 6.878925e-01 6.828651e+00 2.811014e-02 9.994828e-01 -1.561902e-02 -4.372072e-01 -6.873858e-01 3.067223e-02 7.256445e-01 1.417103e+01
7.028483e-01 -6.637005e-03 7.113088e-01 7.763536e+00 2.836673e-02 9.994226e-01 -1.870402e-02 -3.980757e-01 -7.107739e-01 3.332359e-02 7.026308e-01 1.436711e+01
6.698807e-01 -7.631715e-03 7.424295e-01 8.524831e+00 3.357264e-02 9.992357e-01 -2.002046e-02 -3.827119e-01 -7.417093e-01 3.833663e-02 6.696250e-01 1.493973e+01
6.465616e-01 -2.028972e-03 7.628590e-01 9.457517e+00 3.078889e-02 9.992511e-01 -2.343744e-02 -3.617285e-01 -7.622402e-01 3.864133e-02 6.461399e-01 1.512929e+01
6.253790e-01 1.635376e-03 7.803194e-01 1.039346e+01 3.289208e-02 9.990538e-01 -2.845481e-02 -3.380864e-01 -7.796276e-01 4.346137e-02 6.247335e-01 1.530622e+01
5.901047e-01 2.612515e-03 8.073225e-01 1.121632e+01 3.907542e-02 9.987303e-01 -3.179372e-02 -3.325984e-01 -8.063805e-01 5.030809e-02 5.892534e-01 1.578595e+01
5.543317e-01 3.934508e-03 8.322865e-01 1.207254e+01 4.120023e-02 9.986331e-01 -3.216167e-02 -3.374264e-01 -8.312755e-01 5.211863e-02 5.534119e-01 1.622135e+01
5.200156e-01 1.193993e-03 8.541559e-01 1.114156e+01 4.827594e-02 9.983595e-01 -3.078627e-02 -4.272866e-01 -8.527914e-01 5.724452e-02 5.191049e-01 1.598933e+01
4.848667e-01 6.413224e-04 8.745878e-01 1.199853e+01 5.259345e-02 9.981686e-01 -2.988946e-02 -4.646745e-01 -8.730053e-01 6.048999e-02 4.839450e-01 1.643165e+01
4.508267e-01 3.690498e-03 8.926039e-01 1.287026e+01 5.409541e-02 9.980404e-01 -3.144835e-02 -4.888026e-01 -8.909708e-01 6.246353e-02 4.497437e-01 1.687227e+01
4.194099e-01 2.816787e-03 9.077926e-01 1.378435e+01 5.584475e-02 9.980212e-01 -2.889763e-02 -5.143027e-01 -9.060776e-01 6.281540e-02 4.184227e-01 1.724424e+01
3.869532e-01 1.481893e-03 9.220982e-01 1.469514e+01 5.868679e-02 9.979318e-01 -2.623133e-02 -5.455220e-01 -9.202299e-01 6.426528e-02 3.860659e-01 1.763862e+01
3.543281e-01 2.343562e-03 9.351182e-01 1.561182e+01 6.034311e-02 9.978553e-01 -2.536556e-02 -5.319303e-01 -9.331722e-01 6.541567e-02 3.534268e-01 1.801960e+01
3.227525e-01 5.773176e-03 9.464658e-01 1.655173e+01 5.814282e-02 9.979719e-01 -2.591452e-02 -5.689453e-01 -9.446958e-01 6.339416e-02 3.217622e-01 1.836075e+01
2.924567e-01 7.576592e-03 9.562488e-01 1.752336e+01 5.842106e-02 9.979592e-01 -2.577442e-02 -5.920435e-01 -9.544926e-01 6.340297e-02 2.914172e-01 1.865518e+01
2.626768e-01 7.584483e-03 9.648541e-01 1.851536e+01 6.059687e-02 9.978655e-01 -2.434118e-02 -6.431601e-01 -9.629792e-01 6.486100e-02 2.616565e-01 1.891624e+01
2.325802e-01 7.238163e-03 9.725503e-01 1.952444e+01 6.263588e-02 9.977849e-01 -2.240501e-02 -6.831087e-01 -9.705582e-01 6.612751e-02 2.316117e-01 1.916201e+01
2.027462e-01 6.748294e-03 9.792081e-01 2.055459e+01 6.214704e-02 9.978717e-01 -1.974453e-02 -7.147900e-01 -9.772573e-01 6.485802e-02 2.018953e-01 1.937683e+01
1.735242e-01 6.305098e-03 9.848094e-01 2.160073e+01 6.258716e-02 9.978875e-01 -1.741674e-02 -7.456968e-01 -9.828388e-01 6.465865e-02 1.727631e-01 1.956977e+01
1.467812e-01 6.818850e-03 9.891455e-01 2.266845e+01 6.542043e-02 9.977199e-01 -1.658583e-02 -7.713972e-01 -9.870033e-01 6.714482e-02 1.460005e-01 1.971445e+01
1.211717e-01 7.382333e-03 9.926041e-01 2.374542e+01 6.955784e-02 9.974510e-01 -1.590962e-02 -7.879321e-01 -9.901915e-01 7.097119e-02 1.203494e-01 1.989644e+01
9.849008e-02 7.923986e-03 9.951065e-01 2.484342e+01 7.434810e-02 9.971150e-01 -1.529854e-02 -7.982505e-01 -9.923568e-01 7.549103e-02 9.761681e-02 2.001122e+01
7.809342e-02 7.077080e-03 9.969209e-01 2.595512e+01 8.061529e-02 9.966553e-01 -1.339016e-02 -8.225521e-01 -9.936813e-01 8.141275e-02 7.726170e-02 2.010843e+01
5.963081e-02 6.053292e-03 9.982021e-01 2.708207e+01 8.514237e-02 9.963067e-01 -1.112805e-02 -8.470640e-01 -9.945828e-01 8.565287e-02 5.889518e-02 2.017947e+01
4.384013e-02 5.793238e-03 9.990218e-01 2.821534e+01 8.863527e-02 9.960173e-01 -9.665402e-03 -8.711499e-01 -9.950989e-01 8.897230e-02 4.315204e-02 2.024419e+01
2.941596e-02 4.167500e-03 9.995586e-01 2.935690e+01 9.092241e-02 9.958346e-01 -6.827724e-03 -9.067143e-01 -9.954234e-01 9.108312e-02 2.891451e-02 2.027749e+01
1.594679e-02 3.237498e-03 9.998676e-01 3.050621e+01 9.115917e-02 9.958253e-01 -4.678298e-03 -9.197450e-01 -9.957086e-01 9.122171e-02 1.558509e-02 2.029429e+01
3.832315e-03 3.082715e-03 9.999879e-01 3.166753e+01 9.153647e-02 9.957958e-01 -3.420592e-03 -9.436387e-01 -9.957943e-01 9.154848e-02 3.534022e-03 2.028635e+01
-7.176484e-03 5.615077e-03 9.999585e-01 3.284716e+01 9.199022e-02 9.957477e-01 -4.931238e-03 -9.682480e-01 -9.957340e-01 9.195101e-02 -7.662500e-03 2.026927e+01
-1.717106e-02 9.149217e-03 9.998107e-01 3.405047e+01 9.311489e-02 9.956270e-01 -7.511748e-03 -9.873086e-01 -9.955073e-01 9.296828e-02 -1.794790e-02 2.024976e+01
-2.578033e-02 1.186773e-02 9.995972e-01 3.527705e+01 9.518640e-02 9.954154e-01 -9.363155e-03 -9.961364e-01 -9.951256e-01 9.490667e-02 -2.679178e-02 2.019257e+01
-3.321886e-02 1.276357e-02 9.993666e-01 3.652721e+01 9.479180e-02 9.954512e-01 -9.562690e-03 -1.021564e+00 -9.949427e-01 9.441409e-02 -3.427764e-02 2.013134e+01
-3.850992e-02 1.354493e-02 9.991664e-01 3.779567e+01 9.494019e-02 9.954344e-01 -9.835148e-03 -1.042428e+00 -9.947378e-01 9.448230e-02 -3.962005e-02 2.008915e+01
-4.415179e-02 1.553179e-02 9.989041e-01 3.908941e+01 9.712171e-02 9.952097e-01 -1.118154e-02 -1.056781e+00 -9.942927e-01 9.652159e-02 -4.544876e-02 2.003529e+01
-4.808009e-02 1.736355e-02 9.986926e-01 4.040345e+01 9.855351e-02 9.950525e-01 -1.255559e-02 -1.107013e+00 -9.939696e-01 9.782098e-02 -4.955345e-02 1.998464e+01
-5.182582e-02 1.798180e-02 9.984942e-01 4.174308e+01 9.897211e-02 9.950081e-01 -1.278197e-02 -1.128940e+00 -9.937397e-01 9.816065e-02 -5.334681e-02 1.991865e+01
-5.516054e-02 1.703832e-02 9.983321e-01 4.310506e+01 9.783015e-02 9.951358e-01 -1.157839e-02 -1.140810e+00 -9.936733e-01 9.702831e-02 -5.655909e-02 1.982968e+01
-5.757447e-02 1.537355e-02 9.982228e-01 4.448553e+01 9.738793e-02 9.951991e-01 -9.709939e-03 -1.141981e+00 -9.935798e-01 9.665581e-02 -5.879526e-02 1.973063e+01
-5.890248e-02 1.431936e-02 9.981610e-01 4.588739e+01 9.919480e-02 9.950324e-01 -8.420896e-03 -1.174756e+00 -9.933232e-01 9.851637e-02 -6.003028e-02 1.964317e+01
-6.126842e-02 1.464519e-02 9.980139e-01 4.730976e+01 1.014505e-01 9.948054e-01 -8.370024e-03 -1.197262e+00 -9.929522e-01 1.007362e-01 -6.243591e-02 1.956722e+01
-6.228815e-02 1.472368e-02 9.979496e-01 4.875496e+01 1.006919e-01 9.948822e-01 -8.393623e-03 -1.199888e+00 -9.929659e-01 9.996262e-02 -6.345193e-02 1.947368e+01
-6.290352e-02 1.554659e-02 9.978985e-01 5.021530e+01 1.033020e-01 9.946095e-01 -8.983609e-03 -1.223990e+00 -9.926590e-01 1.025198e-01 -6.417043e-02 1.937305e+01
-6.360753e-02 1.570559e-02 9.978514e-01 5.170074e+01 1.030637e-01 9.946333e-01 -9.085196e-03 -1.245499e+00 -9.926389e-01 1.022644e-01 -6.488485e-02 1.931010e+01
-6.330158e-02 1.726082e-02 9.978452e-01 5.320692e+01 1.014059e-01 9.947868e-01 -1.077490e-02 -1.250452e+00 -9.928292e-01 1.005053e-01 -6.472192e-02 1.919451e+01
-6.239176e-02 1.698057e-02 9.979073e-01 5.473461e+01 1.010484e-01 9.948249e-01 -1.061031e-02 -1.268899e+00 -9.929232e-01 1.001750e-01 -6.378474e-02 1.911020e+01
-6.183067e-02 1.604797e-02 9.979576e-01 5.628516e+01 9.955191e-02 9.949838e-01 -9.832191e-03 -1.285877e+00 -9.931095e-01 9.874065e-02 -6.311812e-02 1.904786e+01
-6.063009e-02 1.719510e-02 9.980122e-01 5.785055e+01 1.000828e-01 9.949176e-01 -1.106167e-02 -1.296492e+00 -9.931301e-01 9.921314e-02 -6.204287e-02 1.894110e+01
-5.992960e-02 1.808207e-02 9.980388e-01 5.944708e+01 9.850713e-02 9.950626e-01 -1.211306e-02 -1.300825e+00 -9.933302e-01 9.758801e-02 -6.141492e-02 1.886674e+01
-5.784896e-02 1.823018e-02 9.981589e-01 6.105699e+01 1.011153e-01 9.947986e-01 -1.230861e-02 -1.352852e+00 -9.931914e-01 1.002171e-01 -5.939141e-02 1.874875e+01
-5.757536e-02 1.803502e-02 9.981782e-01 6.269004e+01 1.000941e-01 9.949031e-01 -1.220237e-02 -1.372862e+00 -9.933107e-01 9.920923e-02 -5.908711e-02 1.867225e+01
-5.595101e-02 1.666447e-02 9.982944e-01 6.433354e+01 1.024861e-01 9.946752e-01 -1.086006e-02 -1.390601e+00 -9.931596e-01 1.017036e-01 -5.736095e-02 1.852120e+01
-5.563331e-02 1.581691e-02 9.983260e-01 6.599066e+01 1.030781e-01 9.946229e-01 -1.001404e-02 -1.382213e+00 -9.931162e-01 1.023484e-01 -5.696454e-02 1.842707e+01
-5.427308e-02 1.690425e-02 9.983830e-01 6.766200e+01 1.047534e-01 9.944358e-01 -1.114292e-02 -1.411705e+00 -9.930162e-01 1.039792e-01 -5.574187e-02 1.829027e+01
-5.349397e-02 1.866991e-02 9.983936e-01 6.934943e+01 1.068711e-01 9.941896e-01 -1.286513e-02 -1.440239e+00 -9.928328e-01 1.060112e-01 -5.517842e-02 1.819013e+01
-5.269026e-02 1.891648e-02 9.984317e-01 7.105053e+01 1.047730e-01 9.944071e-01 -1.331104e-02 -1.446342e+00 -9.930994e-01 1.039073e-01 -5.437750e-02 1.807473e+01
-5.266629e-02 1.855577e-02 9.984398e-01 7.277395e+01 1.052646e-01 9.943602e-01 -1.292740e-02 -1.487371e+00 -9.930487e-01 1.044195e-01 -5.432253e-02 1.799153e+01
-5.241822e-02 1.761085e-02 9.984699e-01 7.450936e+01 1.043715e-01 9.944653e-01 -1.206087e-02 -1.503657e+00 -9.931560e-01 1.035795e-01 -5.396617e-02 1.789243e+01
-5.244750e-02 1.778683e-02 9.984653e-01 7.626265e+01 1.063306e-01 9.942569e-01 -1.212652e-02 -1.534378e+00 -9.929467e-01 1.055314e-01 -5.403758e-02 1.781327e+01
-5.390044e-02 1.724033e-02 9.983975e-01 7.803388e+01 1.064579e-01 9.942516e-01 -1.142140e-02 -1.567051e+00 -9.928552e-01 1.056717e-01 -5.542597e-02 1.781372e+01
-5.357657e-02 1.826855e-02 9.983966e-01 7.980932e+01 1.059329e-01 9.942946e-01 -1.250886e-02 -1.592049e+00 -9.929289e-01 1.050928e-01 -5.520613e-02 1.766693e+01
-5.351229e-02 1.899698e-02 9.983865e-01 8.160139e+01 1.057922e-01 9.943000e-01 -1.324890e-02 -1.629324e+00 -9.929474e-01 1.049125e-01 -5.521700e-02 1.754939e+01
-5.474511e-02 1.967162e-02 9.983066e-01 8.340993e+01 1.049328e-01 9.943830e-01 -1.384000e-02 -1.665932e+00 -9.929713e-01 1.039974e-01 -5.650180e-02 1.746756e+01
-5.685926e-02 1.989475e-02 9.981840e-01 8.524124e+01 1.041348e-01 9.944662e-01 -1.388885e-02 -1.711470e+00 -9.929365e-01 1.031560e-01 -5.861635e-02 1.744214e+01
-5.859693e-02 1.882071e-02 9.981043e-01 8.708271e+01 1.034808e-01 9.945506e-01 -1.267853e-02 -1.762213e+00 -9.929039e-01 1.025417e-01 -6.022520e-02 1.737792e+01
-5.991024e-02 1.923078e-02 9.980185e-01 8.894264e+01 1.033433e-01 9.945613e-01 -1.296055e-02 -1.776681e+00 -9.928398e-01 1.023621e-01 -6.157178e-02 1.734301e+01
-6.002420e-02 1.801327e-02 9.980344e-01 9.081096e+01 1.017053e-01 9.947441e-01 -1.183708e-02 -1.826815e+00 -9.930021e-01 1.007948e-01 -6.154077e-02 1.724212e+01
-6.241899e-02 1.893231e-02 9.978705e-01 9.270044e+01 1.022490e-01 9.946806e-01 -1.247589e-02 -1.873896e+00 -9.927986e-01 1.012525e-01 -6.402277e-02 1.719221e+01
-6.440154e-02 2.023785e-02 9.977188e-01 9.459969e+01 1.018144e-01 9.947104e-01 -1.360483e-02 -1.899559e+00 -9.927166e-01 1.007060e-01 -6.612138e-02 1.706472e+01
-6.888117e-02 2.044036e-02 9.974154e-01 9.651091e+01 1.033041e-01 9.945616e-01 -1.324772e-02 -1.981531e+00 -9.922619e-01 1.021246e-01 -7.061813e-02 1.697444e+01
-7.376859e-02 1.962317e-02 9.970823e-01 9.843194e+01 1.011879e-01 9.947938e-01 -1.209181e-02 -2.016933e+00 -9.921286e-01 1.000006e-01 -7.537017e-02 1.684875e+01
-7.960132e-02 1.868361e-02 9.966517e-01 1.003583e+02 9.880027e-02 9.950491e-01 -1.076252e-02 -2.052049e+00 -9.919184e-01 9.761274e-02 -8.105316e-02 1.671892e+01
-8.610498e-02 1.937063e-02 9.960977e-01 1.023009e+02 9.539404e-02 9.953776e-01 -1.111055e-02 -2.059047e+00 -9.917086e-01 9.406511e-02 -8.755481e-02 1.662139e+01
-9.074138e-02 2.092646e-02 9.956546e-01 1.042449e+02 9.567747e-02 9.953376e-01 -1.220001e-02 -2.108261e+00 -9.912678e-01 9.415467e-02 -9.232050e-02 1.643408e+01
-9.688961e-02 2.236590e-02 9.950438e-01 1.062115e+02 9.666447e-02 9.952327e-01 -1.295771e-02 -2.169097e+00 -9.905899e-01 9.492992e-02 -9.858969e-02 1.639056e+01
-1.011770e-01 2.265502e-02 9.946105e-01 1.081749e+02 9.502113e-02 9.953903e-01 -1.300674e-02 -2.206215e+00 -9.903203e-01 9.319303e-02 -1.028633e-01 1.614281e+01
-1.064283e-01 2.149874e-02 9.940879e-01 1.101544e+02 9.393591e-02 9.955121e-01 -1.147264e-02 -2.281135e+00 -9.898733e-01 9.215954e-02 -1.079702e-01 1.595460e+01
-1.128731e-01 2.135471e-02 9.933799e-01 1.121484e+02 9.220053e-02 9.956805e-01 -1.092786e-02 -2.306353e+00 -9.893224e-01 9.035669e-02 -1.143545e-01 1.578654e+01
-1.183427e-01 2.092699e-02 9.927523e-01 1.141479e+02 9.167326e-02 9.957383e-01 -1.006187e-02 -2.342638e+00 -9.887320e-01 8.981809e-02 -1.197568e-01 1.559267e+01
-1.241384e-01 2.052402e-02 9.920526e-01 1.161562e+02 9.182015e-02 9.957339e-01 -9.110465e-03 -2.381310e+00 -9.880075e-01 8.995946e-02 -1.254933e-01 1.541915e+01
-1.300648e-01 2.224192e-02 9.912560e-01 1.181728e+02 9.220224e-02 9.956876e-01 -1.024331e-02 -2.407331e+00 -9.872092e-01 9.006373e-02 -1.315546e-01 1.522378e+01
-1.361532e-01 2.314426e-02 9.904174e-01 1.201999e+02 9.225480e-02 9.956792e-01 -1.058491e-02 -2.450238e+00 -9.863830e-01 8.992959e-02 -1.377000e-01 1.498521e+01
-1.418460e-01 2.300608e-02 9.896214e-01 1.222315e+02 9.194239e-02 9.957144e-01 -9.969296e-03 -2.477295e+00 -9.856096e-01 8.957405e-02 -1.433533e-01 1.471386e+01
-1.473888e-01 2.300996e-02 9.888109e-01 1.242650e+02 9.076100e-02 9.958260e-01 -9.644670e-03 -2.505312e+00 -9.849056e-01 8.832396e-02 -1.488621e-01 1.442281e+01
-1.526056e-01 2.437501e-02 9.879865e-01 1.263109e+02 9.107125e-02 9.957890e-01 -1.050054e-02 -2.534175e+00 -9.840821e-01 8.837472e-02 -1.541828e-01 1.411588e+01
-1.583108e-01 2.503433e-02 9.870719e-01 1.283549e+02 8.984057e-02 9.958971e-01 -1.084915e-02 -2.567875e+00 -9.832936e-01 8.696157e-02 -1.599103e-01 1.376085e+01
-1.629119e-01 2.401550e-02 9.863483e-01 1.304326e+02 9.114976e-02 9.957948e-01 -9.190602e-03 -2.613960e+00 -9.824212e-01 8.840815e-02 -1.644158e-01 1.354689e+01
-1.659630e-01 2.481640e-02 9.858197e-01 1.324860e+02 9.264270e-02 9.956544e-01 -9.467552e-03 -2.620536e+00 -9.817707e-01 8.975773e-02 -1.675408e-01 1.313664e+01
-1.696244e-01 2.560593e-02 9.851761e-01 1.345572e+02 9.354009e-02 9.955676e-01 -9.770585e-03 -2.644125e+00 -9.810595e-01 9.049613e-02 -1.712678e-01 1.275663e+01
-1.727907e-01 2.649718e-02 9.846021e-01 1.366440e+02 9.330651e-02 9.955829e-01 -1.041806e-02 -2.652659e+00 -9.805291e-01 9.006964e-02 -1.744998e-01 1.241975e+01
-1.760076e-01 2.633846e-02 9.840364e-01 1.387403e+02 9.216198e-02 9.956921e-01 -1.016607e-02 -2.694249e+00 -9.800650e-01 8.890144e-02 -1.776768e-01 1.204878e+01
-1.799734e-01 2.706174e-02 9.832992e-01 1.408352e+02 9.106886e-02 9.957867e-01 -1.073707e-02 -2.738314e+00 -9.794468e-01 8.761555e-02 -1.816796e-01 1.167938e+01
-1.518714e-01 2.528078e-02 9.880769e-01 1.420668e+02 8.964849e-02 9.959047e-01 -1.170172e-02 -2.765976e+00 -9.843263e-01 8.680244e-02 -1.535158e-01 9.926531e+00
-1.554872e-01 2.474079e-02 9.875280e-01 1.441775e+02 8.904553e-02 9.959676e-01 -1.093192e-02 -2.819793e+00 -9.838164e-01 8.623518e-02 -1.570633e-01 9.508239e+00
-1.592953e-01 2.483455e-02 9.869186e-01 1.463037e+02 8.867047e-02 9.960030e-01 -1.075114e-02 -2.855024e+00 -9.832408e-01 8.579793e-02 -1.608607e-01 9.158894e+00
-1.642278e-01 2.501571e-02 9.861052e-01 1.484477e+02 8.825049e-02 9.960422e-01 -1.057040e-02 -2.907217e+00 -9.824668e-01 8.528832e-02 -1.657854e-01 8.856629e+00
-1.694730e-01 2.459898e-02 9.852278e-01 1.506054e+02 8.751531e-02 9.961148e-01 -9.816944e-03 -2.966181e+00 -9.816415e-01 8.455880e-02 -1.709673e-01 8.529357e+00
-1.752773e-01 2.400117e-02 9.842265e-01 1.527692e+02 8.712576e-02 9.961587e-01 -8.776243e-03 -2.996399e+00 -9.806564e-01 8.421321e-02 -1.766951e-01 8.259481e+00
-1.806137e-01 2.314842e-02 9.832817e-01 1.549292e+02 8.636641e-02 9.962345e-01 -7.589177e-03 -3.041045e+00 -9.797548e-01 8.355179e-02 -1.819329e-01 7.877395e+00
-1.847239e-01 2.331253e-02 9.825139e-01 1.570878e+02 8.712274e-02 9.961712e-01 -7.256503e-03 -3.093961e+00 -9.789212e-01 8.425885e-02 -1.860477e-01 7.452921e+00
-1.886119e-01 2.459579e-02 9.817437e-01 1.592579e+02 8.713728e-02 9.961624e-01 -8.216276e-03 -3.123376e+00 -9.781782e-01 8.399679e-02 -1.900313e-01 7.059026e+00
-1.918515e-01 2.608304e-02 9.810773e-01 1.614476e+02 8.763690e-02 9.961086e-01 -9.345103e-03 -3.169097e+00 -9.775033e-01 8.418570e-02 -1.933908e-01 6.680993e+00
-1.959505e-01 2.702313e-02 9.802414e-01 1.636371e+02 8.890618e-02 9.959929e-01 -9.685003e-03 -3.225012e+00 -9.765752e-01 8.525174e-02 -1.975678e-01 6.273096e+00
-1.985321e-01 2.756163e-02 9.797068e-01 1.658185e+02 8.863708e-02 9.960132e-01 -1.005856e-02 -3.274271e+00 -9.760781e-01 8.484140e-02 -2.001836e-01 5.782376e+00
-2.030118e-01 2.794630e-02 9.787774e-01 1.680267e+02 8.997174e-02 9.958964e-01 -9.773718e-03 -3.323778e+00 -9.750340e-01 8.607813e-02 -2.046931e-01 5.377835e+00
-2.071522e-01 2.790471e-02 9.779107e-01 1.702327e+02 8.857730e-02 9.960225e-01 -9.658072e-03 -3.340918e+00 -9.742905e-01 8.462000e-02 -2.088000e-01 4.909265e+00
-2.110071e-01 2.879654e-02 9.770603e-01 1.724558e+02 9.025967e-02 9.958695e-01 -9.858306e-03 -3.360119e+00 -9.733084e-01 8.610897e-02 -2.127347e-01 4.487038e+00
-2.136958e-01 2.892998e-02 9.764718e-01 1.746682e+02 9.262532e-02 9.956583e-01 -9.227848e-03 -3.395363e+00 -9.724992e-01 8.847406e-02 -2.154476e-01 3.979830e+00
-2.168664e-01 2.851529e-02 9.757847e-01 1.768913e+02 9.188154e-02 9.957321e-01 -8.677704e-03 -3.389740e+00 -9.718677e-01 8.777470e-02 -2.185609e-01 3.469516e+00
-2.200128e-01 2.804687e-02 9.750937e-01 1.791254e+02 9.152013e-02 9.957712e-01 -7.991711e-03 -3.428976e+00 -9.711943e-01 8.748243e-02 -2.216492e-01 2.981459e+00
-2.222360e-01 2.861201e-02 9.745730e-01 1.813612e+02 9.087678e-02 9.958258e-01 -8.512946e-03 -3.471821e+00 -9.707485e-01 8.667418e-02 -2.239085e-01 2.468492e+00
-2.257272e-01 3.078392e-02 9.737041e-01 1.836199e+02 9.026055e-02 9.958622e-01 -1.055997e-02 -3.505692e+00 -9.700001e-01 8.550339e-02 -2.275718e-01 2.008305e+00
-2.287976e-01 3.296993e-02 9.729155e-01 1.858639e+02 8.811223e-02 9.960253e-01 -1.303198e-02 -3.503009e+00 -9.694782e-01 8.274407e-02 -2.307932e-01 1.439827e+00
-2.308121e-01 3.383119e-02 9.724100e-01 1.881126e+02 8.818682e-02 9.960095e-01 -1.372014e-02 -3.584546e+00 -9.689937e-01 8.258697e-02 -2.328745e-01 8.780850e-01
-2.336684e-01 3.509802e-02 9.716827e-01 1.903782e+02 8.654937e-02 9.961321e-01 -1.516792e-02 -3.633817e+00 -9.684566e-01 8.055426e-02 -2.358023e-01 3.595531e-01
-2.382408e-01 3.510076e-02 9.705716e-01 1.926763e+02 8.828775e-02 9.959917e-01 -1.434858e-02 -3.715959e+00 -9.671849e-01 8.227117e-02 -2.403848e-01 -8.770218e-02
-2.436695e-01 3.411987e-02 9.692580e-01 1.949582e+02 8.722778e-02 9.961018e-01 -1.313594e-02 -3.754701e+00 -9.659278e-01 8.134539e-02 -2.456958e-01 -6.448656e-01
-2.487607e-01 3.324121e-02 9.679944e-01 1.972402e+02 8.550597e-02 9.962625e-01 -1.223814e-02 -3.774932e+00 -9.647833e-01 7.972493e-02 -2.506733e-01 -1.216507e+00
-2.517855e-01 3.309087e-02 9.672172e-01 1.995271e+02 8.605168e-02 9.962222e-01 -1.168227e-02 -3.833655e+00 -9.639498e-01 8.028924e-02 -2.536818e-01 -1.826143e+00
-2.564271e-01 3.333945e-02 9.659884e-01 2.018013e+02 8.421139e-02 9.963752e-01 -1.203381e-02 -3.857743e+00 -9.628881e-01 7.826143e-02 -2.583052e-01 -2.422666e+00
-2.599846e-01 3.397072e-02 9.650150e-01 2.040944e+02 8.342884e-02 9.964341e-01 -1.260019e-02 -3.911546e+00 -9.620019e-01 7.723423e-02 -2.618916e-01 -3.059561e+00
-2.636774e-01 3.464249e-02 9.639887e-01 2.063866e+02 8.405972e-02 9.963783e-01 -1.281382e-02 -3.980293e+00 -9.609413e-01 7.765390e-02 -2.656345e-01 -3.632882e+00
-2.669648e-01 3.495208e-02 9.630723e-01 2.086746e+02 8.405535e-02 9.963781e-01 -1.286058e-02 -4.010179e+00 -9.600336e-01 7.751805e-02 -2.689357e-01 -4.282216e+00
-2.691855e-01 3.481866e-02 9.624587e-01 2.109557e+02 8.464374e-02 9.963345e-01 -1.237057e-02 -4.039705e+00 -9.593616e-01 7.813613e-02 -2.711460e-01 -4.972292e+00
-2.711403e-01 3.420831e-02 9.619318e-01 2.132460e+02 8.620285e-02 9.962154e-01 -1.112946e-02 -4.095409e+00 -9.586720e-01 7.990362e-02 -2.730630e-01 -5.640379e+00
-2.745681e-01 3.467144e-02 9.609424e-01 2.155439e+02 8.668565e-02 9.961730e-01 -1.117407e-02 -4.144020e+00 -9.576523e-01 8.023187e-02 -2.765229e-01 -6.271006e+00
-2.771252e-01 3.518792e-02 9.601893e-01 2.178276e+02 8.630253e-02 9.962014e-01 -1.159943e-02 -4.203384e+00 -9.569501e-01 7.965227e-02 -2.791093e-01 -6.985024e+00
-2.794834e-01 3.539125e-02 9.594981e-01 2.201362e+02 8.605264e-02 9.962221e-01 -1.168035e-02 -4.268041e+00 -9.562866e-01 7.930288e-02 -2.814730e-01 -7.670438e+00
-2.804257e-01 3.625776e-02 9.591907e-01 2.223916e+02 8.646530e-02 9.961780e-01 -1.237719e-02 -4.336948e+00 -9.559734e-01 7.946583e-02 -2.824890e-01 -8.445467e+00
-2.823198e-01 3.757354e-02 9.585842e-01 2.246735e+02 8.650930e-02 9.961586e-01 -1.356784e-02 -4.381423e+00 -9.554118e-01 7.909598e-02 -2.844858e-01 -9.183127e+00
-2.849671e-01 3.773279e-02 9.577943e-01 2.269767e+02 8.419258e-02 9.963483e-01 -1.420230e-02 -4.438324e+00 -9.548326e-01 7.659198e-02 -2.871033e-01 -9.865726e+00
-2.884630e-01 3.855392e-02 9.567145e-01 2.292787e+02 8.464218e-02 9.963040e-01 -1.462850e-02 -4.495124e+00 -9.537425e-01 7.675862e-02 -2.906601e-01 -1.054741e+01
-2.917033e-01 3.784537e-02 9.557599e-01 2.315975e+02 8.628642e-02 9.961841e-01 -1.311095e-02 -4.561501e+00 -9.526090e-01 7.864459e-02 -2.938557e-01 -1.118845e+01
-2.930079e-01 3.688354e-02 9.553983e-01 2.338581e+02 8.664374e-02 9.961685e-01 -1.188501e-02 -4.599856e+00 -9.521761e-01 7.929688e-02 -2.950809e-01 -1.200718e+01
-2.969241e-01 3.684554e-02 9.541900e-01 2.361852e+02 8.613808e-02 9.962149e-01 -1.166392e-02 -4.645554e+00 -9.510081e-01 7.872879e-02 -2.989740e-01 -1.260843e+01
-3.002813e-01 3.781923e-02 9.531007e-01 2.385098e+02 8.464928e-02 9.963278e-01 -1.286512e-02 -4.638046e+00 -9.500872e-01 7.681613e-02 -3.023799e-01 -1.324796e+01
-3.047884e-01 3.843769e-02 9.516441e-01 2.408466e+02 8.439158e-02 9.963450e-01 -1.321463e-02 -4.669198e+00 -9.486739e-01 7.628308e-02 -3.069182e-01 -1.382703e+01
-3.076622e-01 3.875589e-02 9.507060e-01 2.431168e+02 8.331162e-02 9.964299e-01 -1.365900e-02 -4.644044e+00 -9.478413e-01 7.500250e-02 -3.097926e-01 -1.463220e+01
-3.095577e-01 3.937099e-02 9.500652e-01 2.453333e+02 8.232319e-02 9.965006e-01 -1.447210e-02 -4.645928e+00 -9.473104e-01 7.373245e-02 -3.117156e-01 -1.556855e+01
-3.140076e-01 3.963696e-02 9.485927e-01 2.476248e+02 8.181946e-02 9.965409e-01 -1.455621e-02 -4.667970e+00 -9.458884e-01 7.304258e-02 -3.161645e-01 -1.629352e+01
-3.206515e-01 4.018643e-02 9.463444e-01 2.499845e+02 8.201150e-02 9.965255e-01 -1.452927e-02 -4.710378e+00 -9.436401e-01 7.295229e-02 -3.228331e-01 -1.675246e+01
-3.234448e-01 4.090029e-02 9.453627e-01 2.522342e+02 8.089823e-02 9.966028e-01 -1.543876e-02 -4.715553e+00 -9.427825e-01 7.148459e-02 -3.256548e-01 -1.759404e+01
-3.254795e-01 4.175683e-02 9.446266e-01 2.544293e+02 8.023837e-02 9.966406e-01 -1.640924e-02 -4.749286e+00 -9.421385e-01 7.045443e-02 -3.277366e-01 -1.857833e+01
-3.275328e-01 4.269293e-02 9.438748e-01 2.566443e+02 8.030251e-02 9.966219e-01 -1.721309e-02 -4.756889e+00 -9.414212e-01 7.015766e-02 -3.298547e-01 -1.949667e+01
-3.309337e-01 4.314396e-02 9.426672e-01 2.589021e+02 7.952036e-02 9.966761e-01 -1.769934e-02 -4.793429e+00 -9.402975e-01 6.910393e-02 -3.332645e-01 -2.033029e+01
-3.334968e-01 4.425932e-02 9.417117e-01 2.611590e+02 7.881932e-02 9.967091e-01 -1.893115e-02 -4.835256e+00 -9.394506e-01 6.791160e-02 -3.358878e-01 -2.117950e+01
-3.372779e-01 4.431220e-02 9.403616e-01 2.634312e+02 7.941269e-02 9.966705e-01 -1.848279e-02 -4.913708e+00 -9.380497e-01 6.844281e-02 -3.396739e-01 -2.198768e+01
-3.417831e-01 4.533870e-02 9.386846e-01 2.657343e+02 7.985172e-02 9.966245e-01 -1.906252e-02 -4.940546e+00 -9.363803e-01 6.844033e-02 -3.442498e-01 -2.272263e+01
-3.441840e-01 4.687511e-02 9.377314e-01 2.679542e+02 8.064519e-02 9.965379e-01 -2.021478e-02 -4.964322e+00 -9.354324e-01 6.866592e-02 -3.467726e-01 -2.367302e+01
-3.491340e-01 4.946225e-02 9.357665e-01 2.702678e+02 8.327008e-02 9.962930e-01 -2.159351e-02 -5.018005e+00 -9.333657e-01 7.038233e-02 -3.519585e-01 -2.444019e+01
-3.509748e-01 5.088370e-02 9.350014e-01 2.725052e+02 8.461474e-02 9.961608e-01 -2.244992e-02 -5.021309e+00 -9.325541e-01 7.123554e-02 -3.539328e-01 -2.535132e+01
-3.552150e-01 5.269112e-02 9.332984e-01 2.748047e+02 8.575810e-02 9.960366e-01 -2.359343e-02 -5.100256e+00 -9.308425e-01 7.165716e-02 -3.583259e-01 -2.615896e+01
-3.582014e-01 5.559560e-02 9.319876e-01 2.770976e+02 8.762030e-02 9.958217e-01 -2.572737e-02 -5.151238e+00 -9.295238e-01 7.244545e-02 -3.615760e-01 -2.702907e+01
-3.601801e-01 5.635108e-02 9.311793e-01 2.793491e+02 8.802818e-02 9.957731e-01 -2.621073e-02 -5.186779e+00 -9.287203e-01 7.252943e-02 -3.636182e-01 -2.800553e+01
-3.636254e-01 5.753803e-02 9.297666e-01 2.816460e+02 8.743912e-02 9.957922e-01 -2.742713e-02 -5.224260e+00 -9.274324e-01 7.132477e-02 -3.671265e-01 -2.893005e+01
-3.663588e-01 5.836080e-02 9.286416e-01 2.839285e+02 8.603327e-02 9.958804e-01 -2.864542e-02 -5.240674e+00 -9.264877e-01 6.939957e-02 -3.698705e-01 -2.989983e+01
-3.685128e-01 5.928369e-02 9.277304e-01 2.862169e+02 8.649430e-02 9.958221e-01 -2.927763e-02 -5.324587e+00 -9.255901e-01 6.945422e-02 -3.721008e-01 -3.091787e+01
-3.723124e-01 5.993805e-02 9.261700e-01 2.885421e+02 8.585937e-02 9.958575e-01 -2.993322e-02 -5.396671e+00 -9.241275e-01 6.837586e-02 -3.759163e-01 -3.180610e+01
-3.756080e-01 6.060479e-02 9.247949e-01 2.908822e+02 8.426659e-02 9.959596e-01 -3.104333e-02 -5.446961e+00 -9.229397e-01 6.626919e-02 -3.791974e-01 -3.271218e+01
-3.778971e-01 6.111781e-02 9.238281e-01 2.931970e+02 8.430287e-02 9.959452e-01 -3.140431e-02 -5.494828e+00 -9.220015e-01 6.601376e-02 -3.815172e-01 -3.373473e+01
-3.807071e-01 6.077534e-02 9.226963e-01 2.955443e+02 8.433073e-02 9.959615e-01 -3.080601e-02 -5.552913e+00 -9.208422e-01 6.608359e-02 -3.842948e-01 -3.469721e+01
-3.819285e-01 6.139032e-02 9.221507e-01 2.978786e+02 8.473311e-02 9.959149e-01 -3.120698e-02 -5.614004e+00 -9.202994e-01 6.621785e-02 -3.855701e-01 -3.572920e+01
-3.825525e-01 6.093582e-02 9.219221e-01 3.001999e+02 8.400815e-02 9.959836e-01 -3.097176e-02 -5.698847e+00 -9.201066e-01 6.560064e-02 -3.861352e-01 -3.679962e+01
-3.839298e-01 6.033666e-02 9.213888e-01 3.025413e+02 8.180385e-02 9.961616e-01 -3.114660e-02 -5.748707e+00 -9.197315e-01 6.341505e-02 -3.873920e-01 -3.787546e+01
-3.899225e-01 5.964967e-02 9.189137e-01 3.049628e+02 8.089192e-02 9.962608e-01 -3.034567e-02 -5.808250e+00 -9.172878e-01 6.250023e-02 -3.932897e-01 -3.875038e+01
-3.911092e-01 5.907763e-02 9.184462e-01 3.073252e+02 8.018837e-02 9.963300e-01 -2.994014e-02 -5.882489e+00 -9.168443e-01 6.193884e-02 -3.944111e-01 -3.981735e+01
-3.922295e-01 5.976677e-02 9.179237e-01 3.096577e+02 7.721769e-02 9.965042e-01 -3.188803e-02 -5.928703e+00 -9.166207e-01 5.837252e-02 -3.954734e-01 -4.096794e+01
-3.949272e-01 6.301168e-02 9.165490e-01 3.120488e+02 7.546658e-02 9.964986e-01 -3.599071e-02 -5.980784e+00 -9.156076e-01 5.495511e-02 -3.982996e-01 -4.202456e+01
-3.964409e-01 6.260583e-02 9.159231e-01 3.144376e+02 7.405150e-02 9.966019e-01 -3.606859e-02 -6.076110e+00 -9.150688e-01 5.352641e-02 -3.997298e-01 -4.311739e+01
-4.006349e-01 6.143817e-02 9.141756e-01 3.168415e+02 7.062029e-02 9.968518e-01 -3.604536e-02 -6.137294e+00 -9.135121e-01 5.011832e-02 -4.037124e-01 -4.420769e+01
-4.065773e-01 5.902422e-02 9.117078e-01 3.192451e+02 6.532416e-02 9.972349e-01 -3.542987e-02 -6.179371e+00 -9.112781e-01 4.515157e-02 -4.093087e-01 -4.532510e+01
-4.113819e-01 5.665942e-02 9.097003e-01 3.216455e+02 6.189544e-02 9.974987e-01 -3.413765e-02 -6.269248e+00 -9.093591e-01 4.226269e-02 -4.138598e-01 -4.646335e+01
-4.188749e-01 5.641247e-02 9.062899e-01 3.241284e+02 6.216267e-02 9.975084e-01 -3.335966e-02 -6.374823e+00 -9.059137e-01 4.236387e-02 -4.213380e-01 -4.742501e+01
-4.219034e-01 5.741606e-02 9.048209e-01 3.265241e+02 6.414603e-02 9.973821e-01 -3.337934e-02 -6.479040e+00 -9.043687e-01 4.395781e-02 -4.244819e-01 -4.861936e+01
-4.264011e-01 5.777428e-02 9.026872e-01 3.289644e+02 6.411268e-02 9.973785e-01 -3.354995e-02 -6.567694e+00 -9.022592e-01 4.356797e-02 -4.289873e-01 -4.975360e+01
-4.323155e-01 5.606052e-02 8.999781e-01 3.314341e+02 6.085150e-02 9.976041e-01 -3.291098e-02 -6.624404e+00 -8.996668e-01 4.053709e-02 -4.346911e-01 -5.081823e+01
-4.367433e-01 5.484975e-02 8.979125e-01 3.338559e+02 6.059337e-02 9.976663e-01 -3.147077e-02 -6.724524e+00 -8.975432e-01 4.066290e-02 -4.390476e-01 -5.199288e+01
-4.389063e-01 5.273863e-02 8.969838e-01 3.362205e+02 5.756130e-02 9.978758e-01 -3.050511e-02 -6.821465e+00 -8.966872e-01 3.824267e-02 -4.410096e-01 -5.327593e+01
-4.407960e-01 5.323985e-02 8.960270e-01 3.386113e+02 5.750116e-02 9.978639e-01 -3.100336e-02 -6.929473e+00 -8.957637e-01 3.785644e-02 -4.429157e-01 -5.452375e+01
-4.466873e-01 5.225089e-02 8.931631e-01 3.410628e+02 5.578814e-02 9.979772e-01 -3.048195e-02 -7.010317e+00 -8.929491e-01 3.621201e-02 -4.486987e-01 -5.565691e+01
-4.512762e-01 5.206431e-02 8.908642e-01 3.434751e+02 5.710396e-02 9.979354e-01 -2.939523e-02 -7.130755e+00 -8.905554e-01 3.760650e-02 -4.533176e-01 -5.686938e+01
-4.542513e-01 5.218921e-02 8.893436e-01 3.458599e+02 5.956527e-02 9.978279e-01 -2.813115e-02 -7.263616e+00 -8.888800e-01 4.019539e-02 -4.563733e-01 -5.813938e+01
-4.580348e-01 5.123573e-02 8.874565e-01 3.482735e+02 5.920074e-02 9.978794e-01 -2.705606e-02 -7.390828e+00 -8.869607e-01 4.014546e-02 -4.600967e-01 -5.935307e+01
-4.603137e-01 4.993469e-02 8.863508e-01 3.506618e+02 6.056608e-02 9.978570e-01 -2.476252e-02 -7.542291e+00 -8.856879e-01 4.228426e-02 -4.623516e-01 -6.063712e+01
-4.626942e-01 4.943909e-02 8.851383e-01 3.530626e+02 6.065945e-02 9.978693e-01 -2.402672e-02 -7.617227e+00 -8.844402e-01 4.257498e-02 -4.647073e-01 -6.190286e+01
-4.643426e-01 4.944757e-02 8.842742e-01 3.554624e+02 5.931512e-02 9.979348e-01 -2.465627e-02 -7.705809e+00 -8.836672e-01 4.100187e-02 -4.663166e-01 -6.317161e+01
-4.662851e-01 4.959520e-02 8.832432e-01 3.578608e+02 5.630693e-02 9.980666e-01 -2.631691e-02 -7.794824e+00 -8.828407e-01 3.746153e-02 -4.681761e-01 -6.445159e+01
-4.704838e-01 4.994140e-02 8.809942e-01 3.602869e+02 5.414171e-02 9.981498e-01 -2.766897e-02 -7.893072e+00 -8.807461e-01 3.468073e-02 -4.723172e-01 -6.566747e+01
-4.726979e-01 4.738510e-02 8.799496e-01 3.626919e+02 5.181178e-02 9.983203e-01 -2.592670e-02 -7.992745e+00 -8.797001e-01 3.333626e-02 -4.743590e-01 -6.695322e+01
-4.777306e-01 4.689230e-02 8.772540e-01 3.651328e+02 5.398112e-02 9.982544e-01 -2.396343e-02 -8.107380e+00 -8.768463e-01 3.590709e-02 -4.794280e-01 -6.814734e+01
-4.796691e-01 4.773205e-02 8.761502e-01 3.675387e+02 5.364687e-02 9.982466e-01 -2.501354e-02 -8.183894e+00 -8.758080e-01 3.500450e-02 -4.813887e-01 -6.941344e+01
-4.837519e-01 4.691686e-02 8.739467e-01 3.699659e+02 5.229631e-02 9.983274e-01 -2.464675e-02 -8.283443e+00 -8.736413e-01 3.378128e-02 -4.853964e-01 -7.066206e+01
-4.877763e-01 4.278769e-02 8.719195e-01 3.723592e+02 4.994145e-02 9.985300e-01 -2.106219e-02 -8.381621e+00 -8.715390e-01 3.327128e-02 -4.891961e-01 -7.195273e+01
-4.895251e-01 4.109147e-02 8.710205e-01 3.747156e+02 4.823740e-02 9.986356e-01 -2.000181e-02 -8.456370e+00 -8.706540e-01 3.222438e-02 -4.908394e-01 -7.331252e+01
-4.914482e-01 4.074949e-02 8.699530e-01 3.770494e+02 4.714133e-02 9.986850e-01 -2.014866e-02 -8.543100e+00 -8.696300e-01 3.110872e-02 -4.927229e-01 -7.470568e+01
-4.947967e-01 4.149579e-02 8.680175e-01 3.794400e+02 4.782219e-02 9.986459e-01 -2.048039e-02 -8.614346e+00 -8.676919e-01 3.137687e-02 -4.961111e-01 -7.600311e+01
-4.961243e-01 4.108313e-02 8.672790e-01 3.817957e+02 4.813519e-02 9.986452e-01 -1.977038e-02 -8.695981e+00 -8.669162e-01 3.193808e-02 -4.974296e-01 -7.734673e+01
-4.971543e-01 3.940404e-02 8.667669e-01 3.840542e+02 4.632076e-02 9.987490e-01 -1.883572e-02 -8.767708e+00 -8.664248e-01 3.078504e-02 -4.983576e-01 -7.885673e+01
-4.990992e-01 3.858619e-02 8.656853e-01 3.864219e+02 4.342790e-02 9.988665e-01 -1.948470e-02 -8.841097e+00 -8.654559e-01 2.787010e-02 -5.002092e-01 -8.019423e+01
-4.994053e-01 3.689683e-02 8.655824e-01 3.887081e+02 3.329938e-02 9.991719e-01 -2.337893e-02 -8.913369e+00 -8.657283e-01 1.714779e-02 -5.002205e-01 -8.161283e+01
-5.049939e-01 4.026701e-02 8.621831e-01 3.910569e+02 2.486040e-02 9.991753e-01 -3.210391e-02 -9.043526e+00 -8.627648e-01 5.221938e-03 -5.055785e-01 -8.294905e+01
-5.326073e-01 4.251796e-02 8.452938e-01 3.936449e+02 3.014420e-02 9.990567e-01 -3.125875e-02 -9.477114e+00 -8.458255e-01 8.832068e-03 -5.333866e-01 -8.228116e+01
-5.150782e-01 4.465498e-02 8.559792e-01 3.937903e+02 3.482119e-02 9.989077e-01 -3.115797e-02 -9.132594e+00 -8.564356e-01 1.375742e-02 -5.160706e-01 -8.497037e+01
-5.215489e-01 3.436918e-02 8.525289e-01 3.961897e+02 3.353818e-02 9.992420e-01 -1.976628e-02 -9.230435e+00 -8.525620e-01 1.828319e-02 -5.223063e-01 -8.623747e+01
-5.243208e-01 2.440154e-02 8.511711e-01 3.984934e+02 2.848409e-02 9.995325e-01 -1.110862e-02 -9.290963e+00 -8.510443e-01 1.842035e-02 -5.247707e-01 -8.766154e+01
-5.249874e-01 1.867606e-02 8.509051e-01 4.007490e+02 2.312459e-02 9.997031e-01 -7.674646e-03 -9.335590e+00 -8.507958e-01 1.564774e-02 -5.252634e-01 -8.914455e+01
-5.290180e-01 1.878629e-02 8.484026e-01 4.030222e+02 2.366387e-02 9.996927e-01 -7.380815e-03 -9.409070e+00 -8.482806e-01 1.617190e-02 -5.293000e-01 -9.058638e+01
-5.316180e-01 2.355741e-02 8.466566e-01 4.052273e+02 2.925676e-02 9.995273e-01 -9.440495e-03 -9.474861e+00 -8.464788e-01 1.975169e-02 -5.320560e-01 -9.213407e+01
-5.316180e-01 2.355741e-02 8.466566e-01 4.052273e+02 2.925676e-02 9.995273e-01 -9.440495e-03 -9.474861e+00 -8.464788e-01 1.975169e-02 -5.320560e-01 -9.213407e+01
-5.405008e-01 3.232699e-02 8.407222e-01 4.075715e+02 3.468410e-02 9.992682e-01 -1.612489e-02 -9.522839e+00 -8.406283e-01 2.044417e-02 -5.412265e-01 -9.346659e+01
-5.442648e-01 3.284139e-02 8.382704e-01 4.098706e+02 3.498142e-02 9.992528e-01 -1.643586e-02 -9.543546e+00 -8.381838e-01 2.037843e-02 -5.450070e-01 -9.487638e+01
-5.442648e-01 3.284139e-02 8.382704e-01 4.098706e+02 3.498142e-02 9.992528e-01 -1.643586e-02 -9.543546e+00 -8.381838e-01 2.037843e-02 -5.450070e-01 -9.487638e+01
-5.797988e-01 2.491413e-02 8.143787e-01 4.123070e+02 3.240090e-02 9.994468e-01 -7.507984e-03 -9.928808e+00 -8.141152e-01 2.203348e-02 -5.802853e-01 -9.379306e+01
-5.825684e-01 2.389608e-02 8.124304e-01 4.145394e+02 3.099626e-02 9.994938e-01 -7.171743e-03 -1.000518e+01 -8.121905e-01 2.100428e-02 -5.830141e-01 -9.528326e+01
-5.873292e-01 2.409847e-02 8.089893e-01 4.169685e+02 3.043191e-02 9.995073e-01 -7.680005e-03 -9.976659e+00 -8.087758e-01 2.010840e-02 -5.877733e-01 -9.645946e+01
-5.904009e-01 2.392716e-02 8.067554e-01 4.190114e+02 2.936620e-02 9.995355e-01 -8.153905e-03 -9.971445e+00 -8.065757e-01 1.887727e-02 -5.908293e-01 -9.821124e+01
-5.930500e-01 2.275733e-02 8.048440e-01 4.211822e+02 2.993827e-02 9.995325e-01 -6.202190e-03 -1.001871e+01 -8.046089e-01 2.041743e-02 -5.934540e-01 -9.980638e+01
-5.965133e-01 2.152005e-02 8.023146e-01 4.234098e+02 3.122164e-02 9.995060e-01 -3.596213e-03 -1.008638e+01 -8.019957e-01 2.290438e-02 -5.968906e-01 -1.013210e+02
-5.965133e-01 2.152005e-02 8.023146e-01 4.234098e+02 3.122164e-02 9.995060e-01 -3.596213e-03 -1.008638e+01 -8.019957e-01 2.290438e-02 -5.968906e-01 -1.013210e+02
-5.823088e-01 2.595974e-02 8.125531e-01 4.228213e+02 3.396837e-02 9.993941e-01 -7.585882e-03 -9.608532e+00 -8.122577e-01 2.318378e-02 -5.828378e-01 -1.038961e+02
-5.935249e-01 2.661578e-02 8.043754e-01 4.244777e+02 2.964395e-02 9.994978e-01 -1.119873e-02 -9.655182e+00 -8.042695e-01 1.719814e-02 -5.940158e-01 -1.017670e+02
-5.977203e-01 2.610886e-02 8.012795e-01 4.266545e+02 2.610838e-02 9.995734e-01 -1.309433e-02 -9.706385e+00 -8.012795e-01 1.309336e-02 -5.981469e-01 -1.033406e+02
-5.987982e-01 2.519947e-02 8.005034e-01 4.288243e+02 2.544844e-02 9.995988e-01 -1.243078e-02 -9.783618e+00 -8.004956e-01 1.292803e-02 -5.991992e-01 -1.049177e+02
-5.993500e-01 2.424357e-02 8.001199e-01 4.309890e+02 2.322512e-02 9.996471e-01 -1.289187e-02 -9.841773e+00 -8.001501e-01 1.085614e-02 -5.997016e-01 -1.065027e+02
-6.007470e-01 2.337831e-02 7.990973e-01 4.331464e+02 2.048661e-02 9.996943e-01 -1.384549e-02 -9.930049e+00 -7.991767e-01 8.053162e-03 -6.010423e-01 -1.080975e+02
-6.016587e-01 2.328318e-02 7.984138e-01 4.353005e+02 2.030957e-02 9.996978e-01 -1.384835e-02 -1.000981e+01 -7.984950e-01 7.883464e-03 -6.019498e-01 -1.097029e+02
-6.017257e-01 2.231688e-02 7.983910e-01 4.374244e+02 2.159580e-02 9.996987e-01 -1.166773e-02 -1.007621e+01 -7.984108e-01 1.022112e-02 -6.020263e-01 -1.113374e+02
-6.018762e-01 2.072182e-02 7.983205e-01 4.396559e+02 2.384403e-02 9.996839e-01 -7.971874e-03 -1.012415e+01 -7.982333e-01 1.423710e-02 -6.021801e-01 -1.128273e+02
-6.022442e-01 1.914428e-02 7.980824e-01 4.418217e+02 2.828184e-02 9.995965e-01 -2.636301e-03 -1.016647e+01 -7.978108e-01 2.098354e-02 -6.025426e-01 -1.143959e+02
-6.003983e-01 1.807882e-02 7.994967e-01 4.438999e+02 3.192145e-02 9.994894e-01 1.370855e-03 -1.019099e+01 -7.990638e-01 2.634415e-02 -6.006689e-01 -1.160880e+02
-5.958944e-01 1.598567e-02 8.029037e-01 4.458976e+02 2.627290e-02 9.996547e-01 -4.038796e-04 -1.022744e+01 -8.026329e-01 2.085394e-02 -5.961087e-01 -1.178622e+02
-5.945278e-01 1.605395e-02 8.039148e-01 4.480567e+02 1.900228e-02 9.998020e-01 -5.912798e-03 -1.025308e+01 -8.038505e-01 1.176089e-02 -5.947151e-01 -1.194404e+02
