1.000000e+00 0.000000e+00 0.000000e+00 0.000000e+00 0.000000e+00 1.000000e+00 0.000000e+00 0.000000e+00 0.000000e+00 0.000000e+00 1.000000e+00 0.000000e+00
9.999893e-01 -3.168792e-03 -3.365335e-03 2.431885e-03 3.162143e-03 9.999930e-01 -1.979201e-03 -6.578375e-03 3.371584e-03 1.968538e-03 9.999924e-01 8.592987e-01
9.999689e-01 -2.695787e-03 -7.416417e-03 -2.568410e-02 2.671202e-03 9.999909e-01 -3.322886e-03 -1.746931e-02 7.425308e-03 3.302972e-03 9.999670e-01 1.719208e+00
9.999393e-01 -3.036585e-03 -1.059385e-02 -6.217849e-02 2.984774e-03 9.999835e-01 -4.903035e-03 -1.762520e-02 1.060856e-02 4.871117e-03 9.999319e-01 2.577863e+00
9.998800e-01 -1.995994e-03 -1.536010e-02 -9.060961e-02 1.916679e-03 9.999848e-01 -5.176677e-03 -3.946839e-02 1.537020e-02 5.146616e-03 9.998686e-01 3.437551e+00
9.998081e-01 -2.833224e-03 -1.938488e-02 -1.187555e-01 2.731146e-03 9.999823e-01 -5.290274e-03 -5.288352e-02 1.939953e-02 5.236316e-03 9.997981e-01 4.296383e+00
9.997206e-01 -9.887207e-04 -2.361570e-02 -1.504572e-01 8.309425e-04 9.999773e-01 -6.689949e-03 -5.868898e-02 2.362178e-02 6.668457e-03 9.996987e-01 5.156318e+00
9.996036e-01 2.022792e-03 -2.808176e-02 -1.857854e-01 -2.223190e-03 9.999723e-01 -7.106866e-03 -7.591570e-02 2.806660e-02 7.166480e-03 9.995804e-01 6.014864e+00
9.994706e-01 2.359972e-03 -3.244884e-02 -2.185095e-01 -2.539837e-03 9.999816e-01 -5.502941e-03 -8.409265e-02 3.243525e-02 5.582442e-03 9.994582e-01 6.874509e+00
9.993147e-01 1.046061e-03 -3.700100e-02 -2.634528e-01 -1.147946e-03 9.999956e-01 -2.732434e-03 -9.774369e-02 3.699798e-02 2.773036e-03 9.993115e-01 7.733824e+00
9.991242e-01 3.922010e-04 -4.184054e-02 -2.687854e-01 -4.134468e-04 9.999998e-01 -4.991272e-04 -9.162779e-02 4.184034e-02 5.159889e-04 9.991242e-01 8.592920e+00
9.989870e-01 2.160168e-03 -4.494819e-02 -3.052170e-01 -2.216146e-03 9.999968e-01 -1.195583e-03 -9.714174e-02 4.494546e-02 1.293984e-03 9.989886e-01 9.452563e+00
9.988928e-01 1.533189e-03 -4.701964e-02 -3.508885e-01 -1.591299e-03 9.999980e-01 -1.198466e-03 -1.051582e-01 4.701771e-02 1.271961e-03 9.988932e-01 1.031167e+01
9.988132e-01 -1.105777e-03 -4.869292e-02 -3.964947e-01 1.020107e-03 9.999979e-01 -1.784201e-03 -1.170551e-01 4.869479e-02 1.732411e-03 9.988122e-01 1.116997e+01
9.986707e-01 -1.551219e-03 -5.152075e-02 -4.325876e-01 1.484486e-03 9.999980e-01 -1.333490e-03 -1.127033e-01 5.152271e-02 1.255236e-03 9.986710e-01 1.202507e+01
9.985901e-01 -2.496339e-03 -5.302493e-02 -4.759804e-01 2.413744e-03 9.999958e-01 -1.621644e-03 -1.221405e-01 5.302875e-02 1.491369e-03 9.985919e-01 1.288759e+01
9.984926e-01 -8.472037e-04 -5.488084e-02 -5.353800e-01 6.339184e-04 9.999922e-01 -3.903626e-03 -1.326072e-01 5.488372e-02 3.862952e-03 9.984853e-01 1.375623e+01
9.984493e-01 -7.163280e-04 -5.566352e-02 -6.020517e-01 3.519319e-04 9.999784e-01 -6.555934e-03 -1.393625e-01 5.566702e-02 6.526178e-03 9.984281e-01 1.463529e+01
9.983643e-01 3.694519e-03 -5.705400e-02 -6.709552e-01 -4.176880e-03 9.999565e-01 -8.337528e-03 -1.555019e-01 5.702071e-02 8.562198e-03 9.983363e-01 1.552440e+01
9.983774e-01 4.252414e-03 -5.678531e-02 -7.455787e-01 -4.729398e-03 9.999546e-01 -8.268022e-03 -1.574055e-01 5.674757e-02 8.523166e-03 9.983522e-01 1.642303e+01
9.982697e-01 4.036871e-03 -5.866295e-02 -7.954926e-01 -4.483581e-03 9.999619e-01 -7.485244e-03 -1.689760e-01 5.863050e-02 7.735312e-03 9.982498e-01 1.732774e+01
9.981289e-01 3.639378e-03 -6.103592e-02 -8.400548e-01 -3.989262e-03 9.999763e-01 -5.611544e-03 -1.880240e-01 6.101405e-02 5.844533e-03 9.981198e-01 1.823950e+01
9.980906e-01 3.767869e-03 -6.165144e-02 -9.143838e-01 -4.113481e-03 9.999765e-01 -5.479943e-03 -2.043649e-01 6.162934e-02 5.723082e-03 9.980827e-01 1.915143e+01
9.979901e-01 3.372538e-03 -6.327956e-02 -9.703730e-01 -3.799830e-03 9.999708e-01 -6.633311e-03 -2.119491e-01 6.325534e-02 6.860431e-03 9.979738e-01 2.006820e+01
9.978282e-01 1.558119e-03 -6.585125e-02 -1.008365e+00 -2.058088e-03 9.999696e-01 -7.525239e-03 -2.300045e-01 6.583752e-02 7.644424e-03 9.978011e-01 2.099594e+01
9.978037e-01 1.903537e-03 -6.621272e-02 -1.075575e+00 -2.298205e-03 9.999800e-01 -5.884943e-03 -2.451374e-01 6.620020e-02 6.024188e-03 9.977882e-01 2.192955e+01
9.978041e-01 3.580479e-03 -6.613754e-02 -1.147375e+00 -3.772483e-03 9.999890e-01 -2.778445e-03 -2.543623e-01 6.612686e-02 3.021846e-03 9.978066e-01 2.286408e+01
9.978731e-01 4.517590e-03 -6.502926e-02 -1.219521e+00 -4.489530e-03 9.999898e-01 5.776215e-04 -2.581520e-01 6.503121e-02 -2.844421e-04 9.978832e-01 2.380532e+01
9.979760e-01 3.335727e-03 -6.350436e-02 -1.292892e+00 -3.135163e-03 9.999898e-01 3.257666e-03 -2.633358e-01 6.351458e-02 -3.051976e-03 9.979762e-01 2.474934e+01
9.980463e-01 3.584090e-03 -6.237617e-02 -1.359708e+00 -3.353502e-03 9.999872e-01 3.801040e-03 -2.738573e-01 6.238899e-02 -3.584435e-03 9.980455e-01 2.569636e+01
9.980980e-01 5.634582e-03 -6.138919e-02 -1.409795e+00 -5.595209e-03 9.999840e-01 8.132604e-04 -2.980640e-01 6.139279e-02 -4.682282e-04 9.981136e-01 2.664804e+01
9.981312e-01 7.203528e-03 -6.068199e-02 -1.479759e+00 -7.467723e-03 9.999636e-01 -4.128112e-03 -3.094435e-01 6.065004e-02 4.573554e-03 9.981486e-01 2.760545e+01
9.982478e-01 7.088492e-03 -5.874581e-02 -1.545779e+00 -7.507070e-03 9.999480e-01 -6.907610e-03 -3.305488e-01 5.869378e-02 7.336515e-03 9.982491e-01 2.857284e+01
9.982824e-01 4.017488e-03 -5.844691e-02 -1.596616e+00 -4.381759e-03 9.999718e-01 -6.105685e-03 -3.313382e-01 5.842073e-02 6.351298e-03 9.982718e-01 2.954855e+01
9.982663e-01 2.246857e-03 -5.881645e-02 -1.649771e+00 -2.330210e-03 9.999964e-01 -1.348627e-03 -3.457434e-01 5.881320e-02 1.483343e-03 9.982679e-01 3.052783e+01
9.982447e-01 5.243404e-04 -5.922138e-02 -1.690541e+00 -4.168871e-04 9.999982e-01 1.826775e-03 -3.706831e-01 5.922223e-02 -1.798880e-03 9.982432e-01 3.150728e+01
9.981462e-01 -7.605119e-03 -6.038535e-02 -1.750598e+00 7.672736e-03 9.999702e-01 8.879606e-04 -3.683281e-01 6.037680e-02 -1.349635e-03 9.981747e-01 3.248601e+01
9.980258e-01 -9.917812e-03 -6.201764e-02 -1.799053e+00 9.744360e-03 9.999477e-01 -3.098645e-03 -3.741412e-01 6.204513e-02 2.488205e-03 9.980702e-01 3.347063e+01
9.979468e-01 -1.000150e-02 -6.326244e-02 -1.873283e+00 9.592308e-03 9.999311e-01 -6.768559e-03 -3.892599e-01 6.332578e-02 6.147829e-03 9.979740e-01 3.448115e+01
9.977980e-01 -9.938888e-03 -6.557679e-02 -1.933372e+00 9.479859e-03 9.999284e-01 -7.307328e-03 -4.045473e-01 6.564472e-02 6.669579e-03 9.978208e-01 3.553978e+01
9.977318e-01 -9.062098e-03 -6.670199e-02 -1.985670e+00 8.689753e-03 9.999450e-01 -5.870254e-03 -4.306999e-01 6.675152e-02 5.277315e-03 9.977557e-01 3.658278e+01
9.977203e-01 -5.129964e-03 -6.728892e-02 -2.068636e+00 4.915684e-03 9.999823e-01 -3.349658e-03 -4.420707e-01 6.730491e-02 3.011251e-03 9.977279e-01 3.762597e+01
9.976237e-01 -4.827478e-03 -6.872855e-02 -2.154305e+00 4.702512e-03 9.999870e-01 -1.979927e-03 -4.681133e-01 6.873722e-02 1.652026e-03 9.976334e-01 3.865715e+01
9.975716e-01 -4.123800e-03 -6.952660e-02 -2.240196e+00 4.174883e-03 9.999911e-01 5.894291e-04 -4.787673e-01 6.952355e-02 -8.782631e-04 9.975799e-01 3.969141e+01
9.975642e-01 -4.455280e-03 -6.961146e-02 -2.307901e+00 4.730770e-03 9.999816e-01 3.793182e-03 -4.923207e-01 6.959328e-02 -4.113259e-03 9.975670e-01 4.071486e+01
9.975125e-01 1.796878e-04 -7.048906e-02 -2.386776e+00 2.310699e-04 9.999830e-01 5.819057e-03 -4.842786e-01 7.048891e-02 -5.820870e-03 9.974956e-01 4.173665e+01
9.974456e-01 -2.525440e-07 -7.142992e-02 -2.438285e+00 3.310041e-04 9.999893e-01 4.618597e-03 -4.831506e-01 7.142915e-02 -4.630443e-03 9.974349e-01 4.274786e+01
9.974153e-01 1.542716e-04 -7.185247e-02 -2.498635e+00 3.162539e-05 9.999967e-01 2.586059e-03 -4.820085e-01 7.185263e-02 -2.581647e-03 9.974119e-01 4.375396e+01
9.974508e-01 2.296925e-03 -7.132122e-02 -2.594224e+00 -2.271354e-03 9.999973e-01 4.396296e-04 -4.993314e-01 7.132204e-02 -2.765131e-04 9.974533e-01 4.475291e+01
9.973792e-01 2.417195e-03 -7.231102e-02 -2.670813e+00 -2.412003e-03 9.999971e-01 1.591343e-04 -5.070430e-01 7.231119e-02 1.569716e-05 9.973821e-01 4.575164e+01
9.972900e-01 1.306439e-03 -7.355920e-02 -2.727412e+00 -1.204298e-03 9.999982e-01 1.432883e-03 -5.264850e-01 7.356094e-02 -1.340412e-03 9.972898e-01 4.674747e+01
9.971724e-01 1.740004e-03 -7.512716e-02 -2.790531e+00 -1.586321e-03 9.999965e-01 2.105262e-03 -5.282357e-01 7.513057e-02 -1.980134e-03 9.971717e-01 4.773449e+01
9.970966e-01 3.574010e-03 -7.606321e-02 -2.869874e+00 -3.678802e-03 9.999925e-01 -1.237633e-03 -5.481496e-01 7.605822e-02 1.513861e-03 9.971022e-01 4.871161e+01
9.970936e-01 4.323596e-03 -7.606364e-02 -2.976858e+00 -4.750049e-03 9.999740e-01 -5.426514e-03 -5.634629e-01 7.603820e-02 5.772048e-03 9.970882e-01 4.969015e+01
9.970383e-01 5.345429e-03 -7.672094e-02 -3.064458e+00 -5.864182e-03 9.999614e-01 -6.537854e-03 -5.871564e-01 7.668304e-02 6.968397e-03 9.970312e-01 5.066952e+01
9.970262e-01 4.066740e-03 -7.695611e-02 -3.141965e+00 -4.310294e-03 9.999862e-01 -2.999010e-03 -6.070983e-01 7.694285e-02 3.321794e-03 9.970300e-01 5.164539e+01
9.971043e-01 2.672842e-03 -7.599856e-02 -3.239009e+00 -2.699603e-03 9.999963e-01 -2.493945e-04 -6.219301e-01 7.599762e-02 4.538383e-04 9.971079e-01 5.261302e+01
9.971124e-01 1.599488e-03 -7.592256e-02 -3.308120e+00 -1.566209e-03 9.999986e-01 4.978706e-04 -6.434338e-01 7.592325e-02 -3.775224e-04 9.971136e-01 5.357573e+01
9.970914e-01 -1.205567e-03 -7.620620e-02 -3.377765e+00 1.150813e-03 9.999990e-01 -7.624129e-04 -6.603954e-01 7.620705e-02 6.724963e-04 9.970918e-01 5.453892e+01
9.970328e-01 -3.458276e-03 -7.689975e-02 -3.431260e+00 3.311715e-03 9.999924e-01 -2.033322e-03 -6.786896e-01 7.690620e-02 1.772619e-03 9.970368e-01 5.549826e+01
9.969853e-01 -4.181626e-03 -7.747775e-02 -3.505948e+00 4.121604e-03 9.999911e-01 -9.345870e-04 -6.961584e-01 7.748096e-02 6.124368e-04 9.969936e-01 5.645954e+01
9.968278e-01 -8.291828e-03 -7.915547e-02 -3.565484e+00 8.588480e-03 9.999573e-01 3.407990e-03 -7.129953e-01 7.912383e-02 -4.077004e-03 9.968565e-01 5.742159e+01
9.967653e-01 -9.509722e-03 -7.980309e-02 -3.630171e+00 1.022477e-02 9.999111e-01 8.556342e-03 -7.256533e-01 7.971463e-02 -9.344633e-03 9.967739e-01 5.837365e+01
9.967368e-01 -6.655216e-03 -8.044584e-02 -3.707094e+00 7.529605e-03 9.999158e-01 1.057082e-02 -7.381583e-01 8.036871e-02 -1.114205e-02 9.967029e-01 5.931406e+01
9.966173e-01 -5.712990e-03 -8.198339e-02 -3.785167e+00 6.284114e-03 9.999577e-01 6.710004e-03 -7.540579e-01 8.194160e-02 -7.202499e-03 9.966111e-01 6.023796e+01
9.965401e-01 -4.199327e-03 -8.300703e-02 -3.875847e+00 4.129427e-03 9.999910e-01 -1.013766e-03 -7.659870e-01 8.301054e-02 6.674870e-04 9.965484e-01 6.115095e+01
9.964813e-01 -1.740109e-03 -8.379749e-02 -3.960168e+00 1.254926e-03 9.999821e-01 -5.842265e-03 -7.824738e-01 8.380616e-02 5.716549e-03 9.964657e-01 6.206071e+01
9.963965e-01 5.302625e-03 -8.465181e-02 -4.044698e+00 -5.755591e-03 9.999704e-01 -5.107781e-03 -8.097349e-01 8.462222e-02 5.576596e-03 9.963975e-01 6.295794e+01
9.963336e-01 8.104893e-03 -8.516844e-02 -4.136848e+00 -8.373110e-03 9.999610e-01 -2.792503e-03 -8.332427e-01 8.514249e-02 3.495390e-03 9.963627e-01 6.383878e+01
9.962689e-01 1.193268e-02 -8.547440e-02 -4.240704e+00 -1.209141e-02 9.999260e-01 -1.339566e-03 -8.576971e-01 8.545209e-02 2.368074e-03 9.963395e-01 6.470403e+01
9.961923e-01 1.317758e-02 -8.618134e-02 -4.321342e+00 -1.332670e-02 9.999105e-01 -1.155206e-03 -8.882489e-01 8.615840e-02 2.299320e-03 9.962788e-01 6.555777e+01
9.959213e-01 1.447975e-02 -8.905686e-02 -4.362331e+00 -1.455147e-02 9.998941e-01 -1.561412e-04 -9.102088e-01 8.904517e-02 1.451413e-03 9.960265e-01 6.640265e+01
9.957863e-01 1.552028e-02 -9.038126e-02 -4.445931e+00 -1.554773e-02 9.998790e-01 4.003815e-04 -9.262388e-01 9.037654e-02 1.006529e-03 9.959072e-01 6.723005e+01
9.956771e-01 1.562508e-02 -9.155904e-02 -4.524636e+00 -1.560807e-02 9.998778e-01 9.018890e-04 -9.467201e-01 9.156194e-02 5.310699e-04 9.957992e-01 6.804562e+01
9.956142e-01 1.514097e-02 -9.232092e-02 -4.615109e+00 -1.499449e-02 9.998850e-01 2.280149e-03 -9.599977e-01 9.234482e-02 -8.858433e-04 9.957267e-01 6.884798e+01
9.954293e-01 1.743632e-02 -9.389574e-02 -4.690371e+00 -1.704932e-02 9.998425e-01 4.922291e-03 -9.679826e-01 9.396678e-02 -3.298934e-03 9.955699e-01 6.964141e+01
9.951991e-01 2.007737e-02 -9.578937e-02 -4.748836e+00 -1.924598e-02 9.997687e-01 9.595462e-03 -9.961739e-01 9.595987e-02 -7.705835e-03 9.953554e-01 7.041811e+01
9.949854e-01 2.339016e-02 -9.724656e-02 -4.830815e+00 -2.240093e-02 9.996857e-01 1.125191e-02 -1.001784e+00 9.747919e-02 -9.017072e-03 9.951967e-01 7.117028e+01
9.947156e-01 2.589355e-02 -9.934964e-02 -4.901405e+00 -2.539051e-02 9.996576e-01 6.324655e-03 -9.971166e-01 9.947939e-02 -3.768695e-03 9.950325e-01 7.190086e+01
9.946002e-01 2.527954e-02 -1.006548e-01 -4.998553e+00 -2.552052e-02 9.996737e-01 -1.106963e-03 -9.963005e-01 1.005939e-01 3.669747e-03 9.949208e-01 7.261023e+01
9.944250e-01 2.546621e-02 -1.023252e-01 -5.065895e+00 -2.627198e-02 9.996335e-01 -6.534454e-03 -1.022984e+00 1.021213e-01 9.186311e-03 9.947295e-01 7.330476e+01
9.944056e-01 2.557345e-02 -1.024864e-01 -5.162358e+00 -2.649296e-02 9.996200e-01 -7.620706e-03 -1.032575e+00 1.022526e-01 1.029324e-02 9.947052e-01 7.397782e+01
9.942261e-01 2.809236e-02 -1.035626e-01 -5.245153e+00 -2.868215e-02 9.995797e-01 -4.209915e-03 -1.038441e+00 1.034008e-01 7.156007e-03 9.946140e-01 7.463242e+01
9.941317e-01 2.891146e-02 -1.042412e-01 -5.337072e+00 -2.927594e-02 9.995694e-01 -1.967792e-03 -1.057685e+00 1.041395e-01 5.008005e-03 9.945501e-01 7.525935e+01
9.941649e-01 2.548244e-02 -1.048182e-01 -5.411521e+00 -2.618905e-02 9.996426e-01 -5.370296e-03 -1.068698e+00 1.046439e-01 8.084049e-03 9.944769e-01 7.586893e+01
9.943040e-01 1.654281e-02 -1.052900e-01 -5.462531e+00 -1.774955e-02 9.997870e-01 -1.053434e-02 -1.079011e+00 1.050933e-01 1.234318e-02 9.943858e-01 7.646341e+01
9.943813e-01 1.322704e-02 -1.050277e-01 -5.477098e+00 -1.501112e-02 9.997558e-01 -1.621453e-02 -1.076598e+00 1.047875e-01 1.770001e-02 9.943371e-01 7.704764e+01
9.946444e-01 1.612441e-02 -1.020905e-01 -5.531730e+00 -1.788553e-02 9.997062e-01 -1.635872e-02 -1.093679e+00 1.017967e-01 1.809706e-02 9.946406e-01 7.761737e+01
9.947562e-01 2.078466e-02 -1.001407e-01 -5.558312e+00 -2.223049e-02 9.996638e-01 -1.334371e-02 -1.115935e+00 9.982966e-02 1.549991e-02 9.948838e-01 7.817331e+01
9.952107e-01 1.920743e-02 -9.584741e-02 -5.597559e+00 -2.027699e-02 9.997424e-01 -1.019743e-02 -1.132096e+00 9.562686e-02 1.209209e-02 9.953438e-01 7.871573e+01
9.958137e-01 1.566671e-02 -9.005359e-02 -5.640044e+00 -1.630599e-02 9.998468e-01 -6.367528e-03 -1.143541e+00 8.994003e-02 7.809285e-03 9.959166e-01 7.924589e+01
9.965537e-01 1.154334e-02 -8.214302e-02 -5.662957e+00 -1.181809e-02 9.999261e-01 -2.859326e-03 -1.158909e+00 8.210395e-02 3.820246e-03 9.966164e-01 7.975779e+01
9.973496e-01 1.468206e-02 -7.126116e-02 -5.714441e+00 -1.494429e-02 9.998834e-01 -3.148068e-03 -1.164054e+00 7.120663e-02 4.204672e-03 9.974527e-01 8.025714e+01
9.982182e-01 1.989227e-02 -5.625655e-02 -5.743983e+00 -2.013467e-02 9.997903e-01 -3.745194e-03 -1.177213e+00 5.617026e-02 4.871227e-03 9.984093e-01 8.074416e+01
9.989714e-01 2.468820e-02 -3.803509e-02 -5.772570e+00 -2.483066e-02 9.996863e-01 -3.277635e-03 -1.184813e+00 3.794224e-02 4.218701e-03 9.992710e-01 8.121788e+01
9.996129e-01 2.300380e-02 -1.564819e-02 -5.766493e+00 -2.305225e-02 9.997300e-01 -2.922955e-03 -1.195044e+00 1.557673e-02 3.282549e-03 9.998733e-01 8.167800e+01
9.997589e-01 1.952887e-02 1.003952e-02 -5.754967e+00 -1.950751e-02 9.998072e-01 -2.221058e-03 -1.207396e+00 -1.008096e-02 2.024676e-03 9.999471e-01 8.213272e+01
9.990229e-01 1.925792e-02 3.977920e-02 -5.722244e+00 -1.923885e-02 9.998145e-01 -8.621010e-04 -1.219629e+00 -3.978842e-02 9.595265e-05 9.992081e-01 8.258154e+01
9.971455e-01 1.838537e-02 7.323142e-02 -5.682494e+00 -1.848494e-02 9.998289e-01 6.820791e-04 -1.238133e+00 -7.320635e-02 -2.033810e-03 9.973147e-01 8.301706e+01
9.936125e-01 1.906257e-02 1.112244e-01 -5.619926e+00 -1.924279e-02 9.998147e-01 5.470038e-04 -1.240316e+00 -1.111933e-01 -2.683777e-03 9.937952e-01 8.345127e+01
9.879405e-01 1.943845e-02 1.536089e-01 -5.558206e+00 -1.959078e-02 9.998079e-01 -5.220427e-04 -1.235023e+00 -1.535896e-01 -2.493571e-03 9.881316e-01 8.387868e+01
9.799430e-01 1.885490e-02 1.983839e-01 -5.445526e+00 -1.908381e-02 9.998176e-01 -7.581794e-04 -1.248755e+00 -1.983620e-01 -3.042949e-03 9.801241e-01 8.427593e+01
9.684902e-01 2.058286e-02 2.481995e-01 -5.325338e+00 -2.056411e-02 9.997850e-01 -2.668397e-03 -1.269071e+00 -2.482011e-01 -2.519686e-03 9.687053e-01 8.467435e+01
9.532720e-01 2.148100e-02 3.013486e-01 -5.180154e+00 -2.076644e-02 9.997688e-01 -5.574845e-03 -1.285438e+00 -3.013987e-01 -9.435932e-04 9.534977e-01 8.504343e+01
9.330288e-01 2.278442e-02 3.590796e-01 -5.024469e+00 -2.119072e-02 9.997404e-01 -8.374060e-03 -1.290590e+00 -3.591771e-01 2.040846e-04 9.332694e-01 8.541534e+01
9.090071e-01 2.328459e-02 4.161297e-01 -4.827921e+00 -2.081720e-02 9.997285e-01 -1.046617e-02 -1.302756e+00 -4.162604e-01 8.511675e-04 9.092450e-01 8.575990e+01
8.793774e-01 2.237920e-02 4.755991e-01 -4.628462e+00 -1.869954e-02 9.997474e-01 -1.246763e-02 -1.317269e+00 -4.757580e-01 2.070265e-03 8.795738e-01 8.608136e+01
8.467337e-01 2.082556e-02 5.316092e-01 -4.380978e+00 -1.506040e-02 9.997714e-01 -1.517779e-02 -1.327855e+00 -5.318038e-01 4.845295e-03 8.468537e-01 8.637907e+01
8.112134e-01 1.970651e-02 5.844181e-01 -4.119926e+00 -1.376541e-02 9.997986e-01 -1.460572e-02 -1.361838e+00 -5.845882e-01 3.803604e-03 8.113213e-01 8.664413e+01
7.716485e-01 1.802642e-02 6.357937e-01 -3.843505e+00 -1.197784e-02 9.998329e-01 -1.381064e-02 -1.375133e+00 -6.359364e-01 3.041525e-03 7.717355e-01 8.691633e+01
7.291251e-01 1.710488e-02 6.841667e-01 -3.557123e+00 -1.285758e-02 9.998535e-01 -1.129490e-02 -1.393801e+00 -6.842597e-01 -5.613319e-04 7.292382e-01 8.717077e+01
6.833269e-01 1.652753e-02 7.299255e-01 -3.261436e+00 -1.181450e-02 9.998632e-01 -1.157940e-02 -1.400241e+00 -7.300170e-01 -7.111844e-04 6.834286e-01 8.740301e+01
6.362930e-01 1.605053e-02 7.712805e-01 -2.944861e+00 -1.074971e-02 9.998709e-01 -1.193923e-02 -1.429138e+00 -7.713726e-01 -6.941977e-04 6.363835e-01 8.761182e+01
5.889448e-01 1.343495e-02 8.080616e-01 -2.628822e+00 -3.863559e-03 9.998972e-01 -1.380853e-02 -1.432545e+00 -8.081641e-01 5.010467e-03 5.889361e-01 8.780610e+01
5.412464e-01 1.542344e-02 8.407226e-01 -2.298972e+00 -6.027729e-03 9.998772e-01 -1.446263e-02 -1.454225e+00 -8.408424e-01 2.760200e-03 5.412729e-01 8.799408e+01
4.925538e-01 1.773705e-02 8.701012e-01 -1.960078e+00 -9.171530e-03 9.998426e-01 -1.518993e-02 -1.471119e+00 -8.702337e-01 -4.982993e-04 4.926389e-01 8.816766e+01
4.447315e-01 1.980279e-02 8.954450e-01 -1.624172e+00 -1.041127e-02 9.998023e-01 -1.693979e-02 -1.487732e+00 -8.956034e-01 -1.789057e-03 4.448497e-01 8.833686e+01
4.021744e-01 1.723290e-02 9.154009e-01 -1.254468e+00 -2.908931e-03 9.998419e-01 -1.754453e-02 -1.496546e+00 -9.155584e-01 4.393124e-03 4.021610e-01 8.845563e+01
3.621040e-01 1.014144e-02 9.320825e-01 -8.823455e-01 1.176181e-02 9.998115e-01 -1.544769e-02 -1.502939e+00 -9.320635e-01 1.655665e-02 3.619165e-01 8.855649e+01
3.279919e-01 6.851586e-03 9.446557e-01 -5.052032e-01 1.746294e-02 9.997589e-01 -1.331452e-02 -1.499125e+00 -9.445191e-01 2.086352e-02 3.277932e-01 8.863717e+01
2.950825e-01 1.065442e-02 9.554124e-01 -1.274821e-01 1.465766e-02 9.997697e-01 -1.567615e-02 -1.514477e+00 -9.553594e-01 1.862987e-02 2.948583e-01 8.872713e+01
2.633803e-01 1.925330e-02 9.644999e-01 2.502572e-01 4.609638e-03 9.997643e-01 -2.121602e-02 -1.522678e+00 -9.646811e-01 1.003388e-02 2.632295e-01 8.883764e+01
2.351450e-01 2.357376e-02 9.716744e-01 6.449025e-01 6.402986e-04 9.997019e-01 -2.440868e-02 -1.541061e+00 -9.719601e-01 6.361742e-03 2.350598e-01 8.892294e+01
2.096362e-01 2.525556e-02 9.774532e-01 1.049861e+00 2.714246e-03 9.996475e-01 -2.641115e-02 -1.557924e+00 -9.777757e-01 8.189781e-03 2.094937e-01 8.899322e+01
1.863097e-01 2.656795e-02 9.821318e-01 1.471002e+00 9.896478e-03 9.995329e-01 -2.891603e-02 -1.574851e+00 -9.824412e-01 1.510698e-02 1.859598e-01 8.904079e+01
1.663819e-01 3.323674e-02 9.855011e-01 1.898695e+00 1.714171e-02 9.991833e-01 -3.659221e-02 -1.579803e+00 -9.859124e-01 2.298146e-02 1.656762e-01 8.908070e+01
1.466786e-01 4.005473e-02 9.883729e-01 2.345416e+00 1.938050e-02 9.988717e-01 -4.335635e-02 -1.584550e+00 -9.889943e-01 2.551461e-02 1.457369e-01 8.913780e+01
1.288837e-01 4.065257e-02 9.908261e-01 2.810546e+00 1.590593e-02 9.989461e-01 -4.305472e-02 -1.607166e+00 -9.915321e-01 2.130906e-02 1.281012e-01 8.918834e+01
1.133629e-01 3.646255e-02 9.928844e-01 3.282481e+00 1.438807e-02 9.991613e-01 -3.833583e-02 -1.634496e+00 -9.934495e-01 1.863155e-02 1.127432e-01 8.923960e+01
9.892006e-02 3.329669e-02 9.945382e-01 3.767142e+00 1.500078e-02 9.992766e-01 -3.494736e-02 -1.657456e+00 -9.949823e-01 1.837585e-02 9.834902e-02 8.929035e+01
8.562021e-02 3.082237e-02 9.958510e-01 4.263586e+00 1.715001e-02 9.993277e-01 -3.240449e-02 -1.683824e+00 -9.961802e-01 1.985334e-02 8.503405e-02 8.932339e+01
7.391270e-02 2.999915e-02 9.968134e-01 4.777267e+00 2.141315e-02 9.992693e-01 -3.166082e-02 -1.703333e+00 -9.970348e-01 2.368506e-02 7.321632e-02 8.935641e+01
6.401530e-02 3.051356e-02 9.974823e-01 5.306824e+00 2.457685e-02 9.991811e-01 -3.214279e-02 -1.724286e+00 -9.976462e-01 2.657261e-02 6.321295e-02 8.938302e+01
5.654672e-02 3.103354e-02 9.979175e-01 5.851904e+00 2.795666e-02 9.990757e-01 -3.265371e-02 -1.745194e+00 -9.980085e-01 2.974490e-02 5.562686e-02 8.941241e+01
5.133368e-02 3.121625e-02 9.981936e-01 6.415419e+00 3.107894e-02 9.989773e-01 -3.283904e-02 -1.764152e+00 -9.981979e-01 3.270854e-02 5.031101e-02 8.943180e+01
4.594457e-02 3.260762e-02 9.984117e-01 6.999150e+00 3.126710e-02 9.989305e-01 -3.406340e-02 -1.785828e+00 -9.984545e-01 3.278246e-02 4.487588e-02 8.944434e+01
4.081918e-02 3.287184e-02 9.986257e-01 7.601771e+00 3.259560e-02 9.988829e-01 -3.421267e-02 -1.813502e+00 -9.986347e-01 3.394734e-02 3.970210e-02 8.945499e+01
3.690738e-02 3.265303e-02 9.987851e-01 8.220975e+00 3.605410e-02 9.987718e-01 -3.398488e-02 -1.833153e+00 -9.986681e-01 3.726459e-02 3.568478e-02 8.946216e+01
3.400899e-02 3.233603e-02 9.988983e-01 8.860055e+00 3.736970e-02 9.987364e-01 -3.360310e-02 -1.859285e+00 -9.987226e-01 3.847133e-02 3.275763e-02 8.948004e+01
3.126639e-02 3.182736e-02 9.990042e-01 9.514307e+00 3.830036e-02 9.987207e-01 -3.301703e-02 -1.886810e+00 -9.987770e-01 3.929455e-02 3.000739e-02 8.949648e+01
2.802231e-02 3.109311e-02 9.991236e-01 1.018750e+01 4.059776e-02 9.986560e-01 -3.221720e-02 -1.911925e+00 -9.987825e-01 4.146498e-02 2.672234e-02 8.951845e+01
2.711895e-02 3.085035e-02 9.991561e-01 1.087321e+01 4.505727e-02 9.984701e-01 -3.205211e-02 -1.936537e+00 -9.986162e-01 4.588846e-02 2.568742e-02 8.953882e+01
2.840913e-02 3.054508e-02 9.991296e-01 1.158009e+01 4.945094e-02 9.982662e-01 -3.192477e-02 -1.960651e+00 -9.983724e-01 5.031485e-02 2.684939e-02 8.955780e+01
3.103220e-02 3.054782e-02 9.990515e-01 1.230292e+01 5.130025e-02 9.981668e-01 -3.211424e-02 -1.984672e+00 -9.982010e-01 5.224816e-02 2.940820e-02 8.957630e+01
3.475485e-02 3.073052e-02 9.989233e-01 1.304148e+01 5.426996e-02 9.979943e-01 -3.259012e-02 -2.007388e+00 -9.979213e-01 5.534419e-02 3.301740e-02 8.960202e+01
3.886918e-02 2.944845e-02 9.988103e-01 1.379865e+01 5.583265e-02 9.979401e-01 -3.159554e-02 -2.050396e+00 -9.976833e-01 5.699432e-02 3.714493e-02 8.964203e+01
4.359013e-02 2.833103e-02 9.986477e-01 1.457014e+01 5.734978e-02 9.978785e-01 -3.081248e-02 -2.068493e+00 -9.974021e-01 5.861534e-02 4.187287e-02 8.966573e+01
4.773771e-02 2.627531e-02 9.985143e-01 1.535711e+01 5.713898e-02 9.979452e-01 -2.899207e-02 -2.105456e+00 -9.972243e-01 5.843810e-02 4.613827e-02 8.968858e+01
5.199856e-02 2.351081e-02 9.983704e-01 1.615042e+01 5.441705e-02 9.981708e-01 -2.634034e-02 -2.148975e+00 -9.971634e-01 5.569803e-02 5.062405e-02 8.972956e+01
5.583740e-02 2.207595e-02 9.981958e-01 1.695148e+01 5.286123e-02 9.982880e-01 -2.503496e-02 -2.187477e+00 -9.970396e-01 5.416375e-02 5.457485e-02 8.977947e+01
6.087750e-02 2.270847e-02 9.978869e-01 1.775602e+01 5.037216e-02 9.983974e-01 -2.579311e-02 -2.216943e+00 -9.968734e-01 5.183594e-02 5.963606e-02 8.980668e+01
6.350275e-02 2.608219e-02 9.976408e-01 1.856216e+01 4.732128e-02 9.984553e-01 -2.911562e-02 -2.273682e+00 -9.968591e-01 4.905856e-02 6.217041e-02 8.987099e+01
6.492528e-02 3.168617e-02 9.973869e-01 1.937489e+01 4.278932e-02 9.984880e-01 -3.450654e-02 -2.292621e+00 -9.969723e-01 4.491786e-02 6.347129e-02 8.993933e+01
6.428782e-02 3.451346e-02 9.973344e-01 2.019117e+01 3.865981e-02 9.985654e-01 -3.704806e-02 -2.337466e+00 -9.971823e-01 4.093850e-02 6.286131e-02 9.000266e+01
6.435763e-02 3.395389e-02 9.973491e-01 2.100889e+01 3.624464e-02 9.986821e-01 -3.633809e-02 -2.374624e+00 -9.972685e-01 3.848719e-02 6.304217e-02 9.005854e+01
6.430789e-02 3.226277e-02 9.974084e-01 2.182437e+01 3.373458e-02 9.988357e-01 -3.448397e-02 -2.413749e+00 -9.973598e-01 3.586475e-02 6.314465e-02 9.012539e+01
6.427473e-02 3.194044e-02 9.974210e-01 2.264114e+01 3.489073e-02 9.988047e-01 -3.423314e-02 -2.437042e+00 -9.973221e-01 3.700108e-02 6.308348e-02 9.018712e+01
6.423089e-02 3.129093e-02 9.974444e-01 2.345433e+01 3.227540e-02 9.989203e-01 -3.341562e-02 -2.477625e+00 -9.974130e-01 3.433924e-02 6.315161e-02 9.025964e+01
6.292076e-02 3.182279e-02 9.975110e-01 2.426423e+01 2.974704e-02 9.989876e-01 -3.374628e-02 -2.521304e+00 -9.975751e-01 3.179634e-02 6.191043e-02 9.033013e+01
6.351925e-02 3.222461e-02 9.974602e-01 2.507418e+01 2.937332e-02 9.989852e-01 -3.414439e-02 -2.542999e+00 -9.975483e-01 3.146754e-02 6.250824e-02 9.039336e+01
6.218614e-02 3.403360e-02 9.974841e-01 2.588442e+01 2.551897e-02 9.990375e-01 -3.567753e-02 -2.580161e+00 -9.977383e-01 2.767341e-02 6.125778e-02 9.045677e+01
5.972389e-02 3.331603e-02 9.976588e-01 2.669338e+01 2.211750e-02 9.991534e-01 -3.468999e-02 -2.625564e+00 -9.979699e-01 2.413754e-02 5.893646e-02 9.050778e+01
5.588402e-02 3.217112e-02 9.979188e-01 2.750462e+01 1.937782e-02 9.992575e-01 -3.329945e-02 -2.662469e+00 -9.982492e-01 2.119839e-02 5.521913e-02 9.056007e+01
5.006314e-02 2.963859e-02 9.983062e-01 2.831455e+01 1.675847e-02 9.993939e-01 -3.051129e-02 -2.705125e+00 -9.986054e-01 1.825758e-02 4.953610e-02 9.061804e+01
4.401584e-02 2.729595e-02 9.986579e-01 2.912094e+01 1.410147e-02 9.995101e-01 -2.794077e-02 -2.744400e+00 -9.989313e-01 1.531238e-02 4.360937e-02 9.065018e+01
3.671436e-02 2.752727e-02 9.989466e-01 2.992220e+01 1.478368e-02 9.994962e-01 -2.808577e-02 -2.772571e+00 -9.992164e-01 1.579925e-02 3.628891e-02 9.068664e+01
2.877292e-02 2.785468e-02 9.991978e-01 3.072318e+01 1.453668e-02 9.994943e-01 -2.828155e-02 -2.810737e+00 -9.994803e-01 1.533876e-02 2.835345e-02 9.068285e+01
1.930871e-02 2.838774e-02 9.994105e-01 3.152093e+01 1.588804e-02 9.994619e-01 -2.869616e-02 -2.837916e+00 -9.996873e-01 1.643276e-02 1.884730e-02 9.068345e+01
9.271258e-03 2.754340e-02 9.995776e-01 3.231301e+01 1.723617e-02 9.994677e-01 -2.770024e-02 -2.871271e+00 -9.998085e-01 1.748571e-02 8.791580e-03 9.068841e+01
-1.637264e-03 2.670603e-02 9.996420e-01 3.310483e+01 1.615506e-02 9.995136e-01 -2.667614e-02 -2.903984e+00 -9.998682e-01 1.610560e-02 -2.067906e-03 9.068701e+01
-1.288849e-02 2.640776e-02 9.995682e-01 3.389196e+01 1.876437e-02 9.994815e-01 -2.616352e-02 -2.924077e+00 -9.997409e-01 1.841906e-02 -1.337734e-02 9.068850e+01
-2.416695e-02 2.666838e-02 9.993522e-01 3.467159e+01 1.922857e-02 9.994716e-01 -2.620657e-02 -2.955042e+00 -9.995230e-01 1.858278e-02 -2.466697e-02 9.067533e+01
-3.526092e-02 2.750216e-02 9.989996e-01 3.544695e+01 2.039781e-02 9.994328e-01 -2.679412e-02 -2.988751e+00 -9.991700e-01 1.943262e-02 -3.580191e-02 9.065048e+01
-4.591009e-02 2.842886e-02 9.985410e-01 3.621549e+01 1.987814e-02 9.994230e-01 -2.754003e-02 -3.020937e+00 -9.987478e-01 1.858477e-02 -4.644872e-02 9.062170e+01
-5.642102e-02 2.996198e-02 9.979574e-01 3.697648e+01 2.218630e-02 9.993404e-01 -2.874917e-02 -3.046285e+00 -9.981605e-01 2.051893e-02 -5.704855e-02 9.059388e+01
-6.620350e-02 3.071402e-02 9.973333e-01 3.772989e+01 2.394229e-02 9.992873e-01 -2.918489e-02 -3.071064e+00 -9.975189e-01 2.194630e-02 -6.689167e-02 9.055274e+01
-7.665009e-02 3.129333e-02 9.965669e-01 3.847557e+01 2.494728e-02 9.992546e-01 -2.945893e-02 -3.101676e+00 -9.967459e-01 2.260360e-02 -7.737364e-02 9.051083e+01
-8.572305e-02 3.198871e-02 9.958053e-01 3.921193e+01 2.543823e-02 9.992289e-01 -2.990885e-02 -3.126704e+00 -9.959942e-01 2.276764e-02 -8.647068e-02 9.043641e+01
-9.407298e-02 3.134563e-02 9.950717e-01 3.993856e+01 2.606633e-02 9.992391e-01 -2.901262e-02 -3.158719e+00 -9.952240e-01 2.320856e-02 -9.481847e-02 9.034597e+01
-1.016551e-01 2.939393e-02 9.943854e-01 4.065715e+01 2.742417e-02 9.992663e-01 -2.673466e-02 -3.203663e+00 -9.944416e-01 2.455248e-02 -1.023867e-01 9.026949e+01
-1.071241e-01 2.777113e-02 9.938577e-01 4.136960e+01 3.053752e-02 9.992301e-01 -2.462973e-02 -3.234453e+00 -9.937766e-01 2.771151e-02 -1.078897e-01 9.018395e+01
-1.107420e-01 2.586323e-02 9.935126e-01 4.206984e+01 3.350005e-02 9.991904e-01 -2.227695e-02 -3.270177e+00 -9.932844e-01 3.081572e-02 -1.115188e-01 9.009939e+01
-1.130670e-01 2.463865e-02 9.932818e-01 4.275449e+01 3.516715e-02 9.991654e-01 -2.078146e-02 -3.299085e+00 -9.929648e-01 3.258120e-02 -1.138391e-01 9.001017e+01
-1.150487e-01 2.432019e-02 9.930621e-01 4.342751e+01 3.564917e-02 9.991574e-01 -2.033942e-02 -3.311797e+00 -9.927200e-01 3.306182e-02 -1.158188e-01 8.993086e+01
-1.158258e-01 2.339711e-02 9.929939e-01 4.408079e+01 3.386178e-02 9.992344e-01 -1.959441e-02 -3.369194e+00 -9.926922e-01 3.135501e-02 -1.165294e-01 8.985790e+01
-1.158953e-01 2.458956e-02 9.929570e-01 4.472132e+01 3.407651e-02 9.992034e-01 -2.076692e-02 -3.387658e+00 -9.926767e-01 3.142972e-02 -1.166409e-01 8.980018e+01
-1.131304e-01 2.604679e-02 9.932387e-01 4.534149e+01 3.364120e-02 9.991836e-01 -2.237094e-02 -3.415591e+00 -9.930105e-01 3.088291e-02 -1.139143e-01 8.973365e+01
-1.081621e-01 2.660854e-02 9.937771e-01 4.594393e+01 3.410515e-02 9.991526e-01 -2.304048e-02 -3.434152e+00 -9.935481e-01 3.140081e-02 -1.089779e-01 8.968142e+01
-1.001918e-01 2.785453e-02 9.945782e-01 4.652660e+01 3.395689e-02 9.991215e-01 -2.456102e-02 -3.448380e+00 -9.943885e-01 3.131197e-02 -1.010496e-01 8.963056e+01
-9.045322e-02 2.829359e-02 9.954987e-01 4.709056e+01 3.330328e-02 9.991232e-01 -2.537059e-02 -3.463921e+00 -9.953437e-01 3.085852e-02 -9.131618e-02 8.961365e+01
-7.610135e-02 2.898880e-02 9.966786e-01 4.763292e+01 3.396335e-02 9.990726e-01 -2.646516e-02 -3.476895e+00 -9.965215e-01 3.183651e-02 -7.701533e-02 8.957653e+01
-5.931348e-02 3.057385e-02 9.977711e-01 4.816790e+01 3.432581e-02 9.990022e-01 -2.857104e-02 -3.500957e+00 -9.976491e-01 3.255465e-02 -6.030377e-02 8.955983e+01
-3.754064e-02 3.249834e-02 9.987665e-01 4.869473e+01 3.231849e-02 9.989877e-01 -3.129079e-02 -3.535764e+00 -9.987724e-01 3.110395e-02 -3.855294e-02 8.954665e+01
-1.426599e-02 3.498582e-02 9.992860e-01 4.921589e+01 2.990031e-02 9.989557e-01 -3.454740e-02 -3.582312e+00 -9.994511e-01 2.938610e-02 -1.529718e-02 8.957347e+01
1.313417e-02 3.772927e-02 9.992017e-01 4.973933e+01 2.946806e-02 9.988392e-01 -3.810293e-02 -3.597511e+00 -9.994794e-01 2.994498e-02 1.200711e-02 8.961357e+01
4.558058e-02 3.680803e-02 9.982823e-01 5.025773e+01 2.690365e-02 9.989132e-01 -3.805969e-02 -3.630272e+00 -9.985983e-01 2.859222e-02 4.454077e-02 8.966615e+01
8.128490e-02 3.465051e-02 9.960884e-01 5.076225e+01 2.587101e-02 9.989854e-01 -3.686247e-02 -3.660043e+00 -9.963551e-01 2.876617e-02 8.030599e-02 8.976023e+01
1.213942e-01 3.139613e-02 9.921077e-01 5.126460e+01 2.321997e-02 9.991363e-01 -3.445975e-02 -3.673701e+00 -9.923328e-01 2.721992e-02 1.205603e-01 8.986887e+01
1.674266e-01 2.724924e-02 9.855079e-01 5.177013e+01 1.961255e-02 9.993281e-01 -3.096332e-02 -3.697169e+00 -9.856894e-01 2.451240e-02 1.667797e-01 8.997209e+01
2.164767e-01 2.410867e-02 9.759901e-01 5.224967e+01 1.488313e-02 9.994974e-01 -2.799045e-02 -3.719612e+00 -9.761743e-01 2.058506e-02 2.160091e-01 9.010211e+01
2.672782e-01 2.265477e-02 9.633531e-01 5.271595e+01 1.096404e-02 9.995874e-01 -2.654881e-02 -3.743967e+00 -9.635570e-01 1.765816e-02 2.669195e-01 9.027876e+01
3.275154e-01 2.301220e-02 9.445656e-01 5.318673e+01 1.207271e-02 9.995198e-01 -2.853709e-02 -3.763239e+00 -9.447687e-01 2.074981e-02 3.270803e-01 9.042742e+01
3.858170e-01 2.407582e-02 9.222611e-01 5.360764e+01 1.320813e-02 9.994128e-01 -3.161535e-02 -3.776799e+00 -9.224808e-01 2.437908e-02 3.852725e-01 9.062657e+01
4.444184e-01 2.666883e-02 8.954223e-01 5.401268e+01 1.403939e-02 9.992267e-01 -3.672856e-02 -3.807795e+00 -8.957093e-01 2.889403e-02 4.437003e-01 9.088247e+01
5.028005e-01 2.916828e-02 8.639102e-01 5.437845e+01 1.448480e-02 9.990059e-01 -4.215975e-02 -3.834139e+00 -8.642811e-01 3.371151e-02 5.018782e-01 9.115319e+01
5.599297e-01 3.376053e-02 8.278520e-01 5.473844e+01 9.620235e-03 9.988372e-01 -4.724024e-02 -3.852898e+00 -8.284842e-01 3.441535e-02 5.589539e-01 9.146630e+01
6.148220e-01 3.755813e-02 7.877711e-01 5.507632e+01 4.242860e-03 9.986934e-01 -5.092553e-02 -3.863804e+00 -7.886545e-01 3.465254e-02 6.138594e-01 9.180167e+01
6.654522e-01 3.890251e-02 7.454260e-01 5.535721e+01 1.841517e-03 9.985524e-01 -5.375669e-02 -3.881817e+00 -7.464382e-01 3.714522e-02 6.644172e-01 9.215585e+01
7.149454e-01 3.628796e-02 6.982380e-01 5.566014e+01 6.141804e-04 9.986193e-01 -5.252787e-02 -3.914494e+00 -6.991800e-01 3.798341e-02 7.139360e-01 9.252346e+01
7.606898e-01 3.342485e-02 6.482544e-01 5.593941e+01 -3.391141e-03 9.988644e-01 -4.752345e-02 -3.938373e+00 -6.491067e-01 3.395228e-02 7.599393e-01 9.291062e+01
8.026112e-01 2.811078e-02 5.958397e-01 5.617755e+01 -5.050052e-03 9.991734e-01 -4.033688e-02 -3.963004e+00 -5.964811e-01 2.936581e-02 8.020897e-01 9.330002e+01
8.399744e-01 2.449378e-02 5.420729e-01 5.640270e+01 -7.480686e-03 9.994085e-01 -3.356689e-02 -3.997207e+00 -5.425745e-01 2.414025e-02 8.396608e-01 9.372396e+01
8.714316e-01 2.148055e-02 4.900464e-01 5.659056e+01 -1.012299e-02 9.996155e-01 -2.581551e-02 -4.021471e+00 -4.904125e-01 1.753571e-02 8.713140e-01 9.416748e+01
8.977994e-01 2.142687e-02 4.398831e-01 5.676339e+01 -1.400039e-02 9.996995e-01 -2.012100e-02 -4.041791e+00 -4.401821e-01 1.190608e-02 8.978296e-01 9.460413e+01
9.185830e-01 2.257416e-02 3.945830e-01 5.691924e+01 -1.758407e-02 9.997132e-01 -1.625832e-02 -4.064629e+00 -3.948368e-01 7.996244e-03 9.187165e-01 9.506903e+01
9.342917e-01 2.918333e-02 3.553131e-01 5.704435e+01 -2.605588e-02 9.995682e-01 -1.358502e-02 -4.073397e+00 -3.555562e-01 3.434376e-03 9.346486e-01 9.553168e+01
9.466131e-01 3.382849e-02 3.205921e-01 5.716163e+01 -3.084643e-02 9.994207e-01 -1.437733e-02 -4.082385e+00 -3.208928e-01 3.720647e-03 9.471082e-01 9.600904e+01
9.562709e-01 3.642041e-02 2.902059e-01 5.728226e+01 -3.380901e-02 9.993301e-01 -1.400883e-02 -4.088092e+00 -2.905217e-01 3.584657e-03 9.568617e-01 9.648645e+01
9.628822e-01 3.096387e-02 2.681400e-01 5.741644e+01 -2.830369e-02 9.995044e-01 -1.378161e-02 -4.099952e+00 -2.684338e-01 5.680712e-03 9.632814e-01 9.696388e+01
9.671214e-01 2.813907e-02 2.527534e-01 5.753520e+01 -2.567022e-02 9.995851e-01 -1.306085e-02 -4.116459e+00 -2.530161e-01 6.143193e-03 9.674426e-01 9.745684e+01
9.701270e-01 3.312140e-02 2.403259e-01 5.762626e+01 -3.081278e-02 9.994359e-01 -1.335854e-02 -4.122996e+00 -2.406328e-01 5.554367e-03 9.706003e-01 9.796695e+01
9.723125e-01 3.844524e-02 2.305001e-01 5.775110e+01 -3.644287e-02 9.992520e-01 -1.293978e-02 -4.126241e+00 -2.308252e-01 4.181420e-03 9.729863e-01 9.847758e+01
9.733856e-01 4.533287e-02 2.246451e-01 5.784981e+01 -4.319275e-02 9.989625e-01 -1.443451e-02 -4.135842e+00 -2.250664e-01 4.347305e-03 9.743337e-01 9.900438e+01
9.736838e-01 5.217605e-02 2.218504e-01 5.794101e+01 -4.945510e-02 9.986176e-01 -1.780611e-02 -4.152186e+00 -2.224728e-01 6.365885e-03 9.749181e-01 9.954230e+01
9.737402e-01 5.432819e-02 2.210849e-01 5.806027e+01 -5.117621e-02 9.984901e-01 -1.996438e-02 -4.173172e+00 -2.218357e-01 8.125834e-03 9.750502e-01 1.000855e+02
9.731068e-01 5.320046e-02 2.241270e-01 5.817564e+01 -4.910859e-02 9.985099e-01 -2.379583e-02 -4.186733e+00 -2.250589e-01 1.214932e-02 9.742694e-01 1.006380e+02
9.723080e-01 5.225949e-02 2.277851e-01 5.831422e+01 -4.672346e-02 9.984682e-01 -2.963249e-02 -4.215411e+00 -2.289847e-01 1.816900e-02 9.732604e-01 1.011970e+02
9.712856e-01 5.304061e-02 2.319287e-01 5.844598e+01 -4.634098e-02 9.983386e-01 -3.424393e-02 -4.236254e+00 -2.333597e-01 2.251284e-02 9.721298e-01 1.017796e+02
9.700678e-01 5.741218e-02 2.359500e-01 5.857233e+01 -5.068984e-02 9.981196e-01 -3.446341e-02 -4.245453e+00 -2.374849e-01 2.147158e-02 9.711539e-01 1.023751e+02
9.683578e-01 6.162518e-02 2.418377e-01 5.871826e+01 -5.580129e-02 9.979647e-01 -3.086428e-02 -4.254076e+00 -2.432475e-01 1.639281e-02 9.698257e-01 1.029811e+02
9.675376e-01 5.781902e-02 2.460244e-01 5.890188e+01 -5.301934e-02 9.982525e-01 -2.609406e-02 -4.284875e+00 -2.471032e-01 1.220293e-02 9.689123e-01 1.035867e+02
9.668165e-01 5.320332e-02 2.498703e-01 5.909578e+01 -4.941011e-02 9.985486e-01 -2.143347e-02 -4.300550e+00 -2.506480e-01 8.376115e-03 9.680421e-01 1.042035e+02
9.658707e-01 5.061234e-02 2.540318e-01 5.924604e+01 -4.786695e-02 9.987094e-01 -1.698111e-02 -4.317986e+00 -2.545634e-01 4.241828e-03 9.670468e-01 1.048385e+02
9.654089e-01 4.584689e-02 2.566784e-01 5.942062e+01 -4.302972e-02 9.989361e-01 -1.658433e-02 -4.335539e+00 -2.571656e-01 4.965864e-03 9.663546e-01 1.054767e+02
9.654227e-01 4.253713e-02 2.571958e-01 5.960642e+01 -3.873049e-02 9.990525e-01 -1.985074e-02 -4.358775e+00 -2.577965e-01 9.203039e-03 9.661554e-01 1.061159e+02
9.657222e-01 4.159618e-02 2.562232e-01 5.979707e+01 -3.587325e-02 9.989923e-01 -2.697129e-02 -4.383711e+00 -2.570869e-01 1.685522e-02 9.662413e-01 1.067668e+02
9.658233e-01 4.492259e-02 2.552787e-01 5.998281e+01 -3.757476e-02 9.987291e-01 -3.359042e-02 -4.400266e+00 -2.564633e-01 2.285038e-02 9.662838e-01 1.074342e+02
9.663029e-01 4.743757e-02 2.529987e-01 6.013677e+01 -3.933255e-02 9.985409e-01 -3.700096e-02 -4.430365e+00 -2.543848e-01 2.580305e-02 9.667588e-01 1.081304e+02
9.669265e-01 4.588721e-02 2.508933e-01 6.030690e+01 -3.891373e-02 9.987078e-01 -3.268796e-02 -4.455500e+00 -2.520690e-01 2.184366e-02 9.674627e-01 1.088396e+02
9.674269e-01 4.280596e-02 2.495054e-01 6.050436e+01 -3.779570e-02 9.989767e-01 -2.483949e-02 -4.476542e+00 -2.503133e-01 1.460016e-02 9.680548e-01 1.095521e+02
9.680186e-01 4.271418e-02 2.472156e-01 6.067811e+01 -3.919592e-02 9.990483e-01 -1.913776e-02 -4.501082e+00 -2.477978e-01 8.835860e-03 9.687715e-01 1.102743e+02
9.683671e-01 4.514569e-02 2.454120e-01 6.084255e+01 -4.158965e-02 9.989414e-01 -1.965614e-02 -4.529511e+00 -2.460396e-01 8.827756e-03 9.692196e-01 1.110046e+02
9.685795e-01 5.124068e-02 2.433683e-01 6.101535e+01 -4.674956e-02 9.986135e-01 -2.419778e-02 -4.549771e+00 -2.442708e-01 1.206011e-02 9.696321e-01 1.117457e+02
9.694661e-01 5.278955e-02 2.394759e-01 6.121609e+01 -4.682718e-02 9.984365e-01 -3.052352e-02 -4.554961e+00 -2.407128e-01 1.837754e-02 9.704224e-01 1.124929e+02
9.705327e-01 5.154918e-02 2.353910e-01 6.141176e+01 -4.495080e-02 9.984335e-01 -3.331564e-02 -4.582318e+00 -2.367397e-01 2.175291e-02 9.713296e-01 1.132573e+02
9.716188e-01 4.933813e-02 2.313497e-01 6.159588e+01 -4.300840e-02 9.985516e-01 -3.232722e-02 -4.602870e+00 -2.326096e-01 2.145975e-02 9.723334e-01 1.140335e+02
9.725490e-01 4.530771e-02 2.282447e-01 6.176786e+01 -3.944944e-02 9.987661e-01 -3.016624e-02 -4.639622e+00 -2.293298e-01 2.033402e-02 9.731364e-01 1.148260e+02
9.729842e-01 4.403653e-02 2.266329e-01 6.195187e+01 -3.883563e-02 9.988710e-01 -2.735860e-02 -4.670948e+00 -2.275818e-01 1.781805e-02 9.735959e-01 1.156354e+02
9.734117e-01 4.045568e-02 2.254619e-01 6.214562e+01 -3.573333e-02 9.990489e-01 -2.498855e-02 -4.698444e+00 -2.262584e-01 1.626764e-02 9.739315e-01 1.164433e+02
