1.000000e+00 0.000000e+00 0.000000e+00 0.000000e+00 0.000000e+00 1.000000e+00 0.000000e+00 0.000000e+00 0.000000e+00 0.000000e+00 1.000000e+00 0.000000e+00
9.999942e-01 -1.895886e-03 -2.837590e-03 -1.671163e-02 1.890459e-03 9.999964e-01 -1.914083e-03 -1.701958e-02 2.841209e-03 1.908707e-03 9.999941e-01 8.589962e-01
9.999758e-01 -1.065593e-03 -6.868490e-03 -3.765094e-02 1.043198e-03 9.999941e-01 -3.263325e-03 -2.138698e-02 6.871927e-03 3.256081e-03 9.999711e-01 1.719168e+00
9.999301e-01 -1.045301e-03 -1.177448e-02 -3.680997e-02 9.810102e-04 9.999846e-01 -5.464632e-03 -1.515271e-02 1.178001e-02 5.452699e-03 9.999157e-01 2.578575e+00
9.998630e-01 1.054125e-03 -1.651665e-02 -5.479077e-02 -1.153264e-03 9.999814e-01 -5.994033e-03 -2.809368e-02 1.651002e-02 6.012260e-03 9.998456e-01 3.438725e+00
9.997764e-01 1.164103e-04 -2.114678e-02 -7.574245e-02 -2.390646e-04 9.999832e-01 -5.797703e-03 -4.957815e-02 2.114575e-02 5.801462e-03 9.997596e-01 4.297599e+00
9.996695e-01 1.471680e-03 -2.566457e-02 -1.066148e-01 -1.657376e-03 9.999726e-01 -7.215737e-03 -5.933404e-02 2.565324e-02 7.255888e-03 9.996446e-01 5.157528e+00
9.995222e-01 3.808460e-03 -3.067334e-02 -1.406243e-01 -4.051703e-03 9.999608e-01 -7.871853e-03 -7.231069e-02 3.064216e-02 7.992371e-03 9.994985e-01 6.016203e+00
9.993824e-01 4.313955e-03 -3.487298e-02 -1.860657e-01 -4.537399e-03 9.999697e-01 -6.330756e-03 -8.185750e-02 3.484461e-02 6.485079e-03 9.993717e-01 6.875255e+00
9.992259e-01 3.616204e-03 -3.917234e-02 -2.243343e-01 -3.762342e-03 9.999862e-01 -3.657579e-03 -9.416638e-02 3.915858e-02 3.802128e-03 9.992258e-01 7.734914e+00
9.990300e-01 2.209547e-03 -4.397994e-02 -2.513062e-01 -2.237995e-03 9.999973e-01 -5.976000e-04 -1.087859e-01 4.397850e-02 6.954472e-04 9.990322e-01 8.593500e+00
9.988958e-01 3.467106e-03 -4.685158e-02 -2.970566e-01 -3.531539e-03 9.999929e-01 -1.292553e-03 -1.175679e-01 4.684677e-02 1.456584e-03 9.989010e-01 9.452670e+00
9.988293e-01 3.285279e-03 -4.826147e-02 -3.618985e-01 -3.375834e-03 9.999927e-01 -1.794964e-03 -1.176971e-01 4.825522e-02 1.955786e-03 9.988331e-01 1.031058e+01
9.987495e-01 6.511609e-04 -4.998938e-02 -4.026963e-01 -7.760364e-04 9.999966e-01 -2.478671e-03 -1.224665e-01 4.998760e-02 2.514366e-03 9.987467e-01 1.116919e+01
9.986654e-01 9.964019e-04 -5.163728e-02 -4.616578e-01 -1.089275e-03 9.999978e-01 -1.770460e-03 -1.275828e-01 5.163540e-02 1.824344e-03 9.986643e-01 1.202301e+01
9.986137e-01 -1.925835e-04 -5.263739e-02 -5.209188e-01 9.966007e-05 9.999984e-01 -1.767970e-03 -1.427307e-01 5.263764e-02 1.760273e-03 9.986121e-01 1.288451e+01
9.985241e-01 2.380719e-03 -5.425815e-02 -5.835354e-01 -2.623733e-03 9.999868e-01 -4.408055e-03 -1.506572e-01 5.424694e-02 4.543908e-03 9.985172e-01 1.375295e+01
9.984545e-01 2.460475e-03 -5.552091e-02 -6.408780e-01 -2.861943e-03 9.999703e-01 -7.152591e-03 -1.603329e-01 5.550166e-02 7.300435e-03 9.984319e-01 1.463264e+01
9.983258e-01 6.813618e-03 -5.743795e-02 -7.000247e-01 -7.326300e-03 9.999351e-01 -8.719983e-03 -1.715235e-01 5.737481e-02 9.126192e-03 9.983110e-01 1.552253e+01
9.983065e-01 8.364491e-03 -5.756801e-02 -7.699111e-01 -8.845843e-03 9.999280e-01 -8.111699e-03 -1.967063e-01 5.749601e-02 8.607199e-03 9.983086e-01 1.642118e+01
9.982485e-01 7.829466e-03 -5.863911e-02 -8.288758e-01 -8.237093e-03 9.999435e-01 -6.712969e-03 -2.080033e-01 5.858324e-02 7.184228e-03 9.982567e-01 1.732536e+01
9.981279e-01 8.327901e-03 -6.059216e-02 -8.735177e-01 -8.692782e-03 9.999456e-01 -5.760794e-03 -2.166324e-01 6.054089e-02 6.276723e-03 9.981460e-01 1.823727e+01
9.980711e-01 5.931540e-03 -6.179711e-02 -9.397185e-01 -6.294232e-03 9.999641e-01 -5.676053e-03 -2.191246e-01 6.176122e-02 6.054069e-03 9.980726e-01 1.914997e+01
9.979502e-01 5.886507e-03 -6.372427e-02 -1.003186e+00 -6.374746e-03 9.999518e-01 -7.461140e-03 -2.202705e-01 6.367728e-02 7.852072e-03 9.979397e-01 2.006628e+01
9.978918e-01 4.685433e-03 -6.473090e-02 -1.063437e+00 -5.227856e-03 9.999526e-01 -8.212823e-03 -2.378490e-01 6.468935e-02 8.533912e-03 9.978690e-01 2.099285e+01
9.978314e-01 5.221991e-03 -6.561363e-02 -1.125630e+00 -5.668500e-03 9.999620e-01 -6.620798e-03 -2.499642e-01 6.557656e-02 6.978371e-03 9.978231e-01 2.192685e+01
9.978901e-01 7.417022e-03 -6.450003e-02 -1.206121e+00 -7.617202e-03 9.999669e-01 -2.858203e-03 -2.799328e-01 6.447669e-02 3.343482e-03 9.979136e-01 2.286024e+01
9.979453e-01 8.604580e-03 -6.349162e-02 -1.279873e+00 -8.561642e-03 9.999629e-01 9.483335e-04 -2.951340e-01 6.349742e-02 -4.027925e-04 9.979819e-01 2.380124e+01
9.980382e-01 9.925241e-03 -6.181580e-02 -1.336944e+00 -9.737563e-03 9.999470e-01 3.336599e-03 -3.154058e-01 6.184564e-02 -2.728118e-03 9.980820e-01 2.474619e+01
9.981595e-01 9.018094e-03 -5.996963e-02 -1.418277e+00 -8.799797e-03 9.999537e-01 3.903222e-03 -3.113853e-01 6.000205e-02 -3.368317e-03 9.981926e-01 2.569212e+01
9.982679e-01 1.008953e-02 -5.796007e-02 -1.478682e+00 -1.002699e-02 9.999488e-01 1.369670e-03 -3.373897e-01 5.797092e-02 -7.861323e-04 9.983180e-01 2.664315e+01
9.983146e-01 1.058227e-02 -5.706179e-02 -1.530663e+00 -1.080689e-02 9.999350e-01 -3.629245e-03 -3.345204e-01 5.701967e-02 4.239789e-03 9.983641e-01 2.760177e+01
9.983618e-01 9.972548e-03 -5.634005e-02 -1.586558e+00 -1.038555e-02 9.999213e-01 -7.042566e-03 -3.373367e-01 5.626538e-02 7.616152e-03 9.983868e-01 2.857003e+01
9.984343e-01 8.616184e-03 -5.526867e-02 -1.638735e+00 -8.962982e-03 9.999417e-01 -6.029966e-03 -3.632334e-01 5.521349e-02 6.515897e-03 9.984533e-01 2.954532e+01
9.984381e-01 5.989714e-03 -5.554640e-02 -1.700281e+00 -6.049646e-03 9.999813e-01 -9.108743e-04 -3.773966e-01 5.553990e-02 1.245488e-03 9.984557e-01 3.052411e+01
9.984137e-01 2.892187e-03 -5.622989e-02 -1.749063e+00 -2.748292e-03 9.999927e-01 2.636199e-03 -3.984055e-01 5.623711e-02 -2.477481e-03 9.984144e-01 3.150329e+01
9.983147e-01 -5.819543e-03 -5.773998e-02 -1.805117e+00 5.978458e-03 9.999788e-01 2.579890e-03 -3.990812e-01 5.772375e-02 -2.920738e-03 9.983283e-01 3.248226e+01
9.982296e-01 -8.221858e-03 -5.890797e-02 -1.863468e+00 8.157495e-03 9.999658e-01 -1.333004e-03 -4.050628e-01 5.891691e-02 8.501027e-04 9.982625e-01 3.346634e+01
9.981582e-01 -7.226175e-03 -6.023337e-02 -1.927191e+00 6.933856e-03 9.999632e-01 -5.060705e-03 -4.195896e-01 6.026772e-02 4.633735e-03 9.981715e-01 3.447758e+01
9.980506e-01 -4.441793e-03 -6.225223e-02 -1.969923e+00 4.083465e-03 9.999744e-01 -5.882111e-03 -4.497448e-01 6.227676e-02 5.616439e-03 9.980431e-01 3.553674e+01
9.979356e-01 -5.242074e-03 -6.400776e-02 -2.024335e+00 4.984265e-03 9.999788e-01 -4.186795e-03 -4.684508e-01 6.402836e-02 3.859121e-03 9.979406e-01 3.657979e+01
9.978747e-01 -2.405075e-03 -6.511719e-02 -2.098729e+00 2.326230e-03 9.999965e-01 -1.286600e-03 -4.870928e-01 6.512006e-02 1.132388e-03 9.978768e-01 3.762352e+01
9.977310e-01 -3.683773e-03 -6.722595e-02 -2.163022e+00 3.694413e-03 9.999932e-01 3.395855e-05 -4.937619e-01 6.722536e-02 -2.822419e-04 9.977378e-01 3.865656e+01
9.976334e-01 -9.603713e-04 -6.875039e-02 -2.212770e+00 1.153610e-03 9.999955e-01 2.771083e-03 -5.181083e-01 6.874742e-02 -2.843836e-03 9.976300e-01 3.969296e+01
9.976595e-01 -1.107005e-03 -6.836823e-02 -2.299602e+00 1.514532e-03 9.999814e-01 5.909222e-03 -5.231314e-01 6.836042e-02 -5.998938e-03 9.976427e-01 4.071504e+01
9.976434e-01 5.409906e-03 -6.839840e-02 -2.383186e+00 -4.833036e-03 9.999514e-01 8.596649e-03 -5.404247e-01 6.844158e-02 -8.245818e-03 9.976210e-01 4.173634e+01
9.975919e-01 5.750420e-03 -6.911780e-02 -2.446690e+00 -5.203169e-03 9.999537e-01 8.095075e-03 -5.497206e-01 6.916115e-02 -7.715950e-03 9.975757e-01 4.274683e+01
9.976085e-01 5.737489e-03 -6.887905e-02 -2.527824e+00 -5.284592e-03 9.999632e-01 6.755664e-03 -5.646628e-01 6.891527e-02 -6.375510e-03 9.976021e-01 4.375136e+01
9.975805e-01 8.245222e-03 -6.903043e-02 -2.598707e+00 -7.957911e-03 9.999585e-01 4.436060e-03 -5.758830e-01 6.906414e-02 -3.875989e-03 9.976047e-01 4.475245e+01
9.974858e-01 6.915672e-03 -7.052826e-02 -2.669810e+00 -6.633642e-03 9.999690e-01 4.232265e-03 -5.692958e-01 7.055534e-02 -3.753765e-03 9.975008e-01 4.575159e+01
9.973641e-01 5.480216e-03 -7.235171e-02 -2.721670e+00 -5.119247e-03 9.999735e-01 5.173590e-03 -5.759077e-01 7.237815e-02 -4.789567e-03 9.973658e-01 4.674785e+01
9.973439e-01 5.657234e-03 -7.261588e-02 -2.793819e+00 -5.181489e-03 9.999639e-01 6.738233e-03 -5.940060e-01 7.265138e-02 -6.344077e-03 9.973372e-01 4.773409e+01
9.973595e-01 7.103055e-03 -7.227378e-02 -2.899459e+00 -6.927428e-03 9.999724e-01 2.680404e-03 -5.828902e-01 7.229083e-02 -2.172655e-03 9.973812e-01 4.870886e+01
9.972647e-01 7.205268e-03 -7.356139e-02 -2.956073e+00 -7.344115e-03 9.999717e-01 -1.617190e-03 -5.899028e-01 7.354766e-02 2.153010e-03 9.972894e-01 4.969169e+01
9.972283e-01 8.068422e-03 -7.396417e-02 -3.039413e+00 -8.290492e-03 9.999620e-01 -2.695865e-03 -6.075764e-01 7.393961e-02 3.301592e-03 9.972573e-01 5.067156e+01
9.973270e-01 6.059285e-03 -7.281602e-02 -3.157981e+00 -6.010266e-03 9.999815e-01 8.922851e-04 -6.157818e-01 7.282008e-02 -4.522563e-04 9.973450e-01 5.164346e+01
9.972795e-01 4.478396e-03 -7.357720e-02 -3.210054e+00 -4.214944e-03 9.999841e-01 3.735492e-03 -6.323117e-01 7.359277e-02 -3.415206e-03 9.972825e-01 5.261452e+01
9.972738e-01 3.280055e-03 -7.371706e-02 -3.288815e+00 -2.970721e-03 9.999863e-01 4.305476e-03 -6.467271e-01 7.373018e-02 -4.074745e-03 9.972699e-01 5.357663e+01
9.972495e-01 -4.225753e-04 -7.411685e-02 -3.351518e+00 6.666961e-04 9.999944e-01 3.269019e-03 -6.562479e-01 7.411505e-02 -3.309441e-03 9.972442e-01 5.454039e+01
9.972150e-01 -2.867710e-03 -7.452477e-02 -3.408567e+00 3.024345e-03 9.999934e-01 1.989025e-03 -6.702782e-01 7.451858e-02 -2.208874e-03 9.972172e-01 5.549960e+01
9.971089e-01 -4.373019e-03 -7.585997e-02 -3.474809e+00 4.645752e-03 9.999834e-01 3.419125e-03 -6.837130e-01 7.584375e-02 -3.761666e-03 9.971126e-01 5.646157e+01
9.970763e-01 -6.309103e-03 -7.615084e-02 -3.553306e+00 6.888044e-03 9.999493e-01 7.342304e-03 -6.894730e-01 7.610065e-02 -7.845368e-03 9.970693e-01 5.742238e+01
9.969370e-01 -8.192466e-03 -7.777809e-02 -3.614630e+00 9.193190e-03 9.998794e-01 1.251706e-02 -6.911323e-01 7.766617e-02 -1.319375e-02 9.968921e-01 5.837474e+01
9.969807e-01 -5.624572e-03 -7.744619e-02 -3.699776e+00 6.788772e-03 9.998678e-01 1.477730e-02 -7.036046e-01 7.735283e-02 -1.525845e-02 9.968870e-01 5.931445e+01
9.969440e-01 -4.327474e-03 -7.799957e-02 -3.784168e+00 5.224513e-03 9.999225e-01 1.130017e-02 -7.135126e-01 7.794463e-02 -1.167314e-02 9.968893e-01 6.023788e+01
9.969019e-01 -3.120815e-03 -7.859246e-02 -3.873802e+00 3.413756e-03 9.999877e-01 3.593259e-03 -7.129325e-01 7.858028e-02 -3.850422e-03 9.969004e-01 6.115105e+01
9.968018e-01 -1.955771e-03 -7.988997e-02 -3.942573e+00 1.849336e-03 9.999973e-01 -1.406233e-03 -7.152565e-01 7.989250e-02 1.253992e-03 9.968027e-01 6.206226e+01
9.968068e-01 2.690946e-03 -7.980551e-02 -4.041810e+00 -2.759555e-03 9.999959e-01 -7.494291e-04 -7.241133e-01 7.980317e-02 9.672637e-04 9.968102e-01 6.295836e+01
9.966947e-01 5.566201e-03 -8.104730e-02 -4.112022e+00 -5.461903e-03 9.999839e-01 1.508522e-03 -7.400500e-01 8.105439e-02 -1.060863e-03 9.967091e-01 6.384139e+01
9.965906e-01 8.193418e-03 -8.209730e-02 -4.191801e+00 -7.978679e-03 9.999638e-01 2.943396e-03 -7.517884e-01 8.211845e-02 -2.278333e-03 9.966200e-01 6.470945e+01
9.964625e-01 8.651312e-03 -8.359203e-02 -4.270071e+00 -8.439240e-03 9.999602e-01 2.890008e-03 -7.661342e-01 8.361371e-02 -2.174331e-03 9.964959e-01 6.556384e+01
9.963050e-01 1.179370e-02 -8.507225e-02 -4.344285e+00 -1.150758e-02 9.999264e-01 3.852868e-03 -7.887982e-01 8.511142e-02 -2.859656e-03 9.963673e-01 6.640643e+01
9.961965e-01 1.263719e-02 -8.621351e-02 -4.422887e+00 -1.229676e-02 9.999144e-01 4.478632e-03 -8.010434e-01 8.626273e-02 -3.401451e-03 9.962666e-01 6.723439e+01
9.961643e-01 1.275925e-02 -8.656704e-02 -4.521245e+00 -1.238685e-02 9.999116e-01 4.837772e-03 -8.040297e-01 8.662112e-02 -3.746923e-03 9.962343e-01 6.804807e+01
9.960645e-01 1.166037e-02 -8.786149e-02 -4.580260e+00 -1.117482e-02 9.999195e-01 6.016140e-03 -8.124985e-01 8.792456e-02 -5.010627e-03 9.961145e-01 6.885342e+01
9.958951e-01 1.393244e-02 -8.943606e-02 -4.660673e+00 -1.322517e-02 9.998765e-01 8.495790e-03 -8.119236e-01 8.954338e-02 -7.278109e-03 9.959563e-01 6.964639e+01
9.957675e-01 1.527772e-02 -9.062906e-02 -4.740395e+00 -1.418846e-02 9.998193e-01 1.265109e-02 -8.175017e-01 9.080597e-02 -1.131166e-02 9.958044e-01 7.042169e+01
9.955814e-01 1.953454e-02 -9.184854e-02 -4.815753e+00 -1.823427e-02 9.997216e-01 1.497459e-02 -8.312862e-01 9.211549e-02 -1.323363e-02 9.956604e-01 7.117444e+01
9.953873e-01 2.243542e-02 -9.327795e-02 -4.888711e+00 -2.148422e-02 9.997066e-01 1.118932e-02 -8.420913e-01 9.350162e-02 -9.133699e-03 9.955772e-01 7.190472e+01
9.952054e-01 2.264041e-02 -9.515028e-02 -4.958515e+00 -2.237933e-02 9.997423e-01 3.810228e-03 -8.531573e-01 9.521202e-02 -1.662560e-03 9.954556e-01 7.261722e+01
9.951546e-01 2.203674e-02 -9.582104e-02 -5.042345e+00 -2.232971e-02 9.997487e-01 -1.986107e-03 -8.604181e-01 9.575319e-02 4.116139e-03 9.953966e-01 7.331043e+01
9.950268e-01 2.297020e-02 -9.692311e-02 -5.088230e+00 -2.339402e-02 9.997211e-01 -3.238468e-03 -8.663064e-01 9.682168e-02 5.489783e-03 9.952866e-01 7.398886e+01
9.948801e-01 2.562078e-02 -9.776079e-02 -5.161062e+00 -2.574221e-02 9.996686e-01 1.921361e-05 -8.723389e-01 9.772888e-02 2.497464e-03 9.952099e-01 7.464464e+01
9.948114e-01 2.588605e-02 -9.838774e-02 -5.246171e+00 -2.582114e-02 9.996647e-01 1.933262e-03 -8.781446e-01 9.840480e-02 6.172525e-04 9.951463e-01 7.527280e+01
9.948565e-01 2.286073e-02 -9.868124e-02 -5.314861e+00 -2.313994e-02 9.997308e-01 -1.685698e-03 -8.850135e-01 9.861614e-02 3.960506e-03 9.951177e-01 7.588311e+01
9.950230e-01 1.458973e-02 -9.857167e-02 -5.372534e+00 -1.534524e-02 9.998584e-01 -6.910724e-03 -8.956644e-01 9.845689e-02 8.388935e-03 9.951060e-01 7.647698e+01
9.951058e-01 1.083021e-02 -9.821951e-02 -5.401528e+00 -1.202107e-02 9.998611e-01 -1.154076e-02 -9.079704e-01 9.808088e-02 1.266498e-02 9.950979e-01 7.706055e+01
9.952885e-01 1.341203e-02 -9.602592e-02 -5.443618e+00 -1.458180e-02 9.998277e-01 -1.149048e-02 -9.292811e-01 9.585526e-02 1.283658e-02 9.953125e-01 7.763120e+01
9.955871e-01 1.859046e-02 -9.198230e-02 -5.486176e+00 -1.944172e-02 9.997760e-01 -8.367130e-03 -9.440197e-01 9.180614e-02 1.011850e-02 9.957255e-01 7.818639e+01
9.962158e-01 1.709090e-02 -8.521782e-02 -5.585281e+00 -1.761873e-02 9.998299e-01 -5.445537e-03 -9.516868e-01 8.511026e-02 6.926359e-03 9.963475e-01 7.872132e+01
9.965328e-01 1.364995e-02 -8.207355e-02 -5.552644e+00 -1.376405e-02 9.999049e-01 -8.246271e-04 -9.752243e-01 8.205449e-02 1.951433e-03 9.966259e-01 7.925177e+01
9.972179e-01 9.252572e-03 -7.396484e-02 -5.578517e+00 -9.080286e-03 9.999552e-01 2.665235e-03 -9.896851e-01 7.398619e-02 -1.986198e-03 9.972573e-01 7.976356e+01
9.980078e-01 1.325767e-02 -6.168238e-02 -5.628276e+00 -1.316409e-02 9.999115e-01 1.923242e-03 -9.937540e-01 6.170242e-02 -1.107418e-03 9.980940e-01 8.026309e+01
9.987762e-01 1.818731e-02 -4.599215e-02 -5.670969e+00 -1.813907e-02 9.998344e-01 1.466001e-03 -1.006975e+00 4.601120e-02 -6.299520e-04 9.989407e-01 8.074914e+01
9.993061e-01 2.330932e-02 -2.905154e-02 -5.673823e+00 -2.325685e-02 9.997272e-01 2.142834e-03 -1.012529e+00 2.909357e-02 -1.465699e-03 9.995756e-01 8.122373e+01
9.997386e-01 2.152273e-02 -7.708164e-03 -5.653035e+00 -2.149973e-02 9.997642e-01 3.053937e-03 -1.029449e+00 7.772075e-03 -2.887415e-03 9.999656e-01 8.168323e+01
9.996448e-01 1.873005e-02 1.895981e-02 -5.635084e+00 -1.880330e-02 9.998164e-01 3.692214e-03 -1.039601e+00 -1.888717e-02 -4.047410e-03 9.998134e-01 8.213780e+01
9.986680e-01 1.852389e-02 4.815722e-02 -5.597232e+00 -1.877212e-02 9.998127e-01 4.707498e-03 -1.044310e+00 -4.806100e-02 -5.605241e-03 9.988287e-01 8.258635e+01
9.964156e-01 1.852767e-02 8.253874e-02 -5.559174e+00 -1.903881e-02 9.998041e-01 5.409894e-03 -1.041915e+00 -8.242234e-02 -6.961943e-03 9.965732e-01 8.302241e+01
9.926098e-01 1.776529e-02 1.200426e-01 -5.485191e+00 -1.859668e-02 9.998102e-01 5.809055e-03 -1.055040e+00 -1.199166e-01 -7.998519e-03 9.927517e-01 8.345463e+01
9.868545e-01 1.815168e-02 1.605885e-01 -5.391325e+00 -1.917555e-02 9.998045e-01 4.828159e-03 -1.049794e+00 -1.604694e-01 -7.844063e-03 9.870096e-01 8.387615e+01
9.782919e-01 1.774047e-02 2.064710e-01 -5.290938e+00 -1.907078e-02 9.998082e-01 4.454490e-03 -1.058294e+00 -2.063523e-01 -8.295353e-03 9.784426e-01 8.427683e+01
9.666763e-01 2.075594e-02 2.551591e-01 -5.156803e+00 -2.190332e-02 9.997587e-01 1.655767e-03 -1.065544e+00 -2.550632e-01 -7.189422e-03 9.668977e-01 8.467122e+01
9.512585e-01 2.177747e-02 3.076248e-01 -4.998512e+00 -2.235597e-02 9.997487e-01 -1.643856e-03 -1.074302e+00 -3.075833e-01 -5.313518e-03 9.515063e-01 8.503514e+01
9.319250e-01 2.198076e-02 3.619844e-01 -4.807000e+00 -2.198113e-02 9.997499e-01 -4.117575e-03 -1.086829e+00 -3.619844e-01 -4.119557e-03 9.321751e-01 8.538975e+01
9.084881e-01 2.172221e-02 4.173459e-01 -4.587973e+00 -2.132355e-02 9.997568e-01 -5.618207e-03 -1.109880e+00 -4.173664e-01 -3.795222e-03 9.087303e-01 8.571990e+01
8.787884e-01 2.252803e-02 4.766796e-01 -4.390508e+00 -2.094379e-02 9.997433e-01 -8.637024e-03 -1.113526e+00 -4.767518e-01 -2.393359e-03 8.790347e-01 8.604289e+01
8.458470e-01 1.949158e-02 5.330694e-01 -4.144106e+00 -1.674508e-02 9.998099e-01 -9.987619e-03 -1.138225e+00 -5.331628e-01 -4.782942e-04 8.460126e-01 8.634066e+01
8.094175e-01 1.818588e-02 5.869520e-01 -3.889629e+00 -1.535531e-02 9.998340e-01 -9.803198e-03 -1.167914e+00 -5.870328e-01 -1.077951e-03 8.095624e-01 8.661254e+01
7.698178e-01 1.636567e-02 6.380539e-01 -3.610719e+00 -1.414118e-02 9.998632e-01 -8.584389e-03 -1.189131e+00 -6.381071e-01 -2.414418e-03 7.699438e-01 8.688168e+01
7.273723e-01 1.621490e-02 6.860514e-01 -3.316528e+00 -1.434032e-02 9.998617e-01 -8.427790e-03 -1.182795e+00 -6.860932e-01 -3.708059e-03 7.275042e-01 8.712769e+01
6.814346e-01 1.629509e-02 7.316976e-01 -3.023363e+00 -1.193132e-02 9.998666e-01 -1.115557e-02 -1.168238e+00 -7.317818e-01 -1.128322e-03 6.815381e-01 8.736273e+01
6.358328e-01 1.516715e-02 7.716778e-01 -2.697480e+00 -8.522091e-03 9.998839e-01 -1.263061e-02 -1.179844e+00 -7.717798e-01 1.454648e-03 6.358882e-01 8.755850e+01
5.906463e-01 1.209016e-02 8.068400e-01 -2.365494e+00 -2.393083e-03 9.999096e-01 -1.323138e-02 -1.194418e+00 -8.069270e-01 5.884229e-03 5.906218e-01 8.772346e+01
5.441747e-01 1.393837e-02 8.388561e-01 -2.028520e+00 -3.525827e-03 9.998911e-01 -1.432687e-02 -1.204148e+00 -8.389645e-01 4.838659e-03 5.441646e-01 8.789942e+01
4.960478e-01 1.700435e-02 8.681287e-01 -1.691379e+00 -6.647266e-03 9.998533e-01 -1.578625e-02 -1.211604e+00 -8.682698e-01 2.060053e-03 4.960881e-01 8.807702e+01
4.493224e-01 1.950925e-02 8.931566e-01 -1.346615e+00 -6.751974e-03 9.998071e-01 -1.844209e-02 -1.219398e+00 -8.933442e-01 2.255871e-03 4.493674e-01 8.822807e+01
4.071032e-01 1.702105e-02 9.132236e-01 -9.753911e-01 1.201344e-03 9.998155e-01 -1.917053e-02 -1.230239e+00 -9.133814e-01 8.901481e-03 4.070076e-01 8.834183e+01
3.676175e-01 1.006344e-02 9.299226e-01 -6.020857e-01 1.591293e-02 9.997270e-01 -1.710956e-02 -1.237239e+00 -9.298409e-01 2.108757e-02 3.673570e-01 8.843817e+01
3.327945e-01 6.149815e-03 9.429793e-01 -2.257134e-01 2.076238e-02 9.996885e-01 -1.384707e-02 -1.246543e+00 -9.427708e-01 2.418673e-02 3.325631e-01 8.852194e+01
2.993820e-01 1.022739e-02 9.540785e-01 1.477722e-01 1.647539e-02 9.997381e-01 -1.588668e-02 -1.268553e+00 -9.539911e-01 2.047500e-02 2.991350e-01 8.862694e+01
2.689059e-01 1.710026e-02 9.630146e-01 5.287668e-01 4.195012e-03 9.998121e-01 -1.892506e-02 -1.306615e+00 -9.631573e-01 9.128918e-03 2.687836e-01 8.871839e+01
2.403152e-01 2.133389e-02 9.704604e-01 9.198326e-01 -4.386356e-04 9.997607e-01 -2.186938e-02 -1.330709e+00 -9.706948e-01 4.829867e-03 2.402671e-01 8.881761e+01
2.145139e-01 2.303403e-02 9.764493e-01 1.324792e+00 7.608162e-04 9.997176e-01 -2.375006e-02 -1.350131e+00 -9.767206e-01 5.837617e-03 2.144358e-01 8.888722e+01
1.911013e-01 2.429601e-02 9.812696e-01 1.744505e+00 8.289258e-03 9.996180e-01 -2.636464e-02 -1.362056e+00 -9.815353e-01 1.317231e-02 1.908269e-01 8.894728e+01
1.712129e-01 3.052497e-02 9.847611e-01 2.171088e+00 1.574569e-02 9.993075e-01 -3.371346e-02 -1.368525e+00 -9.851082e-01 2.127792e-02 1.706137e-01 8.899752e+01
1.516977e-01 3.734870e-02 9.877211e-01 2.618499e+00 1.809917e-02 9.990134e-01 -4.055543e-02 -1.368873e+00 -9.882612e-01 2.402909e-02 1.508720e-01 8.904915e+01
1.340495e-01 3.857188e-02 9.902237e-01 3.082529e+00 1.588639e-02 9.990302e-01 -4.106551e-02 -1.382473e+00 -9.908473e-01 2.123590e-02 1.333068e-01 8.911164e+01
1.184926e-01 3.458104e-02 9.923526e-01 3.554333e+00 1.407965e-02 9.992344e-01 -3.650204e-02 -1.407079e+00 -9.928551e-01 1.829720e-02 1.179150e-01 8.916541e+01
1.042254e-01 3.133678e-02 9.940599e-01 4.039834e+00 1.433701e-02 9.993523e-01 -3.300682e-02 -1.432045e+00 -9.944504e-01 1.769200e-02 1.037086e-01 8.920620e+01
9.081981e-02 2.882030e-02 9.954502e-01 4.536187e+00 1.642706e-02 9.994018e-01 -3.043343e-02 -1.454398e+00 -9.957318e-01 1.911628e-02 9.029205e-02 8.924333e+01
7.939257e-02 2.793414e-02 9.964520e-01 5.050473e+00 1.997198e-02 9.993621e-01 -2.960699e-02 -1.469870e+00 -9.966433e-01 2.225169e-02 7.878403e-02 8.926801e+01
6.894848e-02 2.842038e-02 9.972153e-01 5.579953e+00 2.326769e-02 9.992764e-01 -3.008787e-02 -1.489834e+00 -9.973488e-01 2.527741e-02 6.823731e-02 8.929682e+01
5.911633e-02 2.942950e-02 9.978172e-01 6.124465e+00 2.526498e-02 9.992010e-01 -3.096716e-02 -1.505170e+00 -9.979313e-01 2.704050e-02 5.832556e-02 8.933787e+01
5.409267e-02 2.950208e-02 9.981000e-01 6.687799e+00 2.752124e-02 9.991397e-01 -3.102434e-02 -1.529643e+00 -9.981566e-01 2.914714e-02 5.323419e-02 8.935632e+01
4.918094e-02 3.027968e-02 9.983308e-01 7.271684e+00 3.030914e-02 9.990348e-01 -3.179415e-02 -1.549452e+00 -9.983299e-01 3.182222e-02 4.821572e-02 8.936368e+01
4.317292e-02 3.092815e-02 9.985888e-01 7.874065e+00 3.007453e-02 9.990275e-01 -3.224198e-02 -1.572720e+00 -9.986149e-01 3.142407e-02 4.220079e-02 8.938873e+01
3.816668e-02 3.118687e-02 9.987846e-01 8.492807e+00 3.199488e-02 9.989623e-01 -3.241504e-02 -1.594743e+00 -9.987590e-01 3.319317e-02 3.712925e-02 8.941163e+01
3.556379e-02 3.055936e-02 9.989001e-01 9.131945e+00 3.429326e-02 9.989064e-01 -3.178049e-02 -1.622607e+00 -9.987788e-01 3.538577e-02 3.447692e-02 8.942398e+01
3.219229e-02 3.037082e-02 9.990202e-01 9.786337e+00 3.500794e-02 9.988906e-01 -3.149498e-02 -1.645369e+00 -9.988684e-01 3.598753e-02 3.109336e-02 8.944202e+01
2.992559e-02 2.982736e-02 9.991070e-01 1.045984e+01 3.706388e-02 9.988341e-01 -3.092937e-02 -1.669140e+00 -9.988647e-01 3.795636e-02 2.878519e-02 8.945354e+01
2.896745e-02 2.947006e-02 9.991458e-01 1.114493e+01 4.112094e-02 9.986840e-01 -3.064863e-02 -1.699652e+00 -9.987342e-01 4.197362e-02 2.771749e-02 8.948411e+01
3.035899e-02 2.914884e-02 9.991139e-01 1.185207e+01 4.480150e-02 9.985304e-01 -3.049315e-02 -1.722823e+00 -9.985345e-01 4.568754e-02 2.900847e-02 8.949089e+01
3.291662e-02 2.923903e-02 9.990303e-01 1.257496e+01 4.661370e-02 9.984393e-01 -3.075759e-02 -1.743734e+00 -9.983705e-01 4.758094e-02 3.150231e-02 8.951082e+01
3.586163e-02 2.969424e-02 9.989155e-01 1.331286e+01 4.810342e-02 9.983486e-01 -3.140433e-02 -1.764350e+00 -9.981984e-01 4.917746e-02 3.437401e-02 8.955233e+01
3.994192e-02 2.942248e-02 9.987687e-01 1.407099e+01 4.823458e-02 9.983443e-01 -3.133893e-02 -1.786623e+00 -9.980371e-01 4.942693e-02 3.845661e-02 8.959092e+01
4.388352e-02 2.820479e-02 9.986384e-01 1.484213e+01 4.873790e-02 9.983507e-01 -3.033837e-02 -1.806697e+00 -9.978471e-01 5.000290e-02 4.243650e-02 8.962302e+01
4.864065e-02 2.637499e-02 9.984681e-01 1.562950e+01 4.921753e-02 9.983736e-01 -2.877014e-02 -1.834192e+00 -9.976030e-01 5.054153e-02 4.726343e-02 8.964559e+01
5.275435e-02 2.378700e-02 9.983242e-01 1.642289e+01 4.599554e-02 9.985974e-01 -2.622405e-02 -1.864421e+00 -9.975477e-01 4.730189e-02 5.158626e-02 8.969592e+01
5.789320e-02 2.260752e-02 9.980668e-01 1.722561e+01 4.496271e-02 9.986700e-01 -2.522927e-02 -1.892820e+00 -9.973097e-01 4.633639e-02 5.679971e-02 8.971823e+01
6.267401e-02 2.328860e-02 9.977623e-01 1.802981e+01 4.300826e-02 9.987360e-01 -2.601287e-02 -1.925440e+00 -9.971069e-01 4.454235e-02 6.159319e-02 8.975134e+01
6.584180e-02 2.858390e-02 9.974206e-01 1.883592e+01 4.412529e-02 9.985284e-01 -3.152845e-02 -1.913873e+00 -9.968540e-01 4.608736e-02 6.448363e-02 8.983656e+01
6.679138e-02 3.391240e-02 9.971905e-01 1.964765e+01 3.814838e-02 9.986047e-01 -3.651565e-02 -1.947948e+00 -9.970374e-01 4.048013e-02 6.540448e-02 8.991075e+01
6.598331e-02 3.718232e-02 9.971277e-01 2.046375e+01 3.604998e-02 9.985642e-01 -3.962144e-02 -1.979258e+00 -9.971693e-01 3.856079e-02 6.454815e-02 8.998378e+01
6.624813e-02 3.681227e-02 9.971239e-01 2.128117e+01 3.446252e-02 9.986386e-01 -3.915786e-02 -2.013925e+00 -9.972079e-01 3.695753e-02 6.488929e-02 9.004543e+01
6.623825e-02 3.509734e-02 9.971864e-01 2.209761e+01 3.114886e-02 9.988214e-01 -3.722395e-02 -2.057631e+00 -9.973175e-01 3.352687e-02 6.506694e-02 9.009545e+01
6.637066e-02 3.370494e-02 9.972256e-01 2.291461e+01 3.201268e-02 9.988429e-01 -3.589021e-02 -2.101544e+00 -9.972814e-01 3.430592e-02 6.521488e-02 9.014076e+01
6.736061e-02 3.241154e-02 9.972021e-01 2.372863e+01 2.882470e-02 9.989918e-01 -3.441681e-02 -2.158989e+00 -9.973122e-01 3.106238e-02 6.635844e-02 9.018827e+01
6.773204e-02 3.278310e-02 9.971648e-01 2.453866e+01 2.827746e-02 9.989954e-01 -3.476402e-02 -2.193805e+00 -9.973027e-01 3.055193e-02 6.673698e-02 9.026210e+01
6.814000e-02 3.323905e-02 9.971219e-01 2.534844e+01 2.659046e-02 9.990293e-01 -3.511974e-02 -2.225876e+00 -9.973214e-01 2.890699e-02 6.719001e-02 9.032313e+01
6.747904e-02 3.433093e-02 9.971299e-01 2.616009e+01 2.370596e-02 9.990705e-01 -3.600200e-02 -2.264567e+00 -9.974390e-01 2.606730e-02 6.660248e-02 9.036324e+01
6.533104e-02 3.372747e-02 9.972935e-01 2.696999e+01 2.078649e-02 9.991658e-01 -3.515248e-02 -2.308014e+00 -9.976471e-01 2.302678e-02 6.457547e-02 9.039870e+01
6.154238e-02 3.221799e-02 9.975844e-01 2.778143e+01 1.778399e-02 9.992848e-01 -3.337002e-02 -2.352364e+00 -9.979460e-01 1.979470e-02 6.092541e-02 9.044120e+01
5.694334e-02 2.957979e-02 9.979391e-01 2.859260e+01 1.517685e-02 9.994199e-01 -3.048968e-02 -2.395172e+00 -9.982620e-01 1.688175e-02 5.646138e-02 9.047782e+01
5.095720e-02 2.720525e-02 9.983302e-01 2.939872e+01 1.198273e-02 9.995403e-01 -2.784985e-02 -2.440480e+00 -9.986289e-01 1.338188e-02 5.060778e-02 9.050861e+01
4.345144e-02 2.755861e-02 9.986754e-01 3.019918e+01 1.201551e-02 9.995328e-01 -2.810506e-02 -2.471566e+00 -9.989833e-01 1.322080e-02 4.310000e-02 9.055795e+01
3.501859e-02 2.838582e-02 9.989835e-01 3.100003e+01 1.151287e-02 9.995188e-01 -2.880461e-02 -2.510488e+00 -9.993203e-01 1.250986e-02 3.467493e-02 9.057151e+01
2.491199e-02 2.886076e-02 9.992730e-01 3.179726e+01 1.211083e-02 9.995011e-01 -2.916928e-02 -2.541660e+00 -9.996163e-01 1.282869e-02 2.455004e-02 9.059579e+01
1.426903e-02 2.798748e-02 9.995064e-01 3.258932e+01 1.312829e-02 9.995168e-01 -2.817519e-02 -2.572510e+00 -9.998120e-01 1.352384e-02 1.389471e-02 9.061043e+01
2.786759e-03 2.702849e-02 9.996308e-01 3.338116e+01 1.264890e-02 9.995537e-01 -2.706167e-02 -2.601437e+00 -9.999161e-01 1.271964e-02 2.443635e-03 9.062432e+01
-8.341960e-03 2.613809e-02 9.996235e-01 3.416791e+01 1.471488e-02 9.995533e-01 -2.601346e-02 -2.631975e+00 -9.998569e-01 1.449234e-02 -8.722853e-03 9.061501e+01
-1.920655e-02 2.633988e-02 9.994685e-01 3.494717e+01 1.487832e-02 9.995498e-01 -2.605610e-02 -2.667815e+00 -9.997048e-01 1.436996e-02 -1.958980e-02 9.059442e+01
-3.033517e-02 2.686202e-02 9.991788e-01 3.572273e+01 1.512078e-02 9.995368e-01 -2.641257e-02 -2.701946e+00 -9.994254e-01 1.430713e-02 -3.072729e-02 9.057775e+01
-4.097868e-02 2.771299e-02 9.987756e-01 3.649024e+01 1.437271e-02 9.995282e-01 -2.714417e-02 -2.741975e+00 -9.990566e-01 1.324278e-02 -4.135766e-02 9.053486e+01
-5.184727e-02 2.879827e-02 9.982397e-01 3.725053e+01 1.478256e-02 9.994967e-01 -2.806674e-02 -2.773354e+00 -9.985456e-01 1.330136e-02 -5.224689e-02 9.049626e+01
-6.144709e-02 2.951680e-02 9.976738e-01 3.800330e+01 1.581793e-02 9.994659e-01 -2.859559e-02 -2.805741e+00 -9.979850e-01 1.402402e-02 -6.188117e-02 9.044902e+01
-7.196856e-02 2.979692e-02 9.969617e-01 3.874862e+01 1.570085e-02 9.994637e-01 -2.873829e-02 -2.839208e+00 -9.972833e-01 1.358489e-02 -7.239780e-02 9.040313e+01
-8.056019e-02 2.956660e-02 9.963111e-01 3.948501e+01 1.664431e-02 9.994605e-01 -2.831423e-02 -2.877598e+00 -9.966108e-01 1.430191e-02 -8.100884e-02 9.033490e+01
-8.938598e-02 2.900688e-02 9.955746e-01 4.021504e+01 1.723883e-02 9.994711e-01 -2.757265e-02 -2.911030e+00 -9.958479e-01 1.469793e-02 -8.983875e-02 9.027902e+01
-9.708369e-02 2.763738e-02 9.948924e-01 4.093628e+01 1.781490e-02 9.995025e-01 -2.602702e-02 -2.945400e+00 -9.951168e-01 1.519711e-02 -9.752775e-02 9.022525e+01
-1.019623e-01 2.578448e-02 9.944540e-01 4.164631e+01 2.025863e-02 9.995105e-01 -2.383845e-02 -2.981714e+00 -9.945820e-01 1.771566e-02 -1.024348e-01 9.012338e+01
-1.054472e-01 2.415808e-02 9.941314e-01 4.234810e+01 2.347409e-02 9.994868e-01 -2.179833e-02 -3.010506e+00 -9.941478e-01 2.103776e-02 -1.059601e-01 9.004975e+01
-1.079900e-01 2.264979e-02 9.938939e-01 4.303486e+01 2.492823e-02 9.994878e-01 -2.006873e-02 -3.042807e+00 -9.938394e-01 2.260879e-02 -1.084993e-01 8.997996e+01
-1.091135e-01 2.124190e-02 9.938023e-01 4.370627e+01 2.485889e-02 9.995173e-01 -1.863469e-02 -3.079351e+00 -9.937184e-01 2.267153e-02 -1.095889e-01 8.989470e+01
-1.095819e-01 2.196795e-02 9.937350e-01 4.436174e+01 2.671887e-02 9.994596e-01 -1.914814e-02 -3.096337e+00 -9.936186e-01 2.445318e-02 -1.101096e-01 8.982081e+01
-1.085597e-01 2.290767e-02 9.938260e-01 4.500033e+01 2.836626e-02 9.993987e-01 -1.993756e-02 -3.120668e+00 -9.936851e-01 2.602671e-02 -1.091442e-01 8.974614e+01
-1.058169e-01 2.443801e-02 9.940853e-01 4.562088e+01 2.923905e-02 9.993422e-01 -2.145485e-02 -3.144492e+00 -9.939557e-01 2.679583e-02 -1.064618e-01 8.968166e+01
-1.009755e-01 2.503463e-02 9.945739e-01 4.622379e+01 2.881378e-02 9.993376e-01 -2.222918e-02 -3.158662e+00 -9.944716e-01 2.641283e-02 -1.016299e-01 8.963364e+01
-9.271059e-02 2.548476e-02 9.953669e-01 4.680597e+01 2.876117e-02 9.993238e-01 -2.290719e-02 -3.191825e+00 -9.952776e-01 2.650418e-02 -9.338087e-02 8.958615e+01
-8.259690e-02 2.535904e-02 9.962603e-01 4.736951e+01 2.763407e-02 9.993501e-01 -2.314663e-02 -3.217726e+00 -9.961998e-01 2.561889e-02 -8.324400e-02 8.956796e+01
-6.873190e-02 2.565189e-02 9.973053e-01 4.791154e+01 2.702958e-02 9.993503e-01 -2.384167e-02 -3.246048e+00 -9.972689e-01 2.531806e-02 -6.938060e-02 8.953466e+01
-5.257051e-02 2.798598e-02 9.982250e-01 4.844717e+01 2.576387e-02 9.993125e-01 -2.665964e-02 -3.257235e+00 -9.982848e-01 2.431663e-02 -5.325539e-02 8.954070e+01
-3.195936e-02 3.098647e-02 9.990087e-01 4.897500e+01 2.438320e-02 9.992460e-01 -3.021378e-02 -3.272612e+00 -9.991917e-01 2.339342e-02 -3.269081e-02 8.954987e+01
-6.883751e-03 3.408687e-02 9.993952e-01 4.949840e+01 2.275596e-02 9.991654e-01 -3.392229e-02 -3.294750e+00 -9.997174e-01 2.250869e-02 -7.653685e-03 8.955834e+01
2.165146e-02 3.558784e-02 9.991320e-01 5.002213e+01 2.064243e-02 9.991373e-01 -3.603536e-02 -3.324266e+00 -9.995525e-01 2.140473e-02 2.089817e-02 8.958404e+01
5.477466e-02 3.457212e-02 9.979000e-01 5.054141e+01 1.827559e-02 9.991983e-01 -3.562024e-02 -3.349738e+00 -9.983315e-01 2.018830e-02 5.409892e-02 8.963164e+01
9.312684e-02 3.217838e-02 9.951341e-01 5.105088e+01 1.717756e-02 9.992769e-01 -3.391986e-02 -3.375805e+00 -9.955061e-01 2.025283e-02 9.250676e-02 8.969526e+01
1.358067e-01 2.845925e-02 9.903265e-01 5.155675e+01 1.465628e-02 9.994202e-01 -3.073044e-02 -3.392848e+00 -9.906269e-01 1.868790e-02 1.353109e-01 8.978551e+01
1.813294e-01 2.432859e-02 9.831214e-01 5.206014e+01 1.230824e-02 9.995595e-01 -2.700554e-02 -3.415913e+00 -9.833454e-01 1.699739e-02 1.809501e-01 8.989879e+01
2.333053e-01 2.038261e-02 9.721899e-01 5.254491e+01 6.327840e-03 9.997273e-01 -2.247850e-02 -3.449475e+00 -9.723829e-01 1.139622e-02 2.331127e-01 9.000479e+01
2.863033e-01 1.863527e-02 9.579578e-01 5.301790e+01 2.577380e-03 9.997922e-01 -2.021938e-02 -3.471309e+00 -9.581356e-01 8.257897e-03 2.861958e-01 9.016298e+01
3.431382e-01 1.948971e-02 9.390827e-01 5.347609e+01 1.656851e-03 9.997706e-01 -2.135463e-02 -3.476332e+00 -9.392835e-01 8.883510e-03 3.430272e-01 9.034774e+01
3.996835e-01 2.145167e-02 9.164022e-01 5.388708e+01 2.753807e-03 9.996935e-01 -2.460246e-02 -3.478282e+00 -9.166491e-01 1.235679e-02 3.995019e-01 9.056706e+01
4.579988e-01 2.506757e-02 8.885993e-01 5.429037e+01 2.816325e-03 9.995564e-01 -2.964928e-02 -3.499019e+00 -8.889484e-01 1.608192e-02 4.577250e-01 9.082672e+01
5.159423e-01 2.803281e-02 8.561645e-01 5.465058e+01 3.738140e-03 9.993812e-01 -3.497474e-02 -3.518316e+00 -8.566152e-01 2.124541e-02 5.155183e-01 9.110538e+01
5.723235e-01 3.163861e-02 8.194174e-01 5.500836e+01 -3.125058e-04 9.992638e-01 -3.836440e-02 -3.538871e+00 -8.200279e-01 2.170078e-02 5.719120e-01 9.142090e+01
6.274512e-01 3.293588e-02 7.779590e-01 5.534502e+01 -3.235427e-03 9.992067e-01 -3.969319e-02 -3.568513e+00 -7.786492e-01 2.238851e-02 6.270600e-01 9.175636e+01
6.794457e-01 3.468692e-02 7.329055e-01 5.564679e+01 -5.967520e-03 9.991101e-01 -4.175360e-02 -3.578558e+00 -7.337016e-01 2.399568e-02 6.790480e-01 9.209326e+01
7.282404e-01 3.146033e-02 6.845992e-01 5.594320e+01 -5.609541e-03 9.991859e-01 -3.994983e-02 -3.610527e+00 -6.852988e-01 2.525280e-02 7.278241e-01 9.246622e+01
7.729327e-01 2.734732e-02 6.338983e-01 5.621031e+01 -7.352486e-03 9.993897e-01 -3.415004e-02 -3.633453e+00 -6.344454e-01 2.173496e-02 7.726621e-01 9.286192e+01
8.134729e-01 2.198895e-02 5.811869e-01 5.643288e+01 -7.870796e-03 9.996097e-01 -2.680323e-02 -3.654342e+00 -5.815495e-01 1.722930e-02 8.133285e-01 9.326064e+01
8.494136e-01 1.934921e-02 5.273729e-01 5.664550e+01 -1.016731e-02 9.997421e-01 -2.030437e-02 -3.670685e+00 -5.276298e-01 1.188484e-02 8.493913e-01 9.369204e+01
8.803547e-01 1.646945e-02 4.740299e-01 5.683871e+01 -1.151062e-02 9.998445e-01 -1.336088e-02 -3.679237e+00 -4.741762e-01 6.305931e-03 8.804074e-01 9.413384e+01
9.055493e-01 1.729244e-02 4.238884e-01 5.699284e+01 -1.560430e-02 9.998505e-01 -7.453364e-03 -3.705078e+00 -4.239539e-01 1.349065e-04 9.056837e-01 9.457715e+01
9.254437e-01 1.969872e-02 3.783728e-01 5.713156e+01 -1.967687e-02 9.997987e-01 -3.924467e-03 -3.715539e+00 -3.783740e-01 -3.813321e-03 9.256450e-01 9.504789e+01
9.404517e-01 2.602844e-02 3.389293e-01 5.725534e+01 -2.735219e-02 9.996255e-01 -8.712139e-04 -3.724282e+00 -3.388250e-01 -8.451124e-03 9.408114e-01 9.551089e+01
9.523014e-01 3.016509e-02 3.036646e-01 5.737568e+01 -3.105055e-02 9.995160e-01 -1.913319e-03 -3.718867e+00 -3.035753e-01 -7.606895e-03 9.527771e-01 9.598754e+01
9.614069e-01 3.265377e-02 2.731860e-01 5.747405e+01 -3.352541e-02 9.994368e-01 -1.478182e-03 -3.722313e+00 -2.730804e-01 -7.737538e-03 9.619601e-01 9.647005e+01
9.675655e-01 2.609459e-02 2.512689e-01 5.758317e+01 -2.663123e-02 9.996445e-01 -1.265020e-03 -3.728253e+00 -2.512125e-01 -5.467608e-03 9.679165e-01 9.695394e+01
9.714129e-01 2.315435e-02 2.362645e-01 5.768963e+01 -2.375460e-02 9.997178e-01 -3.059939e-04 -3.740387e+00 -2.362049e-01 -5.315122e-03 9.716887e-01 9.744982e+01
9.742715e-01 2.789571e-02 2.236445e-01 5.778046e+01 -2.852758e-02 9.995929e-01 -4.057228e-04 -3.742769e+00 -2.235648e-01 -5.984754e-03 9.746707e-01 9.796001e+01
9.761191e-01 3.482957e-02 2.144259e-01 5.788763e+01 -3.561231e-02 9.993657e-01 -2.127439e-04 -3.735060e+00 -2.142973e-01 -7.428540e-03 9.767402e-01 9.847459e+01
9.773557e-01 4.157626e-02 2.074782e-01 5.800038e+01 -4.216280e-02 9.991095e-01 -1.596214e-03 -3.734617e+00 -2.073598e-01 -7.187795e-03 9.782383e-01 9.899865e+01
9.778029e-01 4.726017e-02 2.041275e-01 5.810847e+01 -4.722942e-02 9.988714e-01 -5.025135e-03 -3.740424e+00 -2.041346e-01 -4.727232e-03 9.789314e-01 9.953366e+01
9.778913e-01 4.907120e-02 2.032748e-01 5.822717e+01 -4.856239e-02 9.987920e-01 -7.493230e-03 -3.748422e+00 -2.033970e-01 -2.543947e-03 9.790930e-01 1.000773e+02
9.774544e-01 4.784480e-02 2.056544e-01 5.835392e+01 -4.659861e-02 9.988542e-01 -1.090161e-02 -3.760055e+00 -2.059404e-01 1.072614e-03 9.785640e-01 1.006274e+02
9.767491e-01 4.651875e-02 2.092776e-01 5.847639e+01 -4.402342e-02 9.988931e-01 -1.656855e-02 -3.771699e+00 -2.098167e-01 6.970202e-03 9.777159e-01 1.011907e+02
9.756742e-01 4.747078e-02 2.140242e-01 5.857564e+01 -4.379643e-02 9.988009e-01 -2.187980e-02 -3.769175e+00 -2.148062e-01 1.197406e-02 9.765833e-01 1.017801e+02
9.745032e-01 5.269049e-02 2.180989e-01 5.871344e+01 -4.910508e-02 9.985550e-01 -2.183089e-02 -3.774787e+00 -2.189340e-01 1.056451e-02 9.756825e-01 1.023731e+02
9.729613e-01 5.641480e-02 2.239726e-01 5.883428e+01 -5.377721e-02 9.983932e-01 -1.786381e-02 -3.792992e+00 -2.246205e-01 5.336177e-03 9.744317e-01 1.029844e+02
9.720605e-01 5.324719e-02 2.286111e-01 5.899547e+01 -5.168300e-02 9.985811e-01 -1.282807e-02 -3.814393e+00 -2.289698e-01 6.543480e-04 9.734333e-01 1.035967e+02
9.714263e-01 4.845631e-02 2.323424e-01 5.914169e+01 -4.807263e-02 9.988170e-01 -7.316682e-03 -3.831980e+00 -2.324221e-01 -4.061695e-03 9.726065e-01 1.042265e+02
9.708348e-01 4.593112e-02 2.353086e-01 5.931950e+01 -4.652400e-02 9.989126e-01 -3.034531e-03 -3.838628e+00 -2.351921e-01 -8.001469e-03 9.719160e-01 1.048545e+02
9.702972e-01 4.104972e-02 2.384079e-01 5.947572e+01 -4.161654e-02 9.991301e-01 -2.657638e-03 -3.846793e+00 -2.383096e-01 -7.343015e-03 9.711615e-01 1.054976e+02
9.703890e-01 3.776664e-02 2.385768e-01 5.965277e+01 -3.745352e-02 9.992813e-01 -5.847252e-03 -3.863910e+00 -2.386262e-01 -3.261431e-03 9.711060e-01 1.061395e+02
9.705283e-01 3.740600e-02 2.380662e-01 5.981323e+01 -3.540342e-02 9.992926e-01 -1.268351e-02 -3.876703e+00 -2.383722e-01 3.881349e-03 9.711661e-01 1.067989e+02
9.707818e-01 4.013421e-02 2.365839e-01 5.997881e+01 -3.644908e-02 9.991367e-01 -1.993144e-02 -3.882140e+00 -2.371796e-01 1.072581e-02 9.714066e-01 1.074718e+02
9.713002e-01 4.323264e-02 2.338951e-01 6.014486e+01 -3.874503e-02 9.989669e-01 -2.374964e-02 -3.890859e+00 -2.346803e-01 1.400576e-02 9.719717e-01 1.081657e+02
9.720680e-01 4.054306e-02 2.311710e-01 6.032311e+01 -3.707273e-02 9.991254e-01 -1.933799e-02 -3.906380e+00 -2.317529e-01 1.022770e-02 9.727209e-01 1.088733e+02
9.725023e-01 3.663413e-02 2.299941e-01 6.048584e+01 -3.491166e-02 9.993236e-01 -1.155545e-02 -3.928844e+00 -2.302618e-01 3.208231e-03 9.731234e-01 1.095944e+02
9.731453e-01 3.672358e-02 2.272434e-01 6.065903e+01 -3.639536e-02 9.993216e-01 -5.635754e-03 -3.947213e+00 -2.272962e-01 -2.786198e-03 9.738217e-01 1.103170e+02
9.733945e-01 3.987861e-02 2.256386e-01 6.080626e+01 -3.951881e-02 9.992001e-01 -6.112974e-03 -3.969079e+00 -2.257019e-01 -2.966634e-03 9.741919e-01 1.110511e+02
9.736551e-01 4.540273e-02 2.234600e-01 6.096167e+01 -4.410392e-02 9.989685e-01 -1.080233e-02 -3.978014e+00 -2.237199e-01 6.622813e-04 9.746532e-01 1.117963e+02
9.742468e-01 4.755518e-02 2.204123e-01 6.111246e+01 -4.494922e-02 9.988476e-01 -1.682637e-02 -3.979607e+00 -2.209585e-01 6.485671e-03 9.752616e-01 1.125552e+02
9.751500e-01 4.679214e-02 2.165480e-01 6.128408e+01 -4.348264e-02 9.988535e-01 -2.002509e-02 -3.990149e+00 -2.172367e-01 1.011138e-02 9.760666e-01 1.133257e+02
9.760584e-01 4.496426e-02 2.128103e-01 6.144622e+01 -4.197680e-02 9.989466e-01 -1.853800e-02 -4.008119e+00 -2.134197e-01 9.161070e-03 9.769177e-01 1.141069e+02
9.771224e-01 4.011506e-02 2.088604e-01 6.164141e+01 -3.744544e-02 9.991588e-01 -1.672185e-02 -4.019291e+00 -2.093555e-01 8.518424e-03 9.778025e-01 1.148948e+02
9.776413e-01 3.889283e-02 2.066516e-01 6.182290e+01 -3.689337e-02 9.992277e-01 -1.352188e-02 -4.040338e+00 -2.070179e-01 5.595475e-03 9.783211e-01 1.157051e+02
9.780355e-01 3.523767e-02 2.054384e-01 6.199626e+01 -3.363380e-02 9.993704e-01 -1.129504e-02 -4.057499e+00 -2.057071e-01 4.137271e-03 9.786049e-01 1.165179e+02
