1.000000e+00 0.000000e+00 0.000000e+00 0.000000e+00 0.000000e+00 1.000000e+00 0.000000e+00 0.000000e+00 0.000000e+00 0.000000e+00 1.000000e+00 0.000000e+00
9.999980e-01 -1.963531e-03 -4.734022e-04 -1.093413e-02 1.964652e-03 9.999952e-01 2.379166e-03 -1.674346e-02 4.687284e-04 -2.380091e-03 9.999971e-01 1.523591e+00
9.999958e-01 -2.571488e-03 -1.308634e-03 -4.090235e-02 2.574918e-03 9.999932e-01 2.625990e-03 -1.968721e-02 1.301873e-03 -2.629349e-03 9.999957e-01 3.037463e+00
9.999959e-01 -1.398078e-03 -2.479848e-03 -5.648511e-02 1.403616e-03 9.999965e-01 2.233009e-03 -2.700112e-02 2.476718e-03 -2.236481e-03 9.999944e-01 4.550661e+00
9.999959e-01 -2.237523e-04 -2.859645e-03 -1.220241e-01 2.290484e-04 9.999983e-01 1.851809e-03 -3.238281e-02 2.859226e-03 -1.852456e-03 9.999942e-01 6.085323e+00
9.999903e-01 -1.244086e-03 -4.216749e-03 -1.220313e-01 1.253366e-03 9.999968e-01 2.198890e-03 -5.855280e-02 4.214000e-03 -2.204154e-03 9.999887e-01 7.569127e+00
9.999844e-01 -5.897020e-04 -5.545759e-03 -1.254919e-01 6.026008e-04 9.999971e-01 2.324498e-03 -7.309049e-02 5.544373e-03 -2.327804e-03 9.999819e-01 9.069485e+00
9.999691e-01 -2.483220e-03 -7.463129e-03 -1.183843e-01 2.497108e-03 9.999952e-01 1.852107e-03 -1.061833e-01 7.458494e-03 -1.870686e-03 9.999704e-01 1.056416e+01
9.999515e-01 -4.001010e-03 -9.000390e-03 -1.399001e-01 4.015902e-03 9.999906e-01 1.637055e-03 -1.126491e-01 8.993755e-03 -1.673121e-03 9.999582e-01 1.205736e+01
9.999437e-01 -4.087590e-03 -9.789563e-03 -1.627481e-01 4.101011e-03 9.999907e-01 1.351287e-03 -1.351708e-01 9.783948e-03 -1.391358e-03 9.999512e-01 1.354593e+01
9.999343e-01 -3.763734e-03 -1.082802e-02 -1.951926e-01 3.775832e-03 9.999923e-01 1.097107e-03 -1.560275e-01 1.082381e-02 -1.137920e-03 9.999408e-01 1.503039e+01
9.999320e-01 -1.707600e-03 -1.153628e-02 -2.122866e-01 1.726243e-03 9.999972e-01 1.606200e-03 -1.715600e-01 1.153350e-02 -1.626005e-03 9.999322e-01 1.651320e+01
9.999212e-01 -5.985259e-04 -1.254095e-02 -2.148329e-01 6.311119e-04 9.999964e-01 2.594570e-03 -1.940527e-01 1.253935e-02 -2.602280e-03 9.999180e-01 1.798721e+01
9.999088e-01 -1.016442e-05 -1.350690e-02 -2.441057e-01 5.797344e-05 9.999937e-01 3.539213e-03 -2.102381e-01 1.350678e-02 -3.539673e-03 9.999025e-01 1.946056e+01
9.998953e-01 -4.857036e-04 -1.446219e-02 -2.702464e-01 5.341298e-04 9.999943e-01 3.344796e-03 -2.161701e-01 1.446048e-02 -3.352171e-03 9.998898e-01 2.092264e+01
9.998923e-01 7.325810e-04 -1.465469e-02 -2.994319e-01 -6.894887e-04 9.999954e-01 2.945350e-03 -2.262477e-01 1.465678e-02 -2.934928e-03 9.998883e-01 2.237975e+01
9.998902e-01 2.620895e-03 -1.458250e-02 -3.242237e-01 -2.567643e-03 9.999900e-01 3.669310e-03 -2.456062e-01 1.459197e-02 -3.631464e-03 9.998869e-01 2.383210e+01
9.998864e-01 3.790548e-03 -1.459132e-02 -3.563889e-01 -3.711891e-03 9.999785e-01 5.413974e-03 -2.768941e-01 1.461153e-02 -5.359197e-03 9.998789e-01 2.527279e+01
9.998808e-01 5.407973e-03 -1.445879e-02 -4.005133e-01 -5.351590e-03 9.999779e-01 3.935436e-03 -2.932313e-01 1.447975e-02 -3.857590e-03 9.998877e-01 2.670555e+01
9.998891e-01 4.440753e-03 -1.421827e-02 -4.346394e-01 -4.410594e-03 9.999880e-01 2.151794e-03 -3.107228e-01 1.422765e-02 -2.088844e-03 9.998966e-01 2.813098e+01
9.999016e-01 1.954009e-03 -1.389353e-02 -4.644820e-01 -1.932949e-03 9.999970e-01 1.529095e-03 -3.247897e-01 1.389648e-02 -1.502089e-03 9.999023e-01 2.955247e+01
9.998983e-01 6.560106e-04 -1.424452e-02 -4.713657e-01 -5.950388e-04 9.999906e-01 4.284184e-03 -3.410686e-01 1.424719e-02 -4.275272e-03 9.998894e-01 3.096404e+01
9.998921e-01 -9.769058e-04 -1.465444e-02 -4.872623e-01 1.056420e-03 9.999848e-01 5.419155e-03 -3.558256e-01 1.464892e-02 -5.434052e-03 9.998779e-01 3.235870e+01
9.998922e-01 -2.085810e-03 -1.453534e-02 -5.104065e-01 2.156128e-03 9.999860e-01 4.823772e-03 -3.674273e-01 1.452508e-02 -4.854592e-03 9.998827e-01 3.374297e+01
9.999143e-01 -7.017936e-04 -1.307359e-02 -5.453539e-01 7.379687e-04 9.999959e-01 2.762418e-03 -3.903698e-01 1.307160e-02 -2.771829e-03 9.999107e-01 3.511056e+01
9.999270e-01 1.323305e-03 -1.200619e-02 -5.774009e-01 -1.298709e-03 9.999970e-01 2.056243e-03 -4.244090e-01 1.200888e-02 -2.040501e-03 9.999258e-01 3.646648e+01
9.999410e-01 1.404552e-03 -1.076880e-02 -6.025534e-01 -1.396399e-03 9.999987e-01 7.645385e-04 -4.487451e-01 1.076986e-02 -7.494559e-04 9.999417e-01 3.780067e+01
9.999462e-01 2.334949e-03 -1.010407e-02 -5.891712e-01 -2.315165e-03 9.999954e-01 1.969235e-03 -4.757866e-01 1.010862e-02 -1.945737e-03 9.999470e-01 3.912453e+01
9.999598e-01 2.897163e-03 -8.480994e-03 -6.113447e-01 -2.859797e-03 9.999862e-01 4.414629e-03 -5.005393e-01 8.493667e-03 -4.390198e-03 9.999543e-01 4.042758e+01
9.999738e-01 3.111404e-03 -6.533074e-03 -6.493981e-01 -3.076032e-03 9.999806e-01 5.417277e-03 -5.061682e-01 6.549803e-03 -5.397039e-03 9.999640e-01 4.170960e+01
9.999897e-01 3.608578e-03 -2.763447e-03 -6.913767e-01 -3.591764e-03 9.999752e-01 6.065630e-03 -5.224770e-01 2.785267e-03 -6.055642e-03 9.999778e-01 4.297232e+01
9.999956e-01 2.974648e-03 1.341863e-06 -6.929102e-01 -2.974597e-03 9.999755e-01 6.328642e-03 -5.545416e-01 1.748365e-05 -6.328618e-03 9.999800e-01 4.421328e+01
9.999916e-01 2.363771e-03 3.344777e-03 -6.657402e-01 -2.378417e-03 9.999876e-01 4.381429e-03 -5.663001e-01 -3.334379e-03 -4.389347e-03 9.999848e-01 4.544640e+01
9.999734e-01 2.591717e-03 6.818417e-03 -6.720464e-01 -2.609045e-03 9.999934e-01 2.533605e-03 -5.802675e-01 -6.811806e-03 -2.551328e-03 9.999735e-01 4.666663e+01
9.999404e-01 1.849271e-03 1.076039e-02 -6.772808e-01 -1.886543e-03 9.999923e-01 3.454743e-03 -6.178269e-01 -1.075392e-02 -3.474837e-03 9.999361e-01 4.787579e+01
9.998666e-01 2.563496e-03 1.613400e-02 -6.793177e-01 -2.613454e-03 9.999919e-01 3.076113e-03 -6.282309e-01 -1.612598e-02 -3.117868e-03 9.998651e-01 4.907394e+01
9.997538e-01 3.992962e-03 2.182701e-02 -6.596494e-01 -4.044075e-03 9.999892e-01 2.298056e-03 -6.406802e-01 -2.181760e-02 -2.385760e-03 9.997591e-01 5.025960e+01
9.995718e-01 5.037160e-03 2.882581e-02 -6.346669e-01 -5.111248e-03 9.999838e-01 2.497073e-03 -6.637622e-01 -2.881276e-02 -2.643340e-03 9.995813e-01 5.143703e+01
9.992785e-01 6.343254e-03 3.744735e-02 -6.200738e-01 -6.473457e-03 9.999734e-01 3.356734e-03 -6.724314e-01 -3.742506e-02 -3.596726e-03 9.992930e-01 5.260174e+01
9.988249e-01 9.183501e-03 4.758607e-02 -5.631988e-01 -9.372330e-03 9.999491e-01 3.746532e-03 -6.805338e-01 -4.754924e-02 -4.188122e-03 9.988601e-01 5.374952e+01
9.981164e-01 1.103922e-02 6.034681e-02 -5.119098e-01 -1.126185e-02 9.999310e-01 3.350313e-03 -6.814760e-01 -6.030566e-02 -4.023619e-03 9.981718e-01 5.488145e+01
9.970754e-01 1.292788e-02 7.532230e-02 -4.427069e-01 -1.325654e-02 9.999047e-01 3.865017e-03 -6.959253e-01 -7.526515e-02 -4.852226e-03 9.971518e-01 5.600113e+01
9.956696e-01 1.529928e-02 9.169461e-02 -3.491874e-01 -1.582675e-02 9.998621e-01 5.028110e-03 -7.069425e-01 -9.160503e-02 -6.457564e-03 9.957745e-01 5.711140e+01
9.939600e-01 1.565078e-02 1.086210e-01 -2.199675e-01 -1.634988e-02 9.998509e-01 5.548513e-03 -7.292717e-01 -1.085179e-01 -7.290940e-03 9.940678e-01 5.820240e+01
9.918567e-01 1.523442e-02 1.264447e-01 -8.225552e-02 -1.601485e-02 9.998585e-01 5.157779e-03 -7.600733e-01 -1.263483e-01 -7.140771e-03 9.919602e-01 5.927895e+01
9.889631e-01 1.499048e-02 1.474018e-01 4.974064e-02 -1.579417e-02 9.998661e-01 4.283364e-03 -7.648109e-01 -1.473179e-01 -6.564179e-03 9.890674e-01 6.034570e+01
9.855639e-01 1.213441e-02 1.688683e-01 2.063678e-01 -1.290747e-02 9.999106e-01 3.480898e-03 -7.611873e-01 -1.688110e-01 -5.610310e-03 9.856325e-01 6.139793e+01
9.816758e-01 7.239837e-03 1.904212e-01 4.189102e-01 -8.492702e-03 9.999473e-01 5.764191e-03 -7.908091e-01 -1.903694e-01 -7.275757e-03 9.816856e-01 6.242817e+01
9.769281e-01 1.859286e-03 2.135605e-01 6.299094e-01 -3.595829e-03 9.999636e-01 7.743231e-03 -8.148945e-01 -2.135384e-01 -8.332507e-03 9.768991e-01 6.344601e+01
9.713862e-01 -2.652218e-03 2.374907e-01 8.568606e-01 1.030254e-03 9.999753e-01 6.953443e-03 -8.277294e-01 -2.375033e-01 -6.509803e-03 9.713649e-01 6.444417e+01
9.650043e-01 -9.845939e-03 2.620492e-01 1.139124e+00 8.941123e-03 9.999492e-01 4.644993e-03 -8.268626e-01 -2.620816e-01 -2.139424e-03 9.650433e-01 6.541915e+01
9.578039e-01 -1.356877e-02 2.871019e-01 1.470480e+00 1.251280e-02 9.999065e-01 5.512643e-03 -8.543397e-01 -2.871499e-01 -1.687581e-03 9.578842e-01 6.636684e+01
9.490754e-01 -1.686751e-02 3.145972e-01 1.772102e+00 1.495492e-02 9.998521e-01 8.492361e-03 -8.775767e-01 -3.146939e-01 -3.355117e-03 9.491873e-01 6.731913e+01
9.394181e-01 -2.130619e-02 3.421105e-01 2.112754e+00 1.857309e-02 9.997641e-01 1.126321e-02 -8.751801e-01 -3.422698e-01 -4.226811e-03 9.395922e-01 6.824311e+01
9.282716e-01 -2.463347e-02 3.710863e-01 2.444748e+00 2.214465e-02 9.996946e-01 1.096698e-02 -8.965334e-01 -3.712432e-01 -1.962758e-03 9.285336e-01 6.915276e+01
9.161701e-01 -2.357234e-02 4.000959e-01 2.822390e+00 2.301667e-02 9.997159e-01 6.194664e-03 -8.816392e-01 -4.001282e-01 3.533508e-03 9.164524e-01 7.003490e+01
9.028806e-01 -2.409243e-02 4.292158e-01 3.228764e+00 2.645593e-02 9.996499e-01 4.600053e-04 -8.757404e-01 -4.290766e-01 1.093997e-02 9.032019e-01 7.090071e+01
8.891413e-01 -2.580538e-02 4.569046e-01 3.682437e+00 2.979930e-02 9.995547e-01 -1.536194e-03 -9.052004e-01 -4.566615e-01 1.498133e-02 8.895144e-01 7.174053e+01
8.735618e-01 -2.659976e-02 4.859858e-01 4.144717e+00 2.973626e-02 9.995570e-01 1.258300e-03 -9.128957e-01 -4.858040e-01 1.335220e-02 8.739658e-01 7.257599e+01
8.558713e-01 -2.550673e-02 5.165595e-01 4.614609e+00 2.580321e-02 9.996452e-01 6.608044e-03 -9.172541e-01 -5.165448e-01 7.673260e-03 8.562258e-01 7.339307e+01
8.370078e-01 -2.547145e-02 5.465979e-01 5.153501e+00 2.406165e-02 9.996630e-01 9.738566e-03 -9.138593e-01 -5.466617e-01 5.000792e-03 8.373386e-01 7.415162e+01
8.159284e-01 -1.866353e-02 5.778516e-01 5.681619e+00 1.932608e-02 9.998007e-01 5.003209e-03 -9.312610e-01 -5.778298e-01 7.085344e-03 8.161265e-01 7.490919e+01
7.941869e-01 -1.187034e-02 6.075577e-01 6.232939e+00 1.608079e-02 9.998696e-01 -1.485228e-03 -9.508523e-01 -6.074608e-01 1.094956e-02 7.942742e-01 7.564195e+01
7.715083e-01 -9.459798e-03 6.361489e-01 6.811139e+00 1.515320e-02 9.998790e-01 -3.508879e-03 -9.681261e-01 -6.360388e-01 1.234682e-02 7.715583e-01 7.635991e+01
7.483950e-01 -1.204149e-02 6.631440e-01 7.419961e+00 1.638232e-02 9.998657e-01 -3.326249e-04 -9.763869e-01 -6.630509e-01 1.111277e-02 7.484918e-01 7.703942e+01
7.242267e-01 -1.271178e-02 6.894447e-01 8.041059e+00 1.742541e-02 9.998482e-01 1.303905e-04 -9.939424e-01 -6.893417e-01 1.191943e-02 7.243383e-01 7.768790e+01
6.997095e-01 -1.161373e-02 7.143331e-01 8.701315e+00 1.859902e-02 9.998251e-01 -1.962968e-03 -1.026319e+00 -7.141853e-01 1.465940e-02 6.998031e-01 7.829844e+01
6.732825e-01 -8.993108e-03 7.393307e-01 9.358043e+00 1.855205e-02 9.998167e-01 -4.733083e-03 -1.034559e+00 -7.391526e-01 1.690280e-02 6.733259e-01 7.890955e+01
6.466059e-01 -6.567808e-03 7.627960e-01 1.004493e+01 1.705173e-02 9.998375e-01 -5.845608e-03 -1.046714e+00 -7.626336e-01 1.678679e-02 6.466128e-01 7.949574e+01
6.173417e-01 -5.596149e-03 7.866752e-01 1.072850e+01 1.736511e-02 9.998280e-01 -6.514787e-03 -1.070095e+00 -7.865035e-01 1.768255e-02 6.173327e-01 8.008247e+01
5.886748e-01 9.467120e-04 8.083694e-01 1.146051e+01 1.557245e-02 9.998005e-01 -1.251115e-02 -1.096901e+00 -8.082199e-01 1.995329e-02 5.885426e-01 8.061382e+01
5.596310e-01 1.050118e-02 8.286754e-01 1.224007e+01 1.488723e-02 9.996310e-01 -2.272139e-02 -1.098228e+00 -8.286082e-01 2.505228e-02 5.592681e-01 8.110085e+01
5.278959e-01 1.891817e-02 8.490984e-01 1.301758e+01 1.361010e-02 9.994351e-01 -3.072930e-02 -1.127359e+00 -8.492001e-01 2.777819e-02 5.273402e-01 8.160517e+01
4.970726e-01 2.324706e-02 8.673975e-01 1.383043e+01 1.260396e-02 9.993421e-01 -3.400616e-02 -1.154880e+00 -8.676174e-01 2.783618e-02 4.964526e-01 8.205205e+01
4.623973e-01 2.199487e-02 8.864000e-01 1.462261e+01 1.095301e-02 9.994743e-01 -3.051439e-02 -1.215208e+00 -8.866052e-01 2.381852e-02 4.619133e-01 8.254858e+01
4.292934e-01 1.986244e-02 9.029467e-01 1.546268e+01 7.154811e-03 9.996520e-01 -2.539136e-02 -1.254360e+00 -9.031368e-01 1.736075e-02 4.290018e-01 8.294328e+01
3.942606e-01 2.126105e-02 9.187527e-01 1.631465e+01 3.137873e-03 9.996954e-01 -2.448071e-02 -1.283826e+00 -9.189933e-01 1.253471e-02 3.940738e-01 8.333879e+01
3.613989e-01 2.330729e-02 9.321200e-01 1.720412e+01 -3.432426e-03 9.997140e-01 -2.366664e-02 -1.327670e+00 -9.324050e-01 5.353663e-03 3.613755e-01 8.364032e+01
3.222511e-01 2.596038e-02 9.462982e-01 1.806340e+01 -9.057195e-03 9.996627e-01 -2.434003e-02 -1.358759e+00 -9.466109e-01 -7.272052e-04 3.223775e-01 8.403634e+01
2.844981e-01 2.602313e-02 9.583233e-01 1.895677e+01 -1.149401e-02 9.996523e-01 -2.373318e-02 -1.378497e+00 -9.586077e-01 -4.262934e-03 2.846983e-01 8.436178e+01
2.487190e-01 2.552099e-02 9.682394e-01 1.988838e+01 -1.227745e-02 9.996556e-01 -2.319526e-02 -1.409573e+00 -9.684979e-01 -6.118405e-03 2.489466e-01 8.458835e+01
2.132652e-01 2.486465e-02 9.766779e-01 2.082592e+01 -1.184430e-02 9.996684e-01 -2.286366e-02 -1.444631e+00 -9.769225e-01 -6.692042e-03 2.134890e-01 8.479581e+01
1.779772e-01 2.381257e-02 9.837464e-01 2.177610e+01 -9.237691e-03 9.997035e-01 -2.252757e-02 -1.471801e+00 -9.839912e-01 -5.078151e-03 1.781445e-01 8.495967e+01
1.423898e-01 2.294542e-02 9.895447e-01 2.272774e+01 -1.254617e-03 9.997347e-01 -2.300117e-02 -1.500482e+00 -9.898099e-01 2.033632e-03 1.423808e-01 8.509176e+01
1.089202e-01 2.568708e-02 9.937185e-01 2.368425e+01 1.109879e-03 9.996623e-01 -2.596238e-02 -1.541334e+00 -9.940499e-01 3.930736e-03 1.088550e-01 8.520104e+01
7.677726e-02 3.027066e-02 9.965887e-01 2.464791e+01 2.409020e-03 9.995305e-01 -3.054561e-02 -1.575597e+00 -9.970454e-01 4.746010e-03 7.666829e-02 8.525431e+01
4.721613e-02 3.365863e-02 9.983175e-01 2.561722e+01 7.941883e-03 9.993879e-01 -3.407034e-02 -1.620384e+00 -9.988531e-01 9.537190e-03 4.691991e-02 8.530913e+01
2.241891e-02 3.117172e-02 9.992626e-01 2.659835e+01 1.060270e-02 9.994502e-01 -3.141545e-02 -1.671320e+00 -9.996924e-01 1.129918e-02 2.207608e-02 8.529932e+01
7.833355e-04 2.777620e-02 9.996139e-01 2.758157e+01 1.266965e-02 9.995337e-01 -2.778390e-02 -1.711941e+00 -9.999194e-01 1.268652e-02 4.310555e-04 8.529699e+01
-1.878204e-02 2.577832e-02 9.994912e-01 2.856225e+01 1.343359e-02 9.995838e-01 -2.552827e-02 -1.737858e+00 -9.997334e-01 1.294728e-02 -1.912052e-02 8.531409e+01
-3.413980e-02 2.946624e-02 9.989826e-01 2.954547e+01 1.537456e-02 9.994625e-01 -2.895498e-02 -1.768403e+00 -9.992988e-01 1.437040e-02 -3.457448e-02 8.527323e+01
-4.786098e-02 3.391908e-02 9.982779e-01 3.053176e+01 1.821386e-02 9.992867e-01 -3.308012e-02 -1.804392e+00 -9.986879e-01 1.659925e-02 -4.844464e-02 8.520455e+01
-6.000074e-02 3.976679e-02 9.974059e-01 3.152481e+01 2.245085e-02 9.990071e-01 -3.848006e-02 -1.828674e+00 -9.979458e-01 2.008377e-02 -6.083397e-02 8.515596e+01
-6.853880e-02 4.357569e-02 9.966963e-01 3.251412e+01 2.826714e-02 9.987294e-01 -4.172076e-02 -1.862361e+00 -9.972479e-01 2.531427e-02 -6.968348e-02 8.505463e+01
-7.362499e-02 4.914932e-02 9.960741e-01 3.350606e+01 3.160978e-02 9.983980e-01 -4.692754e-02 -1.910753e+00 -9.967849e-01 2.803065e-02 -7.506065e-02 8.497591e+01
-7.576919e-02 5.439297e-02 9.956407e-01 3.450456e+01 3.373709e-02 9.980792e-01 -5.195876e-02 -1.958155e+00 -9.965545e-01 2.965315e-02 -7.745871e-02 8.488184e+01
-7.864384e-02 5.877332e-02 9.951688e-01 3.550657e+01 3.580172e-02 9.977831e-01 -5.609847e-02 -2.013938e+00 -9.962597e-01 3.121695e-02 -8.057369e-02 8.480512e+01
-8.184414e-02 6.161208e-02 9.947389e-01 3.651059e+01 3.535537e-02 9.976386e-01 -5.888275e-02 -2.082204e+00 -9.960178e-01 3.035015e-02 -8.382919e-02 8.473842e+01
-8.508136e-02 6.591537e-02 9.941913e-01 3.751605e+01 3.672984e-02 9.973386e-01 -6.298076e-02 -2.134010e+00 -9.956968e-01 3.115800e-02 -8.727599e-02 8.465621e+01
-8.708102e-02 6.932197e-02 9.937864e-01 3.852688e+01 3.928877e-02 9.970388e-01 -6.610615e-02 -2.209008e+00 -9.954262e-01 3.328805e-02 -8.954673e-02 8.456766e+01
-8.931193e-02 7.070107e-02 9.934912e-01 3.954635e+01 4.196289e-02 9.968588e-01 -6.716839e-02 -2.286739e+00 -9.951193e-01 3.569082e-02 -9.199821e-02 8.448121e+01
-9.168683e-02 6.980931e-02 9.933379e-01 4.056781e+01 4.114168e-02 9.969535e-01 -6.626596e-02 -2.364255e+00 -9.949376e-01 3.479188e-02 -9.427957e-02 8.441054e+01
-9.435826e-02 6.981789e-02 9.930871e-01 4.158817e+01 4.070527e-02 9.969742e-01 -6.622355e-02 -2.437959e+00 -9.947058e-01 3.417514e-02 -9.691471e-02 8.432031e+01
-9.597407e-02 7.103933e-02 9.928456e-01 4.260963e+01 4.119408e-02 9.968789e-01 -6.734586e-02 -2.514707e+00 -9.945311e-01 3.443591e-02 -9.860093e-02 8.420867e+01
-9.738241e-02 7.355003e-02 9.925256e-01 4.363728e+01 4.058366e-02 9.967296e-01 -6.987966e-02 -2.584252e+00 -9.944192e-01 3.347527e-02 -1.000489e-01 8.407940e+01
-1.007102e-01 7.542293e-02 9.920528e-01 4.467127e+01 3.896113e-02 9.966565e-01 -7.181771e-02 -2.675150e+00 -9.941526e-01 3.141872e-02 -1.033121e-01 8.398248e+01
-1.030761e-01 7.914062e-02 9.915201e-01 4.570591e+01 3.627179e-02 9.964658e-01 -7.576464e-02 -2.756749e+00 -9.940119e-01 2.815468e-02 -1.055824e-01 8.386395e+01
-1.059419e-01 8.291097e-02 9.909097e-01 4.674706e+01 3.155089e-02 9.962963e-01 -7.998846e-02 -2.859716e+00 -9.938716e-01 2.278995e-02 -1.081654e-01 8.376268e+01
-1.071638e-01 8.552811e-02 9.905558e-01 4.778967e+01 3.077931e-02 9.961010e-01 -8.267702e-02 -2.938787e+00 -9.937648e-01 2.162864e-02 -1.093785e-01 8.362342e+01
-1.104178e-01 8.410251e-02 9.903205e-01 4.884912e+01 2.852179e-02 9.962711e-01 -8.142776e-02 -3.020954e+00 -9.934759e-01 1.925464e-02 -1.124049e-01 8.352560e+01
-1.129626e-01 7.960440e-02 9.904053e-01 4.990377e+01 2.589685e-02 9.966827e-01 -7.715524e-02 -3.114826e+00 -9.932617e-01 1.693272e-02 -1.146494e-01 8.340423e+01
-1.139623e-01 7.845076e-02 9.903828e-01 5.095900e+01 2.727290e-02 9.967487e-01 -7.581676e-02 -3.194086e+00 -9.931107e-01 1.837036e-02 -1.157313e-01 8.325902e+01
-1.155673e-01 7.852428e-02 9.901910e-01 5.201383e+01 2.633933e-02 9.967621e-01 -7.597126e-02 -3.294181e+00 -9.929504e-01 1.730117e-02 -1.172614e-01 8.312358e+01
-1.175981e-01 8.106484e-02 9.897470e-01 5.307496e+01 2.794405e-02 9.965381e-01 -7.830085e-02 -3.393018e+00 -9.926680e-01 1.844950e-02 -1.194563e-01 8.301477e+01
-1.181993e-01 8.397229e-02 9.894330e-01 5.414465e+01 2.787840e-02 9.963058e-01 -8.122519e-02 -3.475263e+00 -9.925985e-01 1.798304e-02 -1.201037e-01 8.287906e+01
-1.182059e-01 8.556045e-02 9.892961e-01 5.521920e+01 2.618976e-02 9.962030e-01 -8.302852e-02 -3.555325e+00 -9.926437e-01 1.609497e-02 -1.199979e-01 8.275110e+01
-1.182748e-01 8.481838e-02 9.893518e-01 5.629708e+01 2.355603e-02 9.963045e-01 -8.259837e-02 -3.643017e+00 -9.927015e-01 1.353590e-02 -1.198357e-01 8.264259e+01
-1.180612e-01 8.514065e-02 9.893496e-01 5.737396e+01 2.032723e-02 9.963160e-01 -8.331447e-02 -3.720390e+00 -9.927982e-01 1.027454e-02 -1.193569e-01 8.250948e+01
-1.186471e-01 8.610315e-02 9.891962e-01 5.846010e+01 1.608669e-02 9.962690e-01 -8.478931e-02 -3.809483e+00 -9.928062e-01 5.852881e-03 -1.195896e-01 8.240653e+01
-1.199315e-01 8.611569e-02 9.890402e-01 5.955168e+01 1.147471e-02 9.962845e-01 -8.535502e-02 -3.907014e+00 -9.927159e-01 1.112192e-03 -1.204740e-01 8.228761e+01
-1.201577e-01 8.558257e-02 9.890590e-01 6.065692e+01 8.892058e-03 9.963300e-01 -8.513146e-02 -4.004410e+00 -9.927150e-01 -1.434430e-03 -1.204777e-01 8.214434e+01
-1.205151e-01 8.070058e-02 9.894259e-01 6.176148e+01 9.101304e-03 9.967382e-01 -8.018843e-02 -4.091377e+00 -9.926698e-01 -6.588529e-04 -1.208565e-01 8.202184e+01
-1.215420e-01 7.130771e-02 9.900216e-01 6.287150e+01 1.251386e-02 9.974470e-01 -7.030624e-02 -4.192021e+00 -9.925074e-01 3.843831e-03 -1.221240e-01 8.189535e+01
-1.220598e-01 6.592257e-02 9.903311e-01 6.397546e+01 1.674390e-02 9.977866e-01 -6.435514e-02 -4.273429e+00 -9.923815e-01 8.726828e-03 -1.228934e-01 8.177092e+01
-1.218317e-01 6.796865e-02 9.902208e-01 6.508055e+01 2.417750e-02 9.975598e-01 -6.549772e-02 -4.356614e+00 -9.922563e-01 1.596136e-02 -1.231777e-01 8.163897e+01
-1.204709e-01 7.353582e-02 9.899895e-01 6.618829e+01 3.039025e-02 9.970584e-01 -7.036273e-02 -4.433319e+00 -9.922516e-01 2.160937e-02 -1.223513e-01 8.148828e+01
-1.189706e-01 7.885354e-02 9.897616e-01 6.729844e+01 3.482603e-02 9.965595e-01 -7.520898e-02 -4.524174e+00 -9.922868e-01 2.552181e-02 -1.213074e-01 8.132982e+01
-1.180417e-01 8.368903e-02 9.894758e-01 6.842372e+01 3.598073e-02 9.961484e-01 -7.996099e-02 -4.611851e+00 -9.923566e-01 2.616333e-02 -1.205983e-01 8.120222e+01
-1.183332e-01 8.064869e-02 9.896934e-01 6.955800e+01 3.235907e-02 9.964801e-01 -7.733270e-02 -4.702578e+00 -9.924465e-01 2.287453e-02 -1.205264e-01 8.108761e+01
-1.185349e-01 7.553840e-02 9.900724e-01 7.069466e+01 3.225824e-02 9.968688e-01 -7.219486e-02 -4.804240e+00 -9.924258e-01 2.338038e-02 -1.206004e-01 8.097154e+01
-1.167908e-01 7.358552e-02 9.904267e-01 7.182451e+01 3.022210e-02 9.970529e-01 -7.051404e-02 -4.893098e+00 -9.926966e-01 2.169739e-02 -1.186705e-01 8.082466e+01
-1.149096e-01 7.478762e-02 9.905567e-01 7.295848e+01 2.840421e-02 9.970016e-01 -7.197918e-02 -4.972972e+00 -9.929698e-01 1.986488e-02 -1.166894e-01 8.066901e+01
-1.147236e-01 8.045562e-02 9.901340e-01 7.409953e+01 2.946339e-02 9.965520e-01 -7.756330e-02 -5.061090e+00 -9.929604e-01 2.027436e-02 -1.166986e-01 8.055377e+01
-1.131670e-01 8.366467e-02 9.900472e-01 7.524953e+01 2.972123e-02 9.962875e-01 -8.079474e-02 -5.157645e+00 -9.931313e-01 2.028212e-02 -1.152335e-01 8.041702e+01
-1.131931e-01 8.265993e-02 9.901286e-01 7.641189e+01 3.082001e-02 9.963459e-01 -7.965558e-02 -5.263256e+00 -9.930949e-01 2.149931e-02 -1.153271e-01 8.029309e+01
-1.120377e-01 7.595821e-02 9.907966e-01 7.756549e+01 3.214825e-02 9.968294e-01 -7.278543e-02 -5.357012e+00 -9.931838e-01 2.369767e-02 -1.141243e-01 8.012937e+01
-1.117375e-01 7.427896e-02 9.909578e-01 7.872055e+01 3.185969e-02 9.969577e-01 -7.113629e-02 -5.449150e+00 -9.932269e-01 2.362302e-02 -1.137641e-01 7.998378e+01
-1.117242e-01 7.777213e-02 9.906913e-01 7.988178e+01 2.941591e-02 9.967548e-01 -7.493078e-02 -5.537597e+00 -9.933038e-01 2.077050e-02 -1.136494e-01 7.985418e+01
-1.113275e-01 8.157833e-02 9.904298e-01 8.105717e+01 2.908537e-02 9.964656e-01 -7.880619e-02 -5.623245e+00 -9.933581e-01 2.003372e-02 -1.133068e-01 7.972223e+01
-1.107853e-01 8.171936e-02 9.904790e-01 8.221725e+01 2.894245e-02 9.964563e-01 -7.897530e-02 -5.707465e+00 -9.934229e-01 1.991759e-02 -1.127578e-01 7.957872e+01
-1.100106e-01 7.802666e-02 9.908630e-01 8.337893e+01 2.845838e-02 9.967524e-01 -7.533084e-02 -5.801771e+00 -9.935229e-01 1.991117e-02 -1.118738e-01 7.943717e+01
-1.091112e-01 7.733411e-02 9.910167e-01 8.454848e+01 3.035324e-02 9.967634e-01 -7.444065e-02 -5.894646e+00 -9.935660e-01 2.195827e-02 -1.111054e-01 7.930032e+01
-1.080878e-01 7.744548e-02 9.911202e-01 8.572355e+01 3.109203e-02 9.967367e-01 -7.449357e-02 -5.991523e+00 -9.936550e-01 2.276409e-02 -1.101430e-01 7.917861e+01
-1.073167e-01 7.829437e-02 9.911373e-01 8.691156e+01 3.237993e-02 9.966409e-01 -7.522314e-02 -6.076244e+00 -9.936975e-01 2.402025e-02 -1.094914e-01 7.904739e+01
-1.051359e-01 7.766337e-02 9.914206e-01 8.809641e+01 3.231912e-02 9.966860e-01 -7.464853e-02 -6.174524e+00 -9.939326e-01 2.419361e-02 -1.072975e-01 7.890209e+01
-1.031936e-01 7.842451e-02 9.915648e-01 8.930489e+01 3.457745e-02 9.965672e-01 -7.522163e-02 -6.272174e+00 -9.940601e-01 2.652339e-02 -1.055511e-01 7.876633e+01
-1.025568e-01 7.691829e-02 9.917488e-01 9.051979e+01 3.426312e-02 9.966874e-01 -7.375816e-02 -6.363949e+00 -9.941369e-01 2.641601e-02 -1.048525e-01 7.864732e+01
-1.013605e-01 7.618620e-02 9.919283e-01 9.173409e+01 3.325294e-02 9.967657e-01 -7.315978e-02 -6.464399e+00 -9.942939e-01 2.556902e-02 -1.035661e-01 7.852684e+01
-1.007318e-01 7.602769e-02 9.920045e-01 9.295762e+01 3.480672e-02 9.967349e-01 -7.285583e-02 -6.547112e+00 -9.943046e-01 2.718952e-02 -1.030492e-01 7.841398e+01
-9.823082e-02 7.724136e-02 9.921615e-01 9.417769e+01 3.362250e-02 9.966717e-01 -7.426362e-02 -6.642984e+00 -9.945955e-01 2.606397e-02 -1.005009e-01 7.827144e+01
-9.730164e-02 7.900274e-02 9.921144e-01 9.540683e+01 3.373372e-02 9.965335e-01 -7.604620e-02 -6.755759e+00 -9.946831e-01 2.606829e-02 -9.962940e-02 7.816526e+01
-9.671353e-02 7.821252e-02 9.922345e-01 9.663800e+01 3.088082e-02 9.966636e-01 -7.555167e-02 -6.850886e+00 -9.948331e-01 2.333414e-02 -9.880612e-02 7.805910e+01
-9.515113e-02 7.716527e-02 9.924675e-01 9.786862e+01 2.835916e-02 9.967965e-01 -7.478297e-02 -6.944730e+00 -9.950588e-01 2.102986e-02 -9.703465e-02 7.792752e+01
-9.522012e-02 7.783527e-02 9.924086e-01 9.910875e+01 2.415719e-02 9.968255e-01 -7.586385e-02 -7.055812e+00 -9.951631e-01 1.675004e-02 -9.679813e-02 7.782397e+01
-9.598103e-02 7.718126e-02 9.923864e-01 1.003559e+02 2.185642e-02 9.969123e-01 -7.541937e-02 -7.151584e+00 -9.951432e-01 1.445119e-02 -9.737158e-02 7.772665e+01
-9.832844e-02 7.543984e-02 9.922905e-01 1.016075e+02 1.899211e-02 9.970831e-01 -7.392223e-02 -7.234968e+00 -9.949728e-01 1.157703e-02 -9.947439e-02 7.763259e+01
-9.985899e-02 7.361735e-02 9.922745e-01 1.028554e+02 1.755253e-02 9.972343e-01 -7.221890e-02 -7.337206e+00 -9.948468e-01 1.020522e-02 -1.008750e-01 7.752607e+01
-1.015230e-01 7.318899e-02 9.921373e-01 1.041061e+02 1.596712e-02 9.972815e-01 -7.193460e-02 -7.420254e+00 -9.947050e-01 8.538562e-03 -1.024157e-01 7.740829e+01
-1.025362e-01 7.301362e-02 9.920460e-01 1.053544e+02 1.660320e-02 9.972892e-01 -7.168344e-02 -7.517634e+00 -9.945907e-01 9.120992e-03 -1.034705e-01 7.727392e+01
-1.055169e-01 7.277011e-02 9.917513e-01 1.066065e+02 1.634509e-02 9.973110e-01 -7.143903e-02 -7.598539e+00 -9.942832e-01 8.672237e-03 -1.064226e-01 7.715791e+01
-1.083414e-01 6.797132e-02 9.917873e-01 1.078463e+02 1.354249e-02 9.976681e-01 -6.689499e-02 -7.700769e+00 -9.940215e-01 6.183767e-03 -1.090093e-01 7.701709e+01
-1.136507e-01 6.801603e-02 9.911899e-01 1.090739e+02 1.295327e-02 9.976705e-01 -6.697551e-02 -7.793986e+00 -9.934363e-01 5.227336e-03 -1.142670e-01 7.688448e+01
-1.194779e-01 7.369724e-02 9.900978e-01 1.103119e+02 7.216497e-03 9.972793e-01 -7.336095e-02 -7.892092e+00 -9.928106e-01 -1.619976e-03 -1.196847e-01 7.674731e+01
-1.258098e-01 7.663406e-02 9.890900e-01 1.115344e+02 9.110024e-03 9.970591e-01 -7.609273e-02 -8.002159e+00 -9.920125e-01 -5.625807e-04 -1.261380e-01 7.658385e+01
-1.365835e-01 7.245954e-02 9.879750e-01 1.127691e+02 1.093830e-02 9.973708e-01 -7.163647e-02 -8.110610e+00 -9.905682e-01 1.022406e-03 -1.370170e-01 7.646048e+01
-1.490849e-01 6.963392e-02 9.863695e-01 1.139947e+02 1.308222e-02 9.975690e-01 -6.844725e-02 -8.224655e+00 -9.887379e-01 2.699456e-03 -1.496334e-01 7.630965e+01
-1.613022e-01 7.080516e-02 9.843618e-01 1.152166e+02 1.391225e-02 9.974871e-01 -6.946953e-02 -8.314233e+00 -9.868070e-01 2.489101e-03 -1.618819e-01 7.610611e+01
-1.756024e-01 7.092327e-02 9.819031e-01 1.164313e+02 1.600643e-02 9.974754e-01 -6.918549e-02 -8.410547e+00 -9.843310e-01 3.567627e-03 -1.762943e-01 7.588980e+01
-1.887230e-01 6.851100e-02 9.796376e-01 1.176305e+02 1.558241e-02 9.976468e-01 -6.676858e-02 -8.493445e+00 -9.819067e-01 2.664348e-03 -1.893464e-01 7.561981e+01
-2.035783e-01 7.136853e-02 9.764540e-01 1.188203e+02 1.897874e-02 9.974399e-01 -6.894555e-02 -8.578748e+00 -9.788747e-01 4.496047e-03 -2.044116e-01 7.536056e+01
-2.199837e-01 7.560593e-02 9.725692e-01 1.200118e+02 2.025768e-02 9.971311e-01 -7.293328e-02 -8.659782e+00 -9.752932e-01 3.657859e-03 -2.208842e-01 7.514135e+01
-2.375351e-01 7.920072e-02 9.681448e-01 1.212054e+02 1.914172e-02 9.968587e-01 -7.685327e-02 -8.754360e+00 -9.711903e-01 2.766063e-04 -2.383049e-01 7.491889e+01
-2.525620e-01 7.669544e-02 9.645363e-01 1.223850e+02 1.522624e-02 9.970452e-01 -7.529344e-02 -8.867057e+00 -9.674609e-01 -4.329998e-03 -2.529835e-01 7.459373e+01
-2.678158e-01 7.068739e-02 9.608736e-01 1.235628e+02 1.007759e-02 9.974559e-01 -7.056976e-02 -8.969520e+00 -9.634174e-01 -9.216410e-03 -2.678468e-01 7.427091e+01
-2.837979e-01 6.675839e-02 9.565574e-01 1.247334e+02 6.008597e-03 9.976777e-01 -6.784552e-02 -9.054842e+00 -9.588653e-01 -1.350685e-02 -2.835400e-01 7.395438e+01
-2.996973e-01 6.939285e-02 9.515073e-01 1.258983e+02 6.015574e-03 9.974688e-01 -7.085007e-02 -9.128230e+00 -9.540154e-01 -1.550971e-02 -2.993562e-01 7.362585e+01
-3.156436e-01 7.083508e-02 9.462302e-01 1.270512e+02 5.336116e-03 9.973264e-01 -7.288014e-02 -9.237094e+00 -9.488628e-01 -1.795496e-02 -3.151777e-01 7.328694e+01
-3.285666e-01 7.311020e-02 9.416469e-01 1.281846e+02 7.208966e-03 9.971646e-01 -7.490523e-02 -9.332722e+00 -9.444533e-01 -1.782306e-02 -3.281621e-01 7.287764e+01
-3.422791e-01 7.260233e-02 9.367892e-01 1.293119e+02 8.844303e-03 9.972150e-01 -7.405393e-02 -9.438568e+00 -9.395567e-01 -1.706186e-02 -3.419680e-01 7.246400e+01
-3.557251e-01 7.043933e-02 9.319324e-01 1.304391e+02 8.575789e-03 9.973597e-01 -7.211117e-02 -9.537753e+00 -9.345513e-01 -1.765970e-02 -3.553900e-01 7.205423e+01
-3.696030e-01 6.929757e-02 9.266021e-01 1.315451e+02 9.066939e-03 9.974366e-01 -7.097844e-02 -9.643449e+00 -9.291455e-01 -1.783240e-02 -3.692839e-01 7.161463e+01
-3.847504e-01 6.985592e-02 9.203734e-01 1.326466e+02 7.202384e-03 9.973289e-01 -7.268594e-02 -9.758533e+00 -9.229925e-01 -2.133706e-02 -3.842258e-01 7.117964e+01
-3.999661e-01 7.249143e-02 9.136586e-01 1.337455e+02 7.925413e-03 9.971035e-01 -7.564265e-02 -9.838838e+00 -9.164957e-01 -2.301338e-02 -3.993821e-01 7.070968e+01
-4.152991e-01 7.429487e-02 9.066460e-01 1.348390e+02 9.809442e-03 9.969671e-01 -7.720290e-02 -9.948734e+00 -9.096320e-01 -2.316860e-02 -4.147683e-01 7.023723e+01
-4.287067e-01 7.733420e-02 9.001277e-01 1.359033e+02 1.322395e-02 9.967600e-01 -7.933813e-02 -1.005085e+01 -9.033469e-01 -2.210955e-02 -4.283404e-01 6.969057e+01
-4.442506e-01 8.025393e-02 8.923008e-01 1.369952e+02 1.316926e-02 9.964571e-01 -8.306521e-02 -1.016078e+01 -8.958058e-01 -2.515083e-02 -4.437336e-01 6.919634e+01
-4.598254e-01 8.395302e-02 8.840320e-01 1.380859e+02 1.587289e-02 9.961390e-01 -8.634317e-02 -1.023947e+01 -8.878675e-01 -2.567064e-02 -4.593826e-01 6.866469e+01
-4.759254e-01 8.102924e-02 8.757450e-01 1.391654e+02 1.445855e-02 9.963330e-01 -8.432925e-02 -1.035295e+01 -8.793668e-01 -2.747243e-02 -4.753517e-01 6.810839e+01
-4.920606e-01 7.551193e-02 8.672798e-01 1.402404e+02 1.036843e-02 9.966687e-01 -8.089486e-02 -1.046985e+01 -8.704992e-01 -3.081285e-02 -4.912044e-01 6.753421e+01
-5.093371e-01 7.599659e-02 8.572049e-01 1.413079e+02 9.741630e-03 9.965384e-01 -8.256106e-02 -1.056161e+01 -8.605120e-01 -3.370084e-02 -5.083143e-01 6.694665e+01
-5.267386e-01 7.407485e-02 8.467936e-01 1.423726e+02 7.655435e-03 9.965687e-01 -8.241473e-02 -1.067197e+01 -8.499929e-01 -3.692844e-02 -5.254983e-01 6.633882e+01
-5.422692e-01 7.324115e-02 8.370065e-01 1.434156e+02 8.202722e-03 9.966074e-01 -8.189254e-02 -1.079007e+01 -8.401648e-01 -3.754207e-02 -5.410302e-01 6.568704e+01
-5.589142e-01 7.249882e-02 8.260501e-01 1.444542e+02 6.828851e-03 9.965393e-01 -8.284144e-02 -1.090111e+01 -8.291973e-01 -4.066029e-02 -5.574751e-01 6.502838e+01
-5.750330e-01 7.148960e-02 8.150008e-01 1.454882e+02 5.908412e-03 9.965118e-01 -8.324249e-02 -1.100894e+01 -8.181089e-01 -4.305182e-02 -5.734496e-01 6.434181e+01
-5.901650e-01 6.818300e-02 8.043981e-01 1.464953e+02 4.640158e-03 9.966969e-01 -8.107841e-02 -1.113380e+01 -8.072693e-01 -4.411711e-02 -5.885320e-01 6.361487e+01
-6.053246e-01 6.516640e-02 7.933067e-01 1.474919e+02 5.826207e-03 9.969791e-01 -7.745150e-02 -1.124271e+01 -7.959574e-01 -4.226133e-02 -6.038757e-01 6.286775e+01
-6.204795e-01 6.358312e-02 7.816409e-01 1.484842e+02 6.920566e-03 9.971129e-01 -7.561719e-02 -1.134702e+01 -7.841922e-01 -4.150951e-02 -6.191281e-01 6.210175e+01
-6.353556e-01 6.190931e-02 7.697341e-01 1.494568e+02 6.560874e-03 9.971779e-01 -7.478701e-02 -1.144494e+01 -7.721918e-01 -4.246621e-02 -6.339688e-01 6.131734e+01
-6.504722e-01 6.291359e-02 7.569200e-01 1.504261e+02 4.847460e-03 9.968871e-01 -7.869340e-02 -1.153367e+01 -7.595146e-01 -4.751872e-02 -6.487523e-01 6.051875e+01
-6.658083e-01 6.258376e-02 7.434935e-01 1.513790e+02 2.938702e-03 9.966882e-01 -8.126485e-02 -1.163511e+01 -7.461170e-01 -5.192191e-02 -6.637872e-01 5.968637e+01
-6.812141e-01 5.838353e-02 7.297525e-01 1.523233e+02 6.952942e-04 9.968661e-01 -7.910478e-02 -1.175174e+01 -7.320839e-01 -5.337990e-02 -6.791198e-01 5.883668e+01
-6.980109e-01 5.068607e-02 7.142911e-01 1.532784e+02 -3.805557e-03 9.972152e-01 -7.448117e-02 -1.182978e+01 -7.160770e-01 -5.470694e-02 -6.958741e-01 5.799179e+01
-7.160101e-01 4.795965e-02 6.964405e-01 1.542043e+02 -4.808114e-03 9.972748e-01 -7.361951e-02 -1.193680e+01 -6.980733e-01 -5.606088e-02 -7.138283e-01 5.711530e+01
-7.333945e-01 4.498372e-02 6.783133e-01 1.550885e+02 -6.812711e-03 9.972718e-01 -7.350202e-02 -1.204793e+01 -6.797691e-01 -5.852714e-02 -7.310872e-01 5.619486e+01
-7.512717e-01 4.050841e-02 6.587487e-01 1.559971e+02 -1.102130e-02 9.972055e-01 -7.389039e-02 -1.213939e+01 -6.599010e-01 -6.277203e-02 -7.487258e-01 5.526449e+01
-7.670814e-01 3.795249e-02 6.404262e-01 1.568305e+02 -1.144798e-02 9.972800e-01 -7.281213e-02 -1.224684e+01 -6.414476e-01 -6.318441e-02 -7.645604e-01 5.426374e+01
-7.824375e-01 3.904857e-02 6.215036e-01 1.576335e+02 -1.023420e-02 9.970910e-01 -7.553069e-02 -1.236625e+01 -6.226450e-01 -6.545864e-02 -7.797617e-01 5.323999e+01
-7.974196e-01 3.833179e-02 6.022065e-01 1.584404e+02 -7.200903e-03 9.973048e-01 -7.301585e-02 -1.247891e+01 -6.033822e-01 -6.256070e-02 -7.949944e-01 5.221388e+01
-8.116166e-01 3.905312e-02 5.828836e-01 1.592096e+02 -3.727151e-03 9.973966e-01 -7.201517e-02 -1.259243e+01 -5.841785e-01 -6.062121e-02 -8.093581e-01 5.116871e+01
-8.261783e-01 3.999307e-02 5.619875e-01 1.599620e+02 -2.280210e-03 9.972319e-01 -7.431877e-02 -1.269463e+01 -5.634041e-01 -6.268201e-02 -8.238002e-01 5.012189e+01
-8.397725e-01 4.176382e-02 5.413298e-01 1.606823e+02 -1.101616e-03 9.969040e-01 -7.862051e-02 -1.280136e+01 -5.429373e-01 -6.661968e-02 -8.371266e-01 4.904625e+01
-8.525906e-01 4.294767e-02 5.208117e-01 1.613677e+02 2.230026e-03 9.969071e-01 -7.855725e-02 -1.291687e+01 -5.225747e-01 -6.581575e-02 -8.500494e-01 4.795407e+01
-8.643184e-01 3.991142e-02 5.013589e-01 1.620408e+02 2.127178e-03 9.971276e-01 -7.571067e-02 -1.302989e+01 -5.029405e-01 -6.437165e-02 -8.619206e-01 4.684861e+01
-8.746099e-01 4.212616e-02 4.829937e-01 1.626872e+02 5.453296e-03 9.970098e-01 -7.708316e-02 -1.315236e+01 -4.847967e-01 -6.478379e-02 -8.722243e-01 4.573917e+01
-8.833457e-01 4.462503e-02 4.665929e-01 1.632263e+02 7.329405e-03 9.966510e-01 -8.144397e-02 -1.324206e+01 -4.686647e-01 -6.852333e-02 -8.807144e-01 4.456556e+01
-8.922393e-01 4.140397e-02 4.496607e-01 1.638324e+02 4.756519e-03 9.965941e-01 -8.232651e-02 -1.336416e+01 -4.515379e-01 -7.131612e-02 -8.893973e-01 4.342567e+01
-9.003452e-01 3.927800e-02 4.334002e-01 1.644191e+02 4.224922e-03 9.966605e-01 -8.154804e-02 -1.348416e+01 -4.351559e-01 -7.159031e-02 -8.975044e-01 4.227677e+01
-9.075081e-01 3.660387e-02 4.184367e-01 1.649630e+02 2.491215e-03 9.966472e-01 -8.178142e-02 -1.359804e+01 -4.200273e-01 -7.317488e-02 -9.045565e-01 4.110808e+01
-9.136313e-01 3.478930e-02 4.050526e-01 1.654637e+02 1.788874e-03 9.966662e-01 -8.156707e-02 -1.369997e+01 -4.065399e-01 -7.379763e-02 -9.106477e-01 3.992001e+01
-9.204186e-01 3.095315e-02 3.897070e-01 1.660395e+02 -9.191726e-04 9.966864e-01 -8.133446e-02 -1.379944e+01 -3.909333e-01 -7.521995e-02 -9.173403e-01 3.876120e+01
-9.259471e-01 2.573333e-02 3.767756e-01 1.665351e+02 -3.988989e-03 9.969537e-01 -7.789392e-02 -1.390069e+01 -3.776323e-01 -7.362860e-02 -9.230237e-01 3.756139e+01
-9.308696e-01 2.164434e-02 3.647100e-01 1.670133e+02 -6.233807e-03 9.971574e-01 -7.508891e-02 -1.399788e+01 -3.652985e-01 -7.217152e-02 -9.280885e-01 3.635522e+01
-9.350834e-01 2.167143e-02 3.537647e-01 1.674630e+02 -4.303131e-03 9.973612e-01 -7.247198e-02 -1.408601e+01 -3.544017e-01 -6.928964e-02 -9.325226e-01 3.514630e+01
-9.381212e-01 2.556172e-02 3.453623e-01 1.679236e+02 -1.198033e-04 9.972481e-01 -7.413595e-02 -1.419020e+01 -3.463070e-01 -6.958989e-02 -9.355366e-01 3.394253e+01
-9.401009e-01 3.159176e-02 3.394292e-01 1.683570e+02 6.455914e-03 9.971680e-01 -7.492898e-02 -1.431571e+01 -3.408350e-01 -6.824948e-02 -9.376425e-01 3.273455e+01
-9.419742e-01 3.531524e-02 3.338224e-01 1.688000e+02 1.010198e-02 9.969826e-01 -7.696570e-02 -1.442851e+01 -3.355331e-01 -6.912743e-02 -9.394886e-01 3.151968e+01
-9.435284e-01 3.267297e-02 3.296767e-01 1.692091e+02 8.088402e-03 9.971001e-01 -7.566987e-02 -1.454285e+01 -3.311930e-01 -6.873011e-02 -9.410565e-01 3.029555e+01
-9.451909e-01 2.692633e-02 3.254062e-01 1.696377e+02 3.708087e-03 9.974149e-01 -7.176221e-02 -1.464877e+01 -3.264973e-01 -6.662235e-02 -9.428473e-01 2.907725e+01
-9.470077e-01 2.050453e-02 3.205556e-01 1.700688e+02 -2.164815e-03 9.975304e-01 -7.020308e-02 -1.474578e+01 -3.212034e-01 -6.717680e-02 -9.446246e-01 2.786320e+01
-9.488201e-01 1.306554e-02 3.155466e-01 1.705113e+02 -1.050607e-02 9.972851e-01 -7.288446e-02 -1.483022e+01 -3.156422e-01 -7.246940e-02 -9.461069e-01 2.665680e+01
-9.502002e-01 1.019601e-02 3.114734e-01 1.709265e+02 -1.419271e-02 9.970118e-01 -7.593413e-02 -1.493473e+01 -3.113169e-01 -7.657328e-02 -9.472161e-01 2.543863e+01
-9.507787e-01 1.209792e-02 3.096346e-01 1.713264e+02 -1.221789e-02 9.969969e-01 -7.647112e-02 -1.506178e+01 -3.096298e-01 -7.649020e-02 -9.477756e-01 2.421801e+01
-9.509769e-01 1.313828e-02 3.089828e-01 1.717213e+02 -1.152768e-02 9.968970e-01 -7.786864e-02 -1.518098e+01 -3.090471e-01 -7.761313e-02 -9.478745e-01 2.299441e+01
-9.514462e-01 1.471121e-02 3.074633e-01 1.721523e+02 -1.033343e-02 9.967678e-01 -7.966922e-02 -1.529533e+01 -3.076415e-01 -7.897813e-02 -9.482189e-01 2.179312e+01
-9.510070e-01 1.499036e-02 3.088056e-01 1.725399e+02 -1.062083e-02 9.966503e-01 -8.108865e-02 -1.541412e+01 -3.089868e-01 -8.039565e-02 -9.476622e-01 2.059306e+01
-9.507729e-01 1.673747e-02 3.094360e-01 1.729395e+02 -9.131732e-03 9.965934e-01 -8.196414e-02 -1.554226e+01 -3.097538e-01 -8.075497e-02 -9.473812e-01 1.939143e+01
-9.500229e-01 1.707173e-02 3.117131e-01 1.733248e+02 -9.048669e-03 9.965782e-01 -8.215809e-02 -1.566188e+01 -3.120491e-01 -8.087265e-02 -9.466176e-01 1.819331e+01
-9.494785e-01 1.536457e-02 3.134557e-01 1.737368e+02 -1.111498e-02 9.965279e-01 -8.251457e-02 -1.578634e+01 -3.136351e-01 -8.182987e-02 -9.460110e-01 1.699871e+01
-9.478701e-01 1.445410e-02 3.183290e-01 1.741279e+02 -1.263602e-02 9.964801e-01 -8.287192e-02 -1.589245e+01 -3.184063e-01 -8.257422e-02 -9.443511e-01 1.579181e+01
-9.463736e-01 1.444809e-02 3.227510e-01 1.745599e+02 -1.215741e-02 9.966994e-01 -8.026574e-02 -1.599102e+01 -3.228454e-01 -7.988520e-02 -9.430743e-01 1.459387e+01
-9.446800e-01 1.179275e-02 3.277815e-01 1.749984e+02 -1.462561e-02 9.968449e-01 -7.801557e-02 -1.609148e+01 -3.276673e-01 -7.849375e-02 -9.415269e-01 1.340290e+01
-9.422426e-01 8.495950e-03 3.348234e-01 1.754185e+02 -1.762476e-02 9.970354e-01 -7.489788e-02 -1.621618e+01 -3.344671e-01 -7.647316e-02 -9.392995e-01 1.221309e+01
-9.404653e-01 9.675406e-03 3.397520e-01 1.758817e+02 -1.649116e-02 9.971186e-01 -7.404484e-02 -1.634179e+01 -3.394895e-01 -7.523951e-02 -9.375958e-01 1.103890e+01
-9.372392e-01 8.725453e-03 3.485780e-01 1.763162e+02 -1.828346e-02 9.970818e-01 -7.411820e-02 -1.645202e+01 -3.482075e-01 -7.583969e-02 -9.343446e-01 9.858953e+00
-9.339353e-01 1.122979e-02 3.572656e-01 1.767897e+02 -1.734579e-02 9.969049e-01 -7.667930e-02 -1.656329e+01 -3.570210e-01 -7.781056e-02 -9.308499e-01 8.682343e+00
-9.295713e-01 1.227572e-02 3.684378e-01 1.772397e+02 -1.692828e-02 9.969696e-01 -7.592748e-02 -1.666685e+01 -3.682534e-01 -7.681703e-02 -9.265466e-01 7.493281e+00
-9.250210e-01 1.447897e-02 3.796399e-01 1.777285e+02 -1.632075e-02 9.968366e-01 -7.778474e-02 -1.676798e+01 -3.795652e-01 -7.814853e-02 -9.218585e-01 6.321353e+00
-9.190705e-01 1.747826e-02 3.937053e-01 1.782200e+02 -1.505389e-02 9.967299e-01 -7.939108e-02 -1.684978e+01 -3.938054e-01 -7.889280e-02 -9.158019e-01 5.142776e+00
