1.000000e+00 0.000000e+00 0.000000e+00 0.000000e+00 0.000000e+00 1.000000e+00 0.000000e+00 0.000000e+00 0.000000e+00 0.000000e+00 1.000000e+00 0.000000e+00
9.989940e-01 -3.893322e-04 4.484270e-02 -6.299402e-02 5.315009e-04 9.999949e-01 -3.158507e-03 -2.191602e-03 -4.484124e-02 3.179164e-03 9.989891e-01 9.978075e-01
9.959431e-01 -4.585747e-03 8.986846e-02 6.420677e-02 5.371106e-03 9.999495e-01 -8.499094e-03 3.991647e-03 -8.982494e-02 8.947307e-03 9.959174e-01 1.991160e+00
9.907333e-01 -3.475917e-03 1.357770e-01 2.142290e-01 5.265954e-03 9.999039e-01 -1.282672e-02 2.797506e-03 -1.357193e-01 1.342285e-02 9.906564e-01 2.973465e+00
9.833604e-01 -1.304581e-03 1.816609e-01 3.985790e-01 4.167723e-03 9.998730e-01 -1.538008e-02 -2.249368e-02 -1.816177e-01 1.588127e-02 9.832410e-01 3.954534e+00
9.739525e-01 -4.097029e-03 2.267152e-01 6.411378e-01 7.831906e-03 9.998480e-01 -1.557680e-02 -3.179774e-02 -2.266169e-01 1.694668e-02 9.738365e-01 4.916786e+00
9.623516e-01 -5.567045e-03 2.717505e-01 9.003176e-01 1.065695e-02 9.997943e-01 -1.725788e-02 -3.788960e-02 -2.715986e-01 1.950418e-02 9.622130e-01 5.873504e+00
9.488506e-01 -8.214859e-03 3.156186e-01 1.195325e+00 1.521753e-02 9.996895e-01 -1.972903e-02 -6.447702e-02 -3.153586e-01 2.352284e-02 9.486810e-01 6.815733e+00
9.336513e-01 -9.759896e-03 3.580502e-01 1.546503e+00 1.884212e-02 9.995829e-01 -2.188561e-02 -7.964947e-02 -3.576873e-01 2.717995e-02 9.334458e-01 7.738385e+00
9.163229e-01 -9.811549e-03 4.003201e-01 1.932507e+00 2.054426e-02 9.995351e-01 -2.252745e-02 -1.123394e-01 -3.999129e-01 2.886670e-02 9.160984e-01 8.643861e+00
8.967347e-01 -1.043443e-02 4.424455e-01 2.359246e+00 2.230665e-02 9.995170e-01 -2.163827e-02 -1.251117e-01 -4.420060e-01 2.927326e-02 8.965343e-01 9.527838e+00
8.750146e-01 -1.081718e-02 4.839757e-01 2.832958e+00 2.374988e-02 9.995057e-01 -2.059949e-02 -1.582652e-01 -4.835136e-01 2.951922e-02 8.748390e-01 1.038478e+01
8.508241e-01 -1.109591e-02 5.253335e-01 3.317312e+00 2.480655e-02 9.995105e-01 -1.906509e-02 -2.060813e-01 -5.248648e-01 2.925275e-02 8.506828e-01 1.123092e+01
8.256660e-01 -1.194597e-02 5.640327e-01 3.907673e+00 2.708823e-02 9.994621e-01 -1.848524e-02 -2.534192e-01 -5.635085e-01 3.054128e-02 8.255455e-01 1.200491e+01
7.987395e-01 -1.395763e-02 6.015151e-01 4.488230e+00 3.091120e-02 9.993626e-01 -1.785701e-02 -2.805285e-01 -6.008824e-01 3.285665e-02 7.986618e-01 1.277759e+01
7.704237e-01 -1.361564e-02 6.373869e-01 5.128432e+00 3.257577e-02 9.993067e-01 -1.802821e-02 -3.222625e-01 -6.366995e-01 3.465273e-02 7.703330e-01 1.350306e+01
7.590268e-01 -1.576230e-02 6.508686e-01 6.093472e+00 3.626781e-02 9.991782e-01 -1.809718e-02 -3.132577e-01 -6.500485e-01 3.734182e-02 7.589747e-01 1.350255e+01
7.449070e-01 -1.270380e-02 6.670474e-01 7.052826e+00 3.459517e-02 9.992091e-01 -1.960345e-02 -2.956566e-01 -6.662708e-01 3.767937e-02 7.447574e-01 1.354941e+01
7.286600e-01 -9.030309e-03 6.848161e-01 8.007615e+00 3.311295e-02 9.992082e-01 -2.205690e-02 -2.792432e-01 -6.840747e-01 3.874826e-02 7.283821e-01 1.350365e+01
7.035948e-01 -7.368977e-03 7.105632e-01 7.055467e+00 3.419804e-02 9.991387e-01 -2.350099e-02 -3.091493e-01 -7.097780e-01 4.083504e-02 7.032408e-01 1.351874e+01
6.767886e-01 -4.009485e-03 7.361665e-01 6.136291e+00 3.389365e-02 9.990945e-01 -2.571835e-02 -3.683017e-01 -7.353968e-01 4.235726e-02 6.763116e-01 1.327814e+01
6.581068e-01 -2.024554e-03 7.529219e-01 5.220377e+00 3.487599e-02 9.990050e-01 -2.779782e-02 -3.890117e-01 -7.521164e-01 4.455283e-02 6.575226e-01 1.353990e+01
6.310481e-01 1.135875e-03 7.757429e-01 4.323859e+00 3.590515e-02 9.988844e-01 -3.067058e-02 -4.042882e-01 -7.749123e-01 4.720778e-02 6.303033e-01 1.386131e+01
5.976541e-01 4.616758e-04 8.017539e-01 3.401747e+00 4.000257e-02 9.987372e-01 -3.039436e-02 -5.040947e-01 -8.007555e-01 5.023753e-02 5.968810e-01 1.361141e+01
5.636735e-01 -2.059827e-03 8.259951e-01 4.255241e+00 4.640163e-02 9.984967e-01 -2.917528e-02 -4.991700e-01 -8.246933e-01 5.477286e-02 5.629218e-01 1.405881e+01
5.322466e-01 -5.035663e-03 8.465744e-01 3.304456e+00 5.380666e-02 9.981618e-01 -2.789124e-02 -5.925862e-01 -8.448777e-01 6.039636e-02 5.315392e-01 1.392198e+01
5.015703e-01 -3.694956e-03 8.651090e-01 2.352630e+00 5.748754e-02 9.979230e-01 -2.906774e-02 -6.959140e-01 -8.632048e-01 6.431251e-02 5.007409e-01 1.372704e+01
4.712518e-01 -4.469138e-03 8.819874e-01 3.227434e+00 5.873880e-02 9.979261e-01 -2.632792e-02 -7.265178e-01 -8.800406e-01 6.421396e-02 4.705370e-01 1.418349e+01
4.400596e-01 -6.370102e-03 8.979460e-01 4.123057e+00 6.161298e-02 9.978324e-01 -2.311619e-02 -7.740340e-01 -8.958523e-01 6.549763e-02 4.394982e-01 1.460970e+01
4.091337e-01 -6.214718e-03 9.124533e-01 5.031154e+00 6.259174e-02 9.978126e-01 -2.126932e-02 -8.122632e-01 -9.103252e-01 6.581403e-02 4.086277e-01 1.500910e+01
3.784518e-01 -2.791390e-03 9.256168e-01 5.953779e+00 6.131295e-02 9.978748e-01 -2.205938e-02 -8.235500e-01 -9.235881e-01 6.510071e-02 3.778187e-01 1.539617e+01
3.486785e-01 -1.066964e-03 9.372418e-01 6.899886e+00 6.171269e-02 9.978554e-01 -2.182277e-02 -8.520084e-01 -9.352084e-01 6.544884e-02 3.479966e-01 1.576409e+01
3.193935e-01 -1.117260e-03 9.476215e-01 7.871427e+00 6.482813e-02 9.976823e-01 -2.067388e-02 -8.811566e-01 -9.454021e-01 6.803564e-02 3.187257e-01 1.609589e+01
2.893755e-01 -8.330777e-04 9.572153e-01 8.862330e+00 6.651921e-02 9.975996e-01 -1.924118e-02 -9.025732e-01 -9.549016e-01 6.924113e-02 2.887363e-01 1.640877e+01
2.601253e-01 -1.451426e-03 9.655738e-01 9.878205e+00 6.607445e-02 9.976815e-01 -1.630075e-02 -9.492526e-01 -9.633115e-01 6.804000e-02 2.596181e-01 1.668111e+01
2.302872e-01 -2.137985e-03 9.731204e-01 1.089349e+01 6.684805e-02 9.976701e-01 -1.362755e-02 -9.830951e-01 -9.708240e-01 6.818945e-02 2.298935e-01 1.699838e+01
2.023921e-01 -2.027174e-03 9.793025e-01 1.193524e+01 6.957326e-02 9.975008e-01 -1.231384e-02 -1.006672e+00 -9.768301e-01 7.062549e-02 2.020273e-01 1.727373e+01
1.777994e-01 -1.800178e-03 9.840651e-01 1.301060e+01 7.498918e-02 9.971154e-01 -1.172488e-02 -1.030754e+00 -9.812054e-01 7.587892e-02 1.774215e-01 1.746415e+01
1.557260e-01 -2.480739e-03 9.877972e-01 1.410317e+01 7.974198e-02 9.967647e-01 -1.006805e-02 -1.069737e+00 -9.845764e-01 8.033676e-02 1.554200e-01 1.761793e+01
1.354838e-01 -3.224804e-03 9.907743e-01 1.520431e+01 8.623727e-02 9.962379e-01 -8.549963e-03 -1.088189e+00 -9.870194e-01 8.660005e-02 1.352522e-01 1.779980e+01
1.179829e-01 -4.593763e-03 9.930050e-01 1.632532e+01 9.034328e-02 9.958918e-01 -6.126932e-03 -1.120810e+00 -9.888974e-01 9.043420e-02 1.179133e-01 1.793381e+01
1.013963e-01 -5.456671e-03 9.948312e-01 1.745337e+01 9.356648e-02 9.956047e-01 -4.075671e-03 -1.153964e+00 -9.904363e-01 9.349610e-02 1.014612e-01 1.805820e+01
8.702795e-02 -6.207484e-03 9.961865e-01 1.859141e+01 9.599246e-02 9.953797e-01 -2.183550e-03 -1.168435e+00 -9.915703e-01 9.581643e-02 8.722172e-02 1.815916e+01
7.300382e-02 -6.489575e-03 9.973105e-01 1.973473e+01 9.650598e-02 9.953322e-01 -5.876029e-04 -1.156923e+00 -9.926515e-01 9.628933e-02 7.328934e-02 1.827760e+01
6.085071e-02 -6.519352e-03 9.981256e-01 2.089352e+01 9.716767e-02 9.952679e-01 5.768610e-04 -1.184558e+00 -9.934061e-01 9.695043e-02 6.119623e-02 1.835328e+01
4.986834e-02 -3.489959e-03 9.987497e-01 2.207267e+01 9.756326e-02 9.952283e-01 -1.393754e-03 -1.186537e+00 -9.939792e-01 9.751078e-02 4.997088e-02 1.839848e+01
3.979486e-02 1.391983e-04 9.992079e-01 2.327523e+01 9.903050e-02 9.950760e-01 -4.082651e-03 -1.205672e+00 -9.942884e-01 9.911452e-02 3.958512e-02 1.844510e+01
3.089185e-02 2.323836e-03 9.995200e-01 2.450230e+01 1.008333e-01 9.948885e-01 -5.429490e-03 -1.223734e+00 -9.944236e-01 1.009526e-01 3.049962e-02 1.848789e+01
2.418005e-02 3.165482e-03 9.997026e-01 2.575401e+01 1.010545e-01 9.948652e-01 -5.594395e-03 -1.243147e+00 -9.945870e-01 1.011597e-01 2.373601e-02 1.849876e+01
1.920234e-02 3.971702e-03 9.998077e-01 2.702330e+01 1.011184e-01 9.948569e-01 -5.894118e-03 -1.253225e+00 -9.946891e-01 1.012121e-01 1.870197e-02 1.849607e+01
1.379112e-02 5.968927e-03 9.998871e-01 2.831779e+01 1.028289e-01 9.946719e-01 -7.356080e-03 -1.264496e+00 -9.946035e-01 1.029187e-01 1.310386e-02 1.852870e+01
9.967379e-03 7.678612e-03 9.999208e-01 2.963343e+01 1.019580e-01 9.947510e-01 -8.655247e-03 -1.293447e+00 -9.947388e-01 1.020362e-01 9.132165e-03 1.853387e+01
6.350816e-03 8.898537e-03 9.999402e-01 3.097481e+01 1.029418e-01 9.946420e-01 -9.505191e-03 -1.304626e+00 -9.946671e-01 1.029960e-01 5.400756e-03 1.852974e+01
3.198083e-03 7.888828e-03 9.999638e-01 3.233941e+01 1.027401e-01 9.946746e-01 -8.175685e-03 -1.320916e+00 -9.947031e-01 1.027625e-01 2.370554e-03 1.855552e+01
8.853281e-04 5.773579e-03 9.999829e-01 3.372309e+01 1.040434e-01 9.945556e-01 -5.834357e-03 -1.350879e+00 -9.945724e-01 1.040468e-01 2.798051e-04 1.854860e+01
-7.891153e-04 4.967770e-03 9.999873e-01 3.512804e+01 1.038287e-01 9.945833e-01 -4.858990e-03 -1.357448e+00 -9.945949e-01 1.038236e-01 -1.300638e-03 1.854957e+01
-3.159636e-03 5.228566e-03 9.999813e-01 3.655254e+01 1.062391e-01 9.943287e-01 -4.863327e-03 -1.369111e+00 -9.943356e-01 1.062217e-01 -3.697194e-03 1.855786e+01
-4.480410e-03 4.971798e-03 9.999776e-01 3.800052e+01 1.064227e-01 9.943109e-01 -4.466796e-03 -1.386832e+00 -9.943109e-01 1.064003e-01 -4.984033e-03 1.857827e+01
-5.431888e-03 5.724317e-03 9.999689e-01 3.946427e+01 1.089725e-01 9.940317e-01 -5.098384e-03 -1.407689e+00 -9.940299e-01 1.089414e-01 -6.023262e-03 1.859549e+01
-5.877765e-03 6.213582e-03 9.999634e-01 4.095102e+01 1.088745e-01 9.940401e-01 -5.536814e-03 -1.424106e+00 -9.940381e-01 1.088380e-01 -6.519235e-03 1.861121e+01
-5.504033e-03 7.748289e-03 9.999548e-01 4.246091e+01 1.090259e-01 9.940135e-01 -7.102143e-03 -1.446015e+00 -9.940237e-01 1.089819e-01 -6.315847e-03 1.865265e+01
-3.670370e-03 8.123372e-03 9.999603e-01 4.399045e+01 1.108724e-01 9.938051e-01 -7.666410e-03 -1.462411e+00 -9.938279e-01 1.108398e-01 -4.548290e-03 1.861358e+01
-2.266568e-03 7.411049e-03 9.999700e-01 4.554216e+01 1.107220e-01 9.938260e-01 -7.114547e-03 -1.484839e+00 -9.938488e-01 1.107025e-01 -3.073140e-03 1.860410e+01
-7.564510e-04 8.254675e-03 9.999656e-01 4.711086e+01 1.125735e-01 9.936103e-01 -8.117053e-03 -1.502453e+00 -9.936431e-01 1.125634e-01 -1.680875e-03 1.857529e+01
3.827962e-04 8.988479e-03 9.999595e-01 4.870904e+01 1.121108e-01 9.936552e-01 -8.974727e-03 -1.518598e+00 -9.936956e-01 1.121097e-01 -6.273383e-04 1.857577e+01
8.976931e-04 9.797266e-03 9.999516e-01 5.032391e+01 1.141885e-01 9.934104e-01 -9.835688e-03 -1.543298e+00 -9.934587e-01 1.141918e-01 -2.269572e-04 1.857144e+01
2.419289e-03 9.678981e-03 9.999502e-01 5.195846e+01 1.151480e-01 9.932991e-01 -9.893192e-03 -1.579517e+00 -9.933454e-01 1.151662e-01 1.288562e-03 1.857557e+01
4.368305e-03 7.795895e-03 9.999601e-01 5.360874e+01 1.180681e-01 9.929712e-01 -8.257186e-03 -1.605937e+00 -9.929959e-01 1.180995e-01 3.417154e-03 1.858639e+01
5.406482e-03 5.719899e-03 9.999690e-01 5.526814e+01 1.212976e-01 9.925960e-01 -6.333538e-03 -1.639881e+00 -9.926015e-01 1.213281e-01 4.672642e-03 1.857096e+01
6.006316e-03 6.228131e-03 9.999626e-01 5.694479e+01 1.236088e-01 9.923069e-01 -6.922910e-03 -1.680221e+00 -9.923128e-01 1.236458e-01 5.190257e-03 1.858323e+01
6.736180e-03 8.086797e-03 9.999446e-01 5.863531e+01 1.259073e-01 9.920024e-01 -8.870747e-03 -1.699492e+00 -9.920191e-01 1.259601e-01 5.664120e-03 1.858803e+01
6.490898e-03 8.310947e-03 9.999444e-01 6.034028e+01 1.234930e-01 9.923042e-01 -9.049071e-03 -1.698584e+00 -9.923242e-01 1.235448e-01 5.414601e-03 1.860233e+01
5.832121e-03 8.317248e-03 9.999484e-01 6.206443e+01 1.234544e-01 9.923097e-01 -8.973750e-03 -1.730612e+00 -9.923331e-01 1.235003e-01 4.760469e-03 1.867346e+01
5.228370e-03 7.139556e-03 9.999608e-01 6.380243e+01 1.221360e-01 9.924833e-01 -7.724764e-03 -1.752312e+00 -9.924996e-01 1.221716e-01 4.317073e-03 1.869808e+01
4.857185e-03 7.001123e-03 9.999637e-01 6.555544e+01 1.244516e-01 9.921969e-01 -7.551252e-03 -1.793046e+00 -9.922138e-01 1.244838e-01 3.947983e-03 1.877910e+01
5.093322e-03 6.405061e-03 9.999665e-01 6.732571e+01 1.271740e-01 9.918557e-01 -7.000869e-03 -1.848405e+00 -9.918673e-01 1.272054e-01 4.237284e-03 1.881635e+01
4.750692e-03 7.360820e-03 9.999616e-01 6.910730e+01 1.267836e-01 9.918989e-01 -7.903802e-03 -1.858397e+00 -9.919190e-01 1.268163e-01 3.778975e-03 1.883051e+01
4.342656e-03 9.620681e-03 9.999443e-01 7.090192e+01 1.238038e-01 9.922555e-01 -1.008437e-02 -1.817811e+00 -9.922972e-01 1.238407e-01 3.117948e-03 1.876398e+01
4.989835e-03 1.044930e-02 9.999330e-01 7.271231e+01 1.234618e-01 9.922885e-01 -1.098551e-02 -1.849460e+00 -9.923368e-01 1.235084e-01 3.661267e-03 1.874648e+01
3.339724e-03 1.101667e-02 9.999337e-01 7.454393e+01 1.220609e-01 9.924578e-01 -1.134198e-02 -1.882648e+00 -9.925170e-01 1.220907e-01 1.969832e-03 1.876848e+01
3.389583e-03 1.014952e-02 9.999427e-01 7.638627e+01 1.204884e-01 9.926594e-01 -1.048402e-02 -1.903543e+00 -9.927090e-01 1.205170e-01 2.141802e-03 1.871343e+01
2.405001e-03 9.775659e-03 9.999493e-01 7.824604e+01 1.207553e-01 9.926320e-01 -9.994555e-03 -1.947899e+00 -9.926794e-01 1.207732e-01 1.206819e-03 1.870446e+01
1.902735e-03 9.225129e-03 9.999556e-01 8.011731e+01 1.185672e-01 9.929017e-01 -9.385664e-03 -1.971319e+00 -9.929442e-01 1.185798e-01 7.954317e-04 1.873793e+01
-9.148340e-04 1.045801e-02 9.999449e-01 8.200780e+01 1.172310e-01 9.930515e-01 -1.027866e-02 -1.980122e+00 -9.931043e-01 1.172151e-01 -2.134480e-03 1.876602e+01
-3.164704e-03 1.140317e-02 9.999300e-01 8.391138e+01 1.160355e-01 9.931846e-01 -1.095901e-02 -2.000384e+00 -9.932400e-01 1.159927e-01 -4.466308e-03 1.876053e+01
-7.880384e-03 1.119073e-02 9.999063e-01 8.582504e+01 1.174687e-01 9.930243e-01 -1.018793e-02 -2.074854e+00 -9.930453e-01 1.173774e-01 -9.139974e-03 1.875693e+01
-1.248558e-02 1.083612e-02 9.998633e-01 8.775008e+01 1.150991e-01 9.933102e-01 -9.327822e-03 -2.086421e+00 -9.932755e-01 1.149669e-01 -1.364928e-02 1.871819e+01
-1.778838e-02 1.033571e-02 9.997884e-01 8.968089e+01 1.135272e-01 9.935006e-01 -8.250817e-03 -2.113545e+00 -9.933756e-01 1.133564e-01 -1.884615e-02 1.872178e+01
-2.219896e-02 1.097742e-02 9.996933e-01 9.162529e+01 1.114959e-01 9.937291e-01 -8.436075e-03 -2.148013e+00 -9.935169e-01 1.112744e-01 -2.328369e-02 1.868162e+01
-2.717646e-02 1.280820e-02 9.995486e-01 9.357814e+01 1.110913e-01 9.937627e-01 -9.713632e-03 -2.167450e+00 -9.934386e-01 1.107771e-01 -2.842983e-02 1.862956e+01
-3.236426e-02 1.427765e-02 9.993742e-01 9.554525e+01 1.108999e-01 9.937750e-01 -1.060622e-02 -2.207455e+00 -9.933045e-01 1.104872e-01 -3.374618e-02 1.858643e+01
-3.759508e-02 1.473239e-02 9.991845e-01 9.752415e+01 1.092185e-01 9.939618e-01 -1.054595e-02 -2.230532e+00 -9.933066e-01 1.087330e-01 -3.897713e-02 1.855346e+01
-4.347335e-02 1.499584e-02 9.989420e-01 9.951332e+01 1.071200e-01 9.941931e-01 -1.026275e-02 -2.257313e+00 -9.932952e-01 1.065605e-01 -4.482726e-02 1.850680e+01
-4.881500e-02 1.448162e-02 9.987028e-01 1.015119e+02 1.044517e-01 9.944863e-01 -9.315042e-03 -2.274253e+00 -9.933312e-01 1.038615e-01 -5.005848e-02 1.840508e+01
-5.230828e-02 1.410764e-02 9.985313e-01 1.035150e+02 1.041891e-01 9.945204e-01 -8.593004e-03 -2.295210e+00 -9.931810e-01 1.035866e-01 -5.349152e-02 1.825063e+01
-5.807922e-02 1.397498e-02 9.982142e-01 1.055286e+02 1.026826e-01 9.946824e-01 -7.951144e-03 -2.302327e+00 -9.930172e-01 1.020374e-01 -5.920536e-02 1.814971e+01
-6.357816e-02 1.552072e-02 9.978562e-01 1.075498e+02 1.034487e-01 9.945952e-01 -8.878795e-03 -2.339467e+00 -9.926007e-01 1.026624e-01 -6.484013e-02 1.801302e+01
-6.916432e-02 1.649394e-02 9.974689e-01 1.095856e+02 1.045585e-01 9.944762e-01 -9.194387e-03 -2.387192e+00 -9.921108e-01 1.036580e-01 -7.050686e-02 1.786622e+01
-7.502230e-02 1.635249e-02 9.970478e-01 1.116285e+02 1.048400e-01 9.944534e-01 -8.421308e-03 -2.417413e+00 -9.916553e-01 1.038987e-01 -7.632058e-02 1.770227e+01
-8.055647e-02 1.649710e-02 9.966135e-01 1.136748e+02 1.044287e-01 9.945000e-01 -8.021120e-03 -2.450326e+00 -9.912645e-01 1.034289e-01 -8.183618e-02 1.752094e+01
-8.728209e-02 1.827318e-02 9.960160e-01 1.157409e+02 1.042939e-01 9.945048e-01 -9.106052e-03 -2.467163e+00 -9.907092e-01 1.030836e-01 -8.870824e-02 1.741317e+01
-9.211947e-02 1.942819e-02 9.955584e-01 1.178015e+02 1.035182e-01 9.945790e-01 -9.830489e-03 -2.479788e+00 -9.903525e-01 1.021528e-01 -9.363126e-02 1.717161e+01
-9.859585e-02 1.822187e-02 9.949607e-01 1.198877e+02 1.044262e-01 9.945015e-01 -7.865317e-03 -2.525476e+00 -9.896333e-01 1.031245e-01 -9.995657e-02 1.706869e+01
-1.027739e-01 1.787950e-02 9.945440e-01 1.219638e+02 1.062666e-01 9.943138e-01 -6.894016e-03 -2.546552e+00 -9.890121e-01 1.049783e-01 -1.040895e-01 1.679606e+01
-1.075905e-01 1.851432e-02 9.940229e-01 1.240657e+02 1.071951e-01 9.942140e-01 -6.915357e-03 -2.575933e+00 -9.883995e-01 1.058103e-01 -1.089527e-01 1.666999e+01
-1.110166e-01 1.909731e-02 9.936351e-01 1.261707e+02 1.067866e-01 9.942561e-01 -7.178229e-03 -2.589006e+00 -9.880648e-01 1.053100e-01 -1.124182e-01 1.647734e+01
-1.133709e-01 1.906616e-02 9.933698e-01 1.282779e+02 1.057716e-01 9.943657e-01 -7.013820e-03 -2.618345e+00 -9.879066e-01 1.042751e-01 -1.147488e-01 1.617269e+01
-1.194414e-01 2.049776e-02 9.926296e-01 1.303989e+02 1.046789e-01 9.944744e-01 -7.940028e-03 -2.643519e+00 -9.873075e-01 1.029590e-01 -1.209271e-01 1.600649e+01
-1.239685e-01 2.161791e-02 9.920506e-01 1.325246e+02 1.052491e-01 9.944094e-01 -8.517186e-03 -2.677948e+00 -9.866886e-01 1.033566e-01 -1.255507e-01 1.574154e+01
-1.284728e-01 2.141960e-02 9.914817e-01 1.346613e+02 1.053887e-01 9.944003e-01 -7.826747e-03 -2.726948e+00 -9.860973e-01 1.034854e-01 -1.300108e-01 1.548605e+01
-1.329324e-01 2.142887e-02 9.908934e-01 1.367980e+02 1.049561e-01 9.944491e-01 -7.425469e-03 -2.763991e+00 -9.855522e-01 1.030132e-01 -1.344436e-01 1.520874e+01
-1.371224e-01 2.225494e-02 9.903041e-01 1.389444e+02 1.049324e-01 9.944486e-01 -7.818631e-03 -2.790585e+00 -9.849805e-01 1.028428e-01 -1.386965e-01 1.492101e+01
-1.433347e-01 2.166939e-02 9.894370e-01 1.411100e+02 1.027492e-01 9.946834e-01 -6.899540e-03 -2.819158e+00 -9.843261e-01 1.006749e-01 -1.447991e-01 1.464541e+01
-1.482734e-01 2.086852e-02 9.887262e-01 1.432686e+02 1.017158e-01 9.947969e-01 -5.742927e-03 -2.839817e+00 -9.837016e-01 9.971760e-02 -1.496246e-01 1.433612e+01
-1.533274e-01 2.122489e-02 9.879475e-01 1.454412e+02 1.015365e-01 9.948160e-01 -5.614201e-03 -2.833638e+00 -9.829451e-01 9.945189e-02 -1.546877e-01 1.403048e+01
-1.565756e-01 2.233626e-02 9.874134e-01 1.476150e+02 1.039211e-01 9.945673e-01 -6.019163e-03 -2.875617e+00 -9.821835e-01 1.016707e-01 -1.580462e-01 1.369066e+01
-1.604843e-01 2.345196e-02 9.867598e-01 1.498013e+02 1.036418e-01 9.945916e-01 -6.782037e-03 -2.906015e+00 -9.815820e-01 1.011811e-01 -1.620469e-01 1.339961e+01
-1.648121e-01 2.522054e-02 9.860025e-01 1.520018e+02 1.040971e-01 9.945346e-01 -8.038756e-03 -2.943021e+00 -9.808164e-01 1.013151e-01 -1.665367e-01 1.308971e+01
-1.687395e-01 2.665410e-02 9.853002e-01 1.542011e+02 1.051319e-01 9.944185e-01 -8.896181e-03 -2.965301e+00 -9.800379e-01 1.020854e-01 -1.705999e-01 1.273485e+01
-1.729884e-01 2.724112e-02 9.845471e-01 1.564105e+02 1.056092e-01 9.943674e-01 -8.956920e-03 -3.012884e+00 -9.792455e-01 1.024278e-01 -1.748910e-01 1.239142e+01
-1.765083e-01 2.752932e-02 9.839141e-01 1.586261e+02 1.061373e-01 9.943127e-01 -8.779874e-03 -3.047797e+00 -9.785600e-01 1.028803e-01 -1.784263e-01 1.202793e+01
-1.810844e-01 2.723787e-02 9.830903e-01 1.608390e+02 1.045310e-01 9.944870e-01 -8.299119e-03 -3.070831e+00 -9.778966e-01 1.012605e-01 -1.829333e-01 1.159321e+01
-1.848154e-01 2.773952e-02 9.823817e-01 1.630647e+02 1.077104e-01 9.941516e-01 -7.808310e-03 -3.127118e+00 -9.768530e-01 1.043696e-01 -1.867224e-01 1.118829e+01
-1.886937e-01 2.698476e-02 9.816652e-01 1.652932e+02 1.103778e-01 9.938710e-01 -6.103685e-03 -3.201974e+00 -9.758132e-01 1.072023e-01 -1.905157e-01 1.076232e+01
-1.907508e-01 2.643140e-02 9.812826e-01 1.675285e+02 1.112323e-01 9.937811e-01 -5.145695e-03 -3.231380e+00 -9.753161e-01 1.081687e-01 -1.925046e-01 1.030936e+01
-1.930201e-01 2.621963e-02 9.808444e-01 1.697685e+02 1.115342e-01 9.937499e-01 -4.615832e-03 -3.261895e+00 -9.748351e-01 1.085068e-01 -1.947380e-01 9.848909e+00
-1.946830e-01 2.704918e-02 9.804932e-01 1.720074e+02 1.113584e-01 9.937662e-01 -5.304452e-03 -3.293323e+00 -9.745244e-01 1.081535e-01 -1.964815e-01 9.348450e+00
-1.976486e-01 2.881234e-02 9.798494e-01 1.742576e+02 1.097222e-01 9.939370e-01 -7.094175e-03 -3.321594e+00 -9.741130e-01 1.061090e-01 -1.996116e-01 8.848269e+00
-2.005665e-01 3.133368e-02 9.791789e-01 1.765185e+02 1.078430e-01 9.941204e-01 -9.722179e-03 -3.302418e+00 -9.737263e-01 1.036477e-01 -2.027664e-01 8.351423e+00
-2.044900e-01 3.241629e-02 9.783318e-01 1.787896e+02 1.063681e-01 9.942691e-01 -1.071139e-02 -3.339597e+00 -9.730723e-01 1.018730e-01 -2.067661e-01 7.882996e+00
-2.087242e-01 3.351595e-02 9.774001e-01 1.810732e+02 1.041691e-01 9.944889e-01 -1.185659e-02 -3.381362e+00 -9.724109e-01 9.934009e-02 -2.110652e-01 7.449537e+00
-2.115153e-01 3.324083e-02 9.768093e-01 1.833542e+02 1.047756e-01 9.944334e-01 -1.115279e-02 -3.440647e+00 -9.717424e-01 9.998678e-02 -2.138207e-01 6.918858e+00
-2.145922e-01 3.223108e-02 9.761718e-01 1.856381e+02 1.062008e-01 9.942995e-01 -9.483451e-03 -3.530006e+00 -9.709128e-01 1.016352e-01 -2.167918e-01 6.375904e+00
-2.184578e-01 3.146690e-02 9.753389e-01 1.879332e+02 1.064711e-01 9.942817e-01 -8.230505e-03 -3.578496e+00 -9.700207e-01 1.020473e-01 -2.205589e-01 5.861259e+00
-2.194342e-01 3.105186e-02 9.751330e-01 1.902218e+02 1.076524e-01 9.941608e-01 -7.432752e-03 -3.638407e+00 -9.696698e-01 1.033444e-01 -2.214957e-01 5.258194e+00
-2.239753e-01 3.133397e-02 9.740910e-01 1.925208e+02 1.058014e-01 9.943578e-01 -7.658706e-03 -3.655014e+00 -9.688349e-01 1.013448e-01 -2.260268e-01 4.765128e+00
-2.260816e-01 3.210771e-02 9.735791e-01 1.948205e+02 1.054131e-01 9.943938e-01 -8.315452e-03 -3.694727e+00 -9.683879e-01 1.007480e-01 -2.281987e-01 4.151664e+00
-2.296979e-01 3.310587e-02 9.726988e-01 1.971185e+02 1.050198e-01 9.944290e-01 -9.045575e-03 -3.720490e+00 -9.675793e-01 1.000748e-01 -2.318950e-01 3.598240e+00
-2.321493e-01 3.384831e-02 9.720910e-01 1.994289e+02 1.066010e-01 9.942597e-01 -9.162364e-03 -3.778687e+00 -9.668210e-01 1.014989e-01 -2.344250e-01 3.036246e+00
-2.347425e-01 3.347917e-02 9.714809e-01 2.017436e+02 1.071073e-01 9.942121e-01 -8.381809e-03 -3.807789e+00 -9.661387e-01 1.020851e-01 -2.369697e-01 2.469031e+00
-2.378016e-01 3.256273e-02 9.707678e-01 2.040558e+02 1.075091e-01 9.941794e-01 -7.012348e-03 -3.841354e+00 -9.653456e-01 1.026988e-01 -2.399183e-01 1.879694e+00
-2.393584e-01 3.337698e-02 9.703574e-01 2.063610e+02 1.092168e-01 9.939915e-01 -7.249379e-03 -3.866763e+00 -9.647690e-01 1.042441e-01 -2.415656e-01 1.274692e+00
-2.406974e-01 3.371860e-02 9.700143e-01 2.086704e+02 1.098062e-01 9.939262e-01 -7.302719e-03 -3.932489e+00 -9.643689e-01 1.047558e-01 -2.429380e-01 6.492040e-01
-2.421637e-01 3.346917e-02 9.696580e-01 2.109999e+02 1.089008e-01 9.940272e-01 -7.113265e-03 -3.974738e+00 -9.641044e-01 1.038740e-01 -2.443621e-01 3.710950e-02
-2.436726e-01 3.454362e-02 9.692422e-01 2.133085e+02 1.091844e-01 9.939895e-01 -7.976090e-03 -4.015959e+00 -9.636921e-01 1.038825e-01 -2.459796e-01 -5.639995e-01
-2.459386e-01 3.563642e-02 9.686301e-01 2.156244e+02 1.091242e-01 9.939886e-01 -8.862351e-03 -4.072989e+00 -9.631231e-01 1.035214e-01 -2.483489e-01 -1.185722e+00
-2.485257e-01 3.543256e-02 9.679770e-01 2.179431e+02 1.061990e-01 9.943030e-01 -9.129880e-03 -4.130931e+00 -9.627859e-01 1.005292e-01 -2.508728e-01 -1.813513e+00
-2.500664e-01 3.623763e-02 9.675503e-01 2.202538e+02 1.065439e-01 9.942607e-01 -9.701405e-03 -4.165333e+00 -9.623488e-01 1.006606e-01 -2.524921e-01 -2.466797e+00
-2.538219e-01 3.501880e-02 9.666169e-01 2.225898e+02 1.071526e-01 9.942113e-01 -7.881512e-03 -4.218969e+00 -9.612974e-01 1.015751e-01 -2.561049e-01 -3.043131e+00
-2.564481e-01 3.443371e-02 9.659444e-01 2.249088e+02 1.078226e-01 9.941468e-01 -6.813281e-03 -4.231079e+00 -9.605252e-01 1.024034e-01 -2.586598e-01 -3.678957e+00
-2.596233e-01 3.489389e-02 9.650794e-01 2.272396e+02 1.072956e-01 9.942019e-01 -7.082468e-03 -4.224457e+00 -9.597309e-01 1.017100e-01 -2.618619e-01 -4.267377e+00
-2.627701e-01 3.571635e-02 9.641972e-01 2.295790e+02 1.063535e-01 9.942974e-01 -7.847118e-03 -4.261973e+00 -9.589791e-01 1.004837e-01 -2.650701e-01 -4.849198e+00
-2.690558e-01 3.589662e-02 9.624554e-01 2.319580e+02 1.052233e-01 9.944190e-01 -7.673452e-03 -4.294694e+00 -9.573594e-01 9.920810e-02 -2.713314e-01 -5.219061e+00
-2.722695e-01 3.597335e-02 9.615484e-01 2.342475e+02 1.041853e-01 9.945280e-01 -7.706356e-03 -4.277987e+00 -9.565640e-01 9.808099e-02 -2.745275e-01 -5.967825e+00
-2.777244e-01 3.650109e-02 9.599671e-01 2.366048e+02 1.040946e-01 9.945376e-01 -7.700378e-03 -4.316566e+00 -9.550044e-01 9.778877e-02 -2.800069e-01 -6.448161e+00
-2.804567e-01 3.719679e-02 9.591457e-01 2.388999e+02 1.038071e-01 9.945635e-01 -8.216869e-03 -4.304302e+00 -9.542369e-01 9.726163e-02 -2.827933e-01 -7.162073e+00
-2.848715e-01 3.682711e-02 9.578580e-01 2.412225e+02 1.026694e-01 9.946857e-01 -7.708671e-03 -4.348346e+00 -9.530515e-01 9.614674e-02 -2.871386e-01 -7.781656e+00
-2.885445e-01 3.695202e-02 9.567532e-01 2.435029e+02 1.014580e-01 9.948091e-01 -7.823380e-03 -4.376360e+00 -9.520758e-01 9.481291e-02 -2.907958e-01 -8.535730e+00
-2.930160e-01 3.758474e-02 9.553685e-01 2.458135e+02 1.013151e-01 9.948217e-01 -8.063023e-03 -4.420610e+00 -9.507244e-01 9.443069e-02 -2.953066e-01 -9.204609e+00
-2.964738e-01 3.809746e-02 9.542808e-01 2.481021e+02 1.017142e-01 9.947806e-01 -8.113972e-03 -4.448701e+00 -9.496091e-01 9.465835e-02 -2.988015e-01 -9.919643e+00
-3.011139e-01 3.814809e-02 9.528248e-01 2.504128e+02 1.013744e-01 9.948178e-01 -7.792789e-03 -4.488814e+00 -9.481844e-01 9.424549e-02 -3.034208e-01 -1.059277e+01
-3.050771e-01 3.888615e-02 9.515334e-01 2.526918e+02 9.976101e-02 9.949736e-01 -8.676411e-03 -4.512323e+00 -9.470880e-01 9.227896e-02 -3.074230e-01 -1.138134e+01
-3.097906e-01 3.967563e-02 9.499766e-01 2.550161e+02 1.007847e-01 9.948704e-01 -8.684385e-03 -4.551478e+00 -9.454482e-01 9.305273e-02 -3.122002e-01 -1.202815e+01
-3.124086e-01 4.070861e-02 9.490752e-01 2.572676e+02 1.007409e-01 9.948672e-01 -9.511735e-03 -4.550486e+00 -9.445910e-01 9.263910e-02 -3.149061e-01 -1.290919e+01
-3.158209e-01 4.212161e-02 9.478834e-01 2.595512e+02 1.015172e-01 9.947796e-01 -1.038150e-02 -4.570340e+00 -9.433723e-01 9.294780e-02 -3.184483e-01 -1.369448e+01
-3.190854e-01 4.367550e-02 9.467190e-01 2.618430e+02 1.024814e-01 9.946702e-01 -1.134699e-02 -4.589617e+00 -9.421688e-01 9.340040e-02 -3.218607e-01 -1.452573e+01
-3.227933e-01 4.455642e-02 9.454201e-01 2.641365e+02 1.042034e-01 9.944919e-01 -1.129110e-02 -4.642506e+00 -9.407157e-01 9.487132e-02 -3.256583e-01 -1.528302e+01
-3.254507e-01 4.637791e-02 9.444210e-01 2.664174e+02 1.052337e-01 9.943681e-01 -1.256678e-02 -4.666844e+00 -9.396849e-01 9.529505e-02 -3.284983e-01 -1.614505e+01
-3.285909e-01 4.882928e-02 9.432093e-01 2.687269e+02 1.057824e-01 9.942818e-01 -1.462129e-02 -4.674249e+00 -9.385298e-01 9.497050e-02 -3.318772e-01 -1.697150e+01
-3.311812e-01 4.897450e-02 9.422954e-01 2.710186e+02 1.056410e-01 9.942979e-01 -1.454843e-02 -4.701870e+00 -9.376348e-01 9.472689e-02 -3.344664e-01 -1.784986e+01
-3.342680e-01 5.059663e-02 9.411189e-01 2.733527e+02 1.053436e-01 9.943065e-01 -1.604001e-02 -4.709648e+00 -9.365723e-01 9.377919e-02 -3.376949e-01 -1.867683e+01
-3.373444e-01 5.078558e-02 9.400104e-01 2.756793e+02 1.041423e-01 9.944280e-01 -1.635171e-02 -4.736347e+00 -9.356031e-01 9.237868e-02 -3.407536e-01 -1.953520e+01
-3.393433e-01 5.273730e-02 9.391831e-01 2.780009e+02 1.049849e-01 9.943127e-01 -1.790006e-02 -4.743163e+00 -9.347857e-01 9.252579e-02 -3.429500e-01 -2.047848e+01
-3.427011e-01 5.347675e-02 9.379212e-01 2.803341e+02 1.041287e-01 9.943890e-01 -1.864938e-02 -4.793795e+00 -9.336558e-01 9.127339e-02 -3.463467e-01 -2.134721e+01
-3.451833e-01 5.348866e-02 9.370098e-01 2.826723e+02 1.024536e-01 9.945557e-01 -1.903096e-02 -4.849188e+00 -9.329264e-01 8.943082e-02 -3.487842e-01 -2.225789e+01
-3.461585e-01 5.472755e-02 9.365784e-01 2.850428e+02 1.041755e-01 9.943658e-01 -1.960109e-02 -4.890429e+00 -9.323743e-01 9.078349e-02 -3.499094e-01 -2.314396e+01
-3.492269e-01 5.404047e-02 9.354786e-01 2.874243e+02 1.035981e-01 9.944421e-01 -1.877207e-02 -4.907147e+00 -9.312937e-01 9.035809e-02 -3.528844e-01 -2.402026e+01
-3.509568e-01 5.372552e-02 9.348491e-01 2.897942e+02 1.017987e-01 9.946246e-01 -1.894398e-02 -4.900245e+00 -9.308417e-01 8.851794e-02 -3.545395e-01 -2.496969e+01
-3.507064e-01 5.378154e-02 9.349399e-01 2.921237e+02 1.006750e-01 9.947291e-01 -1.945654e-02 -4.926963e+00 -9.310583e-01 8.730154e-02 -3.542724e-01 -2.602503e+01
-3.510815e-01 5.369825e-02 9.348039e-01 2.945039e+02 1.002141e-01 9.947747e-01 -1.950608e-02 -4.960927e+00 -9.309667e-01 8.683227e-02 -3.546283e-01 -2.701290e+01
-3.517699e-01 5.391525e-02 9.345325e-01 2.968668e+02 1.012270e-01 9.946765e-01 -1.928197e-02 -5.006599e+00 -9.305971e-01 8.781708e-02 -3.553549e-01 -2.803619e+01
-3.522085e-01 5.453007e-02 9.343316e-01 2.992676e+02 1.014226e-01 9.946460e-01 -1.981759e-02 -5.029829e+00 -9.304099e-01 8.778244e-02 -3.558534e-01 -2.901626e+01
-3.554671e-01 5.508864e-02 9.330640e-01 3.016882e+02 9.880780e-02 9.948829e-01 -2.109590e-02 -5.061299e+00 -9.294515e-01 8.469511e-02 -3.590913e-01 -2.996821e+01
-3.591327e-01 5.815999e-02 9.314726e-01 3.041458e+02 9.662565e-02 9.950100e-01 -2.487281e-02 -5.083275e+00 -9.282711e-01 8.107151e-02 -3.629603e-01 -3.086058e+01
-3.578827e-01 5.924624e-02 9.318851e-01 3.065294e+02 9.424238e-02 9.951810e-01 -2.707738e-02 -5.090317e+00 -9.289986e-01 7.813255e-02 -3.617416e-01 -3.196868e+01
-3.646314e-01 5.785655e-02 9.293528e-01 3.090030e+02 8.948973e-02 9.956252e-01 -2.687104e-02 -5.119901e+00 -9.268417e-01 7.336951e-02 -3.682138e-01 -3.289160e+01
-3.705197e-01 5.546693e-02 9.271670e-01 3.114652e+02 8.483222e-02 9.960641e-01 -2.568750e-02 -5.175031e+00 -9.249425e-01 6.913591e-02 -3.737667e-01 -3.387265e+01
-3.757660e-01 5.381926e-02 9.251505e-01 3.139279e+02 8.292185e-02 9.962603e-01 -2.427582e-02 -5.248747e+00 -9.229972e-01 6.759316e-02 -3.788236e-01 -3.487021e+01
-3.810447e-01 5.167890e-02 9.231112e-01 3.163815e+02 7.753111e-02 9.967059e-01 -2.379545e-02 -5.266033e+00 -9.213001e-01 6.250270e-02 -3.837962e-01 -3.590975e+01
-3.868622e-01 5.185347e-02 9.206785e-01 3.188744e+02 7.796936e-02 9.966818e-01 -2.337190e-02 -5.337553e+00 -9.188353e-01 6.274300e-02 -3.896215e-01 -3.688794e+01
-3.917509e-01 5.201021e-02 9.186001e-01 3.213684e+02 7.783326e-02 9.966955e-01 -2.323872e-02 -5.412722e+00 -9.167732e-01 6.239385e-02 -3.945045e-01 -3.789959e+01
-3.939954e-01 5.109295e-02 9.176912e-01 3.237982e+02 7.719232e-02 9.967656e-01 -2.235422e-02 -5.489146e+00 -9.158651e-01 6.203125e-02 -3.966651e-01 -3.905127e+01
-3.989742e-01 4.920972e-02 9.156407e-01 3.262842e+02 7.763566e-02 9.967863e-01 -1.974241e-02 -5.580463e+00 -9.136697e-01 6.320966e-02 -4.015125e-01 -4.008396e+01
-4.048092e-01 4.678943e-02 9.132033e-01 3.287530e+02 7.401444e-02 9.970897e-01 -1.827800e-02 -5.639235e+00 -9.114008e-01 6.019113e-02 -4.070941e-01 -4.115567e+01
-4.050497e-01 4.630980e-02 9.131211e-01 3.311581e+02 7.281459e-02 9.971781e-01 -1.827314e-02 -5.711176e+00 -9.113906e-01 5.908701e-02 -4.072787e-01 -4.237824e+01
-4.095616e-01 4.618241e-02 9.111128e-01 3.336356e+02 7.292982e-02 9.971789e-01 -1.776166e-02 -5.782874e+00 -9.093627e-01 5.917279e-02 -4.117743e-01 -4.345409e+01
-4.106651e-01 4.701389e-02 9.105734e-01 3.360648e+02 7.473563e-02 9.970450e-01 -1.777303e-02 -5.846561e+00 -9.087182e-01 6.075351e-02 -4.129652e-01 -4.463686e+01
-4.147319e-01 4.623779e-02 9.087681e-01 3.385377e+02 7.531372e-02 9.970257e-01 -1.635760e-02 -5.910939e+00 -9.068215e-01 6.165869e-02 -4.169808e-01 -4.573157e+01
-4.153223e-01 4.604419e-02 9.085083e-01 3.409461e+02 7.467945e-02 9.970728e-01 -1.639321e-02 -5.990599e+00 -9.066038e-01 6.103844e-02 -4.175451e-01 -4.695954e+01
-4.205113e-01 4.629773e-02 9.061053e-01 3.434348e+02 7.772842e-02 9.968638e-01 -1.486235e-02 -6.101086e+00 -9.039516e-01 6.418035e-02 -4.227911e-01 -4.804105e+01
-4.235244e-01 4.606211e-02 9.047129e-01 3.459152e+02 7.942384e-02 9.967486e-01 -1.356719e-02 -6.173133e+00 -9.023962e-01 6.610973e-02 -4.258058e-01 -4.914306e+01
-4.264517e-01 4.599595e-02 9.033401e-01 3.483780e+02 7.872220e-02 9.968039e-01 -1.359148e-02 -6.255809e+00 -9.010781e-01 6.531681e-02 -4.287096e-01 -5.028511e+01
-4.273497e-01 4.635704e-02 9.028972e-01 3.508046e+02 7.639960e-02 9.969641e-01 -1.502603e-02 -6.323591e+00 -9.008526e-01 6.255961e-02 -4.295939e-01 -5.151219e+01
-4.311571e-01 4.639719e-02 9.010831e-01 3.532662e+02 7.383589e-02 9.971418e-01 -1.601374e-02 -6.390045e+00 -8.992507e-01 5.962784e-02 -4.333506e-01 -5.265687e+01
-4.340930e-01 4.394616e-02 8.997956e-01 3.557437e+02 7.154070e-02 9.973366e-01 -1.419634e-02 -6.445652e+00 -8.980230e-01 5.820948e-02 -4.360808e-01 -5.379952e+01
-4.370548e-01 4.308439e-02 8.984024e-01 3.581961e+02 7.267546e-02 9.972777e-01 -1.247096e-02 -6.507772e+00 -8.964939e-01 5.984131e-02 -4.389962e-01 -5.497377e+01
-4.404430e-01 4.402451e-02 8.967005e-01 3.606486e+02 7.383627e-02 9.971896e-01 -1.269109e-02 -6.574488e+00 -8.947391e-01 6.061932e-02 -4.424558e-01 -5.614749e+01
-4.452266e-01 4.365824e-02 8.943530e-01 3.631348e+02 7.294796e-02 9.972591e-01 -1.236671e-02 -6.641134e+00 -8.924415e-01 5.973524e-02 -4.471910e-01 -5.727670e+01
-4.470237e-01 4.003313e-02 8.936258e-01 3.655434e+02 7.097078e-02 9.974361e-01 -9.181544e-03 -6.709888e+00 -8.917023e-01 5.931695e-02 -4.487188e-01 -5.854043e+01
-4.518309e-01 3.721444e-02 8.913271e-01 3.680276e+02 6.902380e-02 9.975928e-01 -6.661722e-03 -6.810786e+00 -8.894294e-01 5.851281e-02 -4.533119e-01 -5.964759e+01
-4.557410e-01 3.780507e-02 8.893092e-01 3.704978e+02 7.030189e-02 9.975054e-01 -6.377201e-03 -6.834707e+00 -8.873318e-01 5.961377e-02 -4.572619e-01 -6.078445e+01
-4.598710e-01 3.942831e-02 8.871099e-01 3.729675e+02 7.220376e-02 9.973660e-01 -6.898857e-03 -6.828529e+00 -8.850453e-01 6.088009e-02 -4.615066e-01 -6.192655e+01
-4.628189e-01 3.897873e-02 8.855955e-01 3.753814e+02 7.245246e-02 9.973536e-01 -6.033466e-03 -6.877410e+00 -8.834870e-01 6.137117e-02 -4.644182e-01 -6.316424e+01
-4.643761e-01 3.905292e-02 8.847766e-01 3.777881e+02 7.276918e-02 9.973318e-01 -5.827975e-03 -6.901586e+00 -8.826435e-01 6.167810e-02 -4.659789e-01 -6.442637e+01
-4.672510e-01 3.874614e-02 8.832753e-01 3.801920e+02 7.028900e-02 9.975050e-01 -6.574243e-03 -6.945943e+00 -8.813263e-01 5.901272e-02 -4.688086e-01 -6.569918e+01
-4.710792e-01 3.668818e-02 8.813276e-01 3.824764e+02 6.002374e-02 9.981520e-01 -9.468035e-03 -6.949458e+00 -8.800463e-01 4.844038e-02 -4.724109e-01 -6.712230e+01
-4.733944e-01 4.055669e-02 8.799164e-01 3.844849e+02 5.022002e-02 9.985573e-01 -1.900669e-02 -6.833052e+00 -8.794178e-01 3.519176e-02 -4.747482e-01 -6.893125e+01
-4.976392e-01 4.307567e-02 8.663139e-01 3.868469e+02 5.536883e-02 9.983067e-01 -1.783307e-02 -7.409419e+00 -8.656151e-01 3.909236e-02 -4.991816e-01 -6.773964e+01
-5.271020e-01 3.671423e-02 8.490086e-01 3.891629e+02 5.801436e-02 9.982901e-01 -7.151836e-03 -7.893735e+00 -8.478195e-01 4.548494e-02 -5.283307e-01 -6.640795e+01
-5.294003e-01 2.511523e-02 8.480003e-01 3.915004e+02 5.400094e-02 9.985323e-01 4.138855e-03 -7.983183e+00 -8.466517e-01 4.798393e-02 -5.299796e-01 -6.778650e+01
-5.321416e-01 1.367070e-02 8.465450e-01 3.938267e+02 4.757745e-02 9.987725e-01 1.377838e-02 -8.054230e+00 -8.453175e-01 4.760850e-02 -5.321388e-01 -6.917277e+01
-5.321416e-01 1.367070e-02 8.465450e-01 3.938267e+02 4.757745e-02 9.987725e-01 1.377838e-02 -8.054230e+00 -8.453175e-01 4.760850e-02 -5.321388e-01 -6.917277e+01
-4.977622e-01 1.951642e-02 8.670940e-01 3.917794e+02 4.696825e-02 9.988863e-01 4.479711e-03 -7.423611e+00 -8.660409e-01 4.295572e-02 -4.981245e-01 -7.081592e+01
-5.052140e-01 2.349069e-02 8.626743e-01 3.944193e+02 5.365088e-02 9.985508e-01 4.229330e-03 -7.926238e+00 -8.613248e-01 4.841996e-02 -5.057422e-01 -7.064204e+01
-5.106881e-01 2.911342e-02 8.592730e-01 3.967683e+02 5.802259e-02 9.983151e-01 6.599528e-04 -7.959598e+00 -8.578059e-01 5.019427e-02 -5.115168e-01 -7.196232e+01
-5.169848e-01 3.200464e-02 8.553961e-01 3.992863e+02 5.866880e-02 9.982757e-01 -1.892193e-03 -7.955871e+00 -8.539817e-01 4.920682e-02 -5.179711e-01 -7.292801e+01
-5.210112e-01 3.156954e-02 8.529658e-01 4.010421e+02 5.747192e-02 9.983454e-01 -1.845088e-03 -7.849170e+00 -8.516128e-01 4.806027e-02 -5.219635e-01 -7.497247e+01
-5.291328e-01 3.075085e-02 8.479817e-01 4.036713e+02 5.771788e-02 9.983329e-01 -1.877046e-04 -7.914779e+00 -8.465738e-01 4.884438e-02 -5.300255e-01 -7.555639e+01
-5.340743e-01 3.011979e-02 8.449009e-01 4.056121e+02 5.783525e-02 9.983257e-01 9.693033e-04 -7.846064e+00 -8.434570e-01 4.938274e-02 -5.349220e-01 -7.741080e+01
-5.413942e-01 3.009796e-02 8.402300e-01 4.080890e+02 5.725011e-02 9.983592e-01 1.126250e-03 -7.866295e+00 -8.388175e-01 4.871301e-02 -5.422290e-01 -7.848293e+01
-5.480404e-01 3.092183e-02 8.358801e-01 4.103413e+02 5.824257e-02 9.983017e-01 1.256126e-03 -7.890362e+00 -8.344217e-01 4.937222e-02 -5.489106e-01 -7.995555e+01
-5.538659e-01 3.083717e-02 8.320347e-01 4.126442e+02 5.776736e-02 9.983290e-01 1.453936e-03 -7.928738e+00 -8.305995e-01 4.886973e-02 -5.547218e-01 -8.135350e+01
-5.579489e-01 2.966234e-02 8.293450e-01 4.145628e+02 5.777745e-02 9.983245e-01 3.164213e-03 -7.854802e+00 -8.278616e-01 4.968291e-02 -5.587279e-01 -8.324411e+01
-5.580825e-01 2.916005e-02 8.292729e-01 4.167511e+02 5.934476e-02 9.982258e-01 4.836719e-03 -7.823828e+00 -8.276606e-01 5.191229e-02 -5.588229e-01 -8.479855e+01
-5.605668e-01 2.821082e-02 8.276285e-01 4.189938e+02 6.063273e-02 9.981353e-01 7.044812e-03 -7.839086e+00 -8.258865e-01 5.413047e-02 -5.612320e-01 -8.629809e+01
-5.669564e-01 2.839566e-02 8.232582e-01 4.213455e+02 5.952509e-02 9.982052e-01 6.563482e-03 -7.860097e+00 -8.215943e-01 5.272573e-02 -5.676291e-01 -8.759639e+01
-5.669564e-01 2.839566e-02 8.232582e-01 4.213455e+02 5.952509e-02 9.982052e-01 6.563482e-03 -7.860097e+00 -8.215943e-01 5.272573e-02 -5.676291e-01 -8.759639e+01
-5.857288e-01 3.046199e-02 8.099345e-01 4.237357e+02 5.465679e-02 9.985033e-01 1.972577e-03 -7.898178e+00 -8.086621e-01 4.542381e-02 -5.865170e-01 -8.881588e+01
-5.949325e-01 2.944442e-02 8.032362e-01 4.260625e+02 5.296685e-02 9.985928e-01 2.625280e-03 -7.902240e+00 -8.020286e-01 4.410676e-02 -5.956549e-01 -9.015287e+01
-5.858066e-01 2.946203e-02 8.099152e-01 4.254281e+02 5.164631e-02 9.986649e-01 1.027335e-03 -7.762817e+00 -8.088036e-01 4.243095e-02 -5.865461e-01 -9.275739e+01
-5.899639e-01 2.315702e-02 8.070975e-01 4.279675e+02 4.047647e-02 9.991801e-01 9.188724e-04 -7.962831e+00 -8.064145e-01 3.321056e-02 -5.904175e-01 -9.361499e+01
-5.905257e-01 2.300179e-02 8.066910e-01 4.301965e+02 3.995023e-02 9.992014e-01 7.539619e-04 -7.994455e+00 -8.060294e-01 3.267272e-02 -5.909730e-01 -9.510419e+01
-5.928139e-01 1.473019e-02 8.052048e-01 4.325486e+02 3.080929e-02 9.995156e-01 4.397785e-03 -8.082022e+00 -8.047500e-01 2.741485e-02 -5.929805e-01 -9.639308e+01
-5.957228e-01 1.335309e-02 8.030791e-01 4.348463e+02 3.262289e-02 9.994390e-01 7.581571e-03 -8.059789e+00 -8.025273e-01 3.071527e-02 -5.958242e-01 -9.776165e+01
-5.926306e-01 1.162334e-02 8.053905e-01 4.369566e+02 3.693832e-02 9.992361e-01 1.275942e-02 -8.054070e+00 -8.046269e-01 3.731140e-02 -5.926072e-01 -9.941378e+01
-5.912809e-01 1.041811e-02 8.063984e-01 4.391586e+02 4.072626e-02 9.990265e-01 1.695525e-02 -8.049463e+00 -8.054367e-01 4.286690e-02 -5.911295e-01 -1.009274e+02
-5.859657e-01 8.721513e-03 8.102889e-01 4.416980e+02 3.512289e-02 9.992757e-01 1.464368e-02 -8.107079e+00 -8.095743e-01 3.704039e-02 -5.858476e-01 -1.017650e+02
-6.355380e-01 7.032027e-03 7.720376e-01 4.438524e+02 2.840435e-02 9.994945e-01 1.427854e-02 -8.285774e+00 -7.715469e-01 3.100378e-02 -6.354165e-01 -1.001950e+02
