1.000000e+00 0.000000e+00 0.000000e+00 0.000000e+00 0.000000e+00 1.000000e+00 0.000000e+00 0.000000e+00 0.000000e+00 0.000000e+00 1.000000e+00 0.000000e+00
9.990324e-01 -7.060772e-04 4.397380e-02 5.998562e-02 8.044726e-04 9.999972e-01 -2.219937e-03 -2.040425e-02 -4.397211e-02 2.253165e-03 9.990302e-01 9.977867e-01
9.960217e-01 -5.022130e-03 8.896926e-02 1.616637e-01 5.648823e-03 9.999610e-01 -6.793539e-03 -4.654963e-02 -8.893167e-02 7.269084e-03 9.960112e-01 1.993751e+00
9.909738e-01 -4.884284e-03 1.339664e-01 2.980090e-01 6.330581e-03 9.999262e-01 -1.037213e-02 -7.519184e-02 -1.339058e-01 1.112659e-02 9.909316e-01 2.977632e+00
9.837197e-01 -2.588051e-03 1.796912e-01 4.614849e-01 5.002894e-03 9.999032e-01 -1.298698e-02 -9.040603e-02 -1.796401e-01 1.367452e-02 9.836373e-01 3.962601e+00
9.742387e-01 -4.803645e-03 2.254683e-01 6.905645e-01 8.017585e-03 9.998789e-01 -1.334102e-02 -1.152740e-01 -2.253769e-01 1.480505e-02 9.741592e-01 4.927876e+00
9.625196e-01 -5.498132e-03 2.711565e-01 9.569960e-01 9.853193e-03 9.998434e-01 -1.470229e-02 -1.497820e-01 -2.710332e-01 1.682299e-02 9.624230e-01 5.881995e+00
9.489674e-01 -7.708668e-03 3.152800e-01 1.267180e+00 1.389756e-02 9.997523e-01 -1.738638e-02 -1.741086e-01 -3.150679e-01 2.088073e-02 9.488394e-01 6.819398e+00
9.335775e-01 -8.803668e-03 3.582674e-01 1.601358e+00 1.676695e-02 9.996765e-01 -1.912657e-02 -2.077689e-01 -3.579831e-01 2.386319e-02 9.334231e-01 7.747857e+00
9.161539e-01 -8.640487e-03 4.007335e-01 1.995006e+00 1.820703e-02 9.996328e-01 -2.007102e-02 -2.385201e-01 -4.004129e-01 2.568431e-02 9.159748e-01 8.650105e+00
8.965495e-01 -9.018340e-03 4.428517e-01 2.418793e+00 1.957605e-02 9.996226e-01 -1.927499e-02 -2.593594e-01 -4.425107e-01 2.595027e-02 8.963877e-01 9.535347e+00
8.747432e-01 -8.560359e-03 4.845111e-01 2.898283e+00 2.008259e-02 9.996254e-01 -1.859598e-02 -2.853870e-01 -4.841704e-01 2.599694e-02 8.745874e-01 1.038931e+01
8.502986e-01 -8.247114e-03 5.262360e-01 3.385910e+00 2.057859e-02 9.996336e-01 -1.758500e-02 -3.116359e-01 -5.258981e-01 2.578170e-02 8.501567e-01 1.123452e+01
8.241537e-01 -7.758673e-03 5.663130e-01 3.927839e+00 2.171922e-02 9.996036e-01 -1.791302e-02 -3.475636e-01 -5.659496e-01 2.706296e-02 8.239955e-01 1.204375e+01
7.964623e-01 -9.142198e-03 6.046191e-01 4.510241e+00 2.477892e-02 9.995393e-01 -1.752755e-02 -3.819559e-01 -6.041803e-01 2.894184e-02 7.963219e-01 1.281475e+01
7.675627e-01 -8.284396e-03 6.409204e-01 5.113149e+00 2.617423e-02 9.994875e-01 -1.842695e-02 -4.092647e-01 -6.404393e-01 3.091944e-02 7.673862e-01 1.357215e+01
7.372366e-01 -1.218165e-02 6.755248e-01 5.768134e+00 3.226347e-02 9.993316e-01 -1.719005e-02 -4.398214e-01 -6.748639e-01 3.446791e-02 7.371368e-01 1.428028e+01
7.050407e-01 -1.042871e-02 7.090901e-01 6.449725e+00 3.188492e-02 9.993469e-01 -1.700527e-02 -4.659713e-01 -7.084497e-01 3.459869e-02 7.049127e-01 1.495675e+01
6.711488e-01 -9.544194e-03 7.412612e-01 7.157465e+00 3.384428e-02 9.992690e-01 -1.777691e-02 -4.964000e-01 -7.405497e-01 3.701840e-02 6.709812e-01 1.559875e+01
6.358685e-01 -1.031221e-02 7.717285e-01 7.890172e+00 3.837619e-02 9.990963e-01 -1.826979e-02 -5.228420e-01 -7.708427e-01 4.123319e-02 6.356896e-01 1.620715e+01
6.001034e-01 -8.015032e-03 7.998823e-01 8.672847e+00 3.838387e-02 9.990865e-01 -1.878599e-02 -5.501246e-01 -7.990010e-01 4.197611e-02 5.998629e-01 1.674840e+01
5.624047e-01 -6.857310e-03 8.268337e-01 9.462405e+00 4.165593e-02 9.989308e-01 -2.004939e-02 -5.783146e-01 -8.258122e-01 4.571840e-02 5.620890e-01 1.728099e+01
5.248131e-01 -5.355048e-03 8.512006e-01 1.028865e+01 4.649223e-02 9.986679e-01 -2.238229e-02 -6.100569e-01 -8.499469e-01 5.132074e-02 5.243629e-01 1.775385e+01
4.857254e-01 -3.975173e-03 8.741024e-01 1.112872e+01 4.862823e-02 9.985639e-01 -2.248078e-02 -6.331873e-01 -8.727578e-01 5.342554e-02 4.852212e-01 1.821908e+01
4.467297e-01 -5.879650e-03 8.946497e-01 1.198416e+01 5.377016e-02 9.983472e-01 -2.028816e-02 -6.679720e-01 -8.930517e-01 5.716878e-02 4.463075e-01 1.866140e+01
4.097777e-01 -6.654762e-03 9.121611e-01 1.286812e+01 5.802421e-02 9.981384e-01 -1.878468e-02 -6.952395e-01 -9.103381e-01 6.062497e-02 4.094010e-01 1.904782e+01
3.742222e-01 -3.968394e-03 9.273306e-01 1.377262e+01 5.929373e-02 9.980470e-01 -1.965684e-02 -7.183672e-01 -9.254415e-01 6.234092e-02 3.737266e-01 1.941660e+01
3.410455e-01 -5.247932e-03 9.400322e-01 1.470641e+01 5.975976e-02 9.980828e-01 -1.610894e-02 -7.641884e-01 -9.381454e-01 6.166998e-02 3.407052e-01 1.973362e+01
3.072007e-01 -6.851760e-03 9.516201e-01 1.564877e+01 6.229769e-02 9.979739e-01 -1.292535e-02 -7.894604e-01 -9.496035e-01 6.325441e-02 3.070052e-01 2.004567e+01
2.747996e-01 -6.975407e-03 9.614762e-01 1.660965e+01 6.327105e-02 9.979375e-01 -1.084358e-02 -8.152032e-01 -9.594175e-01 6.381342e-02 2.746742e-01 2.029398e+01
2.422415e-01 -2.833363e-03 9.702118e-01 1.757612e+01 6.098182e-02 9.980630e-01 -1.231118e-02 -8.064460e-01 -9.682976e-01 6.214757e-02 2.419451e-01 2.055293e+01
2.107201e-01 -1.409070e-03 9.775454e-01 1.856153e+01 6.060403e-02 9.980942e-01 -1.162514e-02 -8.321677e-01 -9.756660e-01 6.169284e-02 2.104039e-01 2.079705e+01
1.805529e-01 -1.966279e-03 9.835633e-01 1.957271e+01 6.227603e-02 9.980143e-01 -9.436856e-03 -8.757797e-01 -9.815917e-01 6.295627e-02 1.803169e-01 2.097152e+01
1.501469e-01 -2.388230e-03 9.886608e-01 2.060040e+01 6.434868e-02 9.979003e-01 -7.362018e-03 -9.027163e-01 -9.865674e-01 6.472440e-02 1.499853e-01 2.112443e+01
1.203099e-01 -3.435022e-03 9.927304e-01 2.164846e+01 6.334847e-02 9.979825e-01 -4.224062e-03 -9.362279e-01 -9.907131e-01 6.339615e-02 1.202848e-01 2.121821e+01
9.206703e-02 -4.199172e-03 9.957440e-01 2.271174e+01 6.378231e-02 9.979624e-01 -1.688819e-03 -9.699138e-01 -9.937079e-01 6.366633e-02 9.214727e-02 2.124803e+01
6.434579e-02 -3.927111e-03 9.979199e-01 2.378532e+01 6.606458e-02 9.978153e-01 -3.331394e-04 -9.777244e-01 -9.957385e-01 6.594860e-02 6.446466e-02 2.134291e+01
3.898831e-02 -3.004511e-03 9.992351e-01 2.487567e+01 7.066705e-02 9.974999e-01 2.419959e-04 -9.730199e-01 -9.967377e-01 7.060357e-02 3.910316e-02 2.140889e+01
1.607753e-02 -2.637182e-03 9.998673e-01 2.597942e+01 7.490898e-02 9.971894e-01 1.425607e-03 -9.935392e-01 -9.970608e-01 7.487612e-02 1.622989e-02 2.142295e+01
-5.428647e-03 -2.481658e-03 9.999822e-01 2.709560e+01 8.052797e-02 9.967481e-01 2.910797e-03 -9.909694e-01 -9.967376e-01 8.054234e-02 -5.211151e-03 2.143126e+01
-2.415325e-02 -3.733058e-03 9.997013e-01 2.822495e+01 8.443285e-02 9.964125e-01 5.760715e-03 -1.005789e+00 -9.961364e-01 8.454677e-02 -2.375141e-02 2.143159e+01
-3.786500e-02 -3.439452e-03 9.992769e-01 2.935342e+01 8.761071e-02 9.961319e-01 6.748407e-03 -1.007595e+00 -9.954349e-01 8.780289e-02 -3.741720e-02 2.130655e+01
-5.114139e-02 -4.089797e-03 9.986830e-01 3.049139e+01 9.002005e-02 9.959021e-01 8.688230e-03 -1.009293e+00 -9.946260e-01 9.034582e-02 -5.056365e-02 2.120385e+01
-6.473491e-02 -4.790749e-03 9.978910e-01 3.163992e+01 8.968821e-02 9.959135e-01 1.059948e-02 -1.002157e+00 -9.938639e-01 9.018521e-02 -6.404069e-02 2.115705e+01
-7.769226e-02 -4.226530e-03 9.969684e-01 3.279997e+01 8.984143e-02 9.958928e-01 1.122318e-02 -1.004574e+00 -9.929212e-01 9.044102e-02 -7.699344e-02 2.109737e+01
-8.825798e-02 -1.652193e-03 9.960963e-01 3.397188e+01 9.058969e-02 9.958413e-01 9.678367e-03 -1.017094e+00 -9.919698e-01 9.109025e-02 -8.774127e-02 2.095993e+01
-9.741875e-02 2.395647e-03 9.952406e-01 3.516825e+01 9.157541e-02 9.957765e-01 6.566888e-03 -1.003550e+00 -9.910215e-01 9.177930e-02 -9.722668e-02 2.082868e+01
-1.049152e-01 5.525828e-03 9.944658e-01 3.638586e+01 9.244617e-02 9.957087e-01 4.220248e-03 -9.890502e-01 -9.901750e-01 9.237732e-02 -1.049758e-01 2.067032e+01
-1.129650e-01 6.245867e-03 9.935793e-01 3.763375e+01 9.233737e-02 9.957188e-01 4.238981e-03 -9.975972e-01 -9.892991e-01 9.222336e-02 -1.130581e-01 2.057042e+01
-1.193855e-01 7.254215e-03 9.928215e-01 3.889471e+01 9.130843e-02 9.958158e-01 3.703625e-03 -9.898044e-01 -9.886404e-01 9.109513e-02 -1.195483e-01 2.042513e+01
-1.246929e-01 8.845200e-03 9.921560e-01 4.017810e+01 9.245982e-02 9.957126e-01 2.743326e-03 -9.888701e-01 -9.878780e-01 9.207664e-02 -1.249761e-01 2.025249e+01
-1.293232e-01 1.071487e-02 9.915446e-01 4.148250e+01 9.156814e-02 9.957981e-01 1.182035e-03 -9.854791e-01 -9.873656e-01 9.094676e-02 -1.297610e-01 2.007842e+01
-1.335832e-01 1.211360e-02 9.909636e-01 4.280856e+01 9.153300e-02 9.958020e-01 1.660297e-04 -9.673121e-01 -9.868015e-01 9.072805e-02 -1.341313e-01 1.987672e+01
-1.353976e-01 1.097565e-02 9.907306e-01 4.415644e+01 9.119800e-02 9.958318e-01 1.431351e-03 -9.639058e-01 -9.865852e-01 9.054644e-02 -1.358341e-01 1.966169e+01
-1.380544e-01 9.001309e-03 9.903837e-01 4.553186e+01 9.272575e-02 9.956841e-01 3.876012e-03 -9.721808e-01 -9.860745e-01 9.236918e-02 -1.382932e-01 1.950772e+01
-1.389387e-01 7.735860e-03 9.902708e-01 4.691687e+01 9.257387e-02 9.956922e-01 5.210250e-03 -9.573099e-01 -9.859646e-01 9.239711e-02 -1.390563e-01 1.927227e+01
-1.412082e-01 9.086268e-03 9.899382e-01 4.832641e+01 9.546270e-02 9.954229e-01 4.480520e-03 -9.438007e-01 -9.853665e-01 9.513486e-02 -1.414293e-01 1.906633e+01
-1.419352e-01 8.852842e-03 9.898364e-01 4.975991e+01 9.517870e-02 9.954489e-01 4.744883e-03 -9.473019e-01 -9.852895e-01 9.488480e-02 -1.421319e-01 1.886034e+01
-1.428442e-01 1.000600e-02 9.896946e-01 5.121442e+01 9.686916e-02 9.952894e-01 3.918716e-03 -9.520474e-01 -9.849934e-01 9.643065e-02 -1.431406e-01 1.869396e+01
-1.425211e-01 1.005568e-02 9.897407e-01 5.268713e+01 9.740156e-02 9.952375e-01 3.914139e-03 -9.632800e-01 -9.849877e-01 9.696013e-02 -1.428218e-01 1.848911e+01
-1.418594e-01 1.151953e-02 9.898198e-01 5.418069e+01 9.732996e-02 9.952494e-01 2.366455e-03 -9.585215e-01 -9.850902e-01 9.667482e-02 -1.423067e-01 1.826275e+01
-1.395676e-01 1.155344e-02 9.901451e-01 5.568654e+01 9.825746e-02 9.951585e-01 2.238102e-03 -9.620368e-01 -9.853255e-01 9.760152e-02 -1.400271e-01 1.799129e+01
-1.372628e-01 1.040886e-02 9.904800e-01 5.722037e+01 9.813710e-02 9.951679e-01 3.141919e-03 -9.701438e-01 -9.856612e-01 9.763411e-02 -1.376210e-01 1.775534e+01
-1.361969e-01 1.117451e-02 9.906188e-01 5.877511e+01 9.898089e-02 9.950865e-01 2.383656e-03 -9.604624e-01 -9.857247e-01 9.837697e-02 -1.366338e-01 1.754404e+01
-1.355486e-01 1.216739e-02 9.906960e-01 6.036037e+01 9.827101e-02 9.951589e-01 1.223388e-03 -9.659871e-01 -9.858851e-01 9.752252e-02 -1.360881e-01 1.734069e+01
-1.364439e-01 1.269496e-02 9.905665e-01 6.196864e+01 9.818266e-02 9.951681e-01 7.700700e-04 -9.650256e-01 -9.857704e-01 9.736153e-02 -1.370311e-01 1.719256e+01
-1.346559e-01 1.233146e-02 9.908157e-01 6.358773e+01 9.916102e-02 9.950708e-01 1.091968e-03 -9.871785e-01 -9.859183e-01 9.839733e-02 -1.352150e-01 1.696644e+01
-1.329024e-01 1.051012e-02 9.910734e-01 6.521842e+01 1.008193e-01 9.949003e-01 2.969109e-03 -9.918937e-01 -9.859880e-01 1.003139e-01 -1.332842e-01 1.671138e+01
-1.327907e-01 8.506019e-03 9.911076e-01 6.686540e+01 1.012190e-01 9.948515e-01 5.023395e-03 -9.934998e-01 -9.859621e-01 1.009860e-01 -1.329680e-01 1.650543e+01
-1.326159e-01 9.772460e-03 9.911193e-01 6.853169e+01 1.026055e-01 9.947144e-01 3.921132e-03 -9.933948e-01 -9.858424e-01 1.022143e-01 -1.329177e-01 1.631454e+01
-1.319506e-01 1.164849e-02 9.911878e-01 7.020722e+01 1.058880e-01 9.943751e-01 2.410261e-03 -1.021557e+00 -9.855845e-01 1.052729e-01 -1.324419e-01 1.609079e+01
-1.314346e-01 1.164072e-02 9.912565e-01 7.189755e+01 1.059044e-01 9.943735e-01 2.364956e-03 -1.030807e+00 -9.856517e-01 1.052893e-01 -1.319279e-01 1.586760e+01
-1.307784e-01 1.139331e-02 9.913462e-01 7.360956e+01 1.065238e-01 9.943067e-01 2.625279e-03 -1.039402e+00 -9.856722e-01 1.059453e-01 -1.312475e-01 1.564908e+01
-1.310082e-01 1.045174e-02 9.913262e-01 7.533915e+01 1.057886e-01 9.943825e-01 3.496471e-03 -1.031186e+00 -9.857209e-01 1.053291e-01 -1.313779e-01 1.547534e+01
-1.305733e-01 1.152541e-02 9.913717e-01 7.707903e+01 1.091387e-01 9.940225e-01 2.818399e-03 -1.031428e+00 -9.854133e-01 1.085650e-01 -1.310506e-01 1.524284e+01
-1.305445e-01 1.157220e-02 9.913749e-01 7.883197e+01 1.094636e-01 9.939868e-01 2.811508e-03 -1.016276e+00 -9.853811e-01 1.088865e-01 -1.310263e-01 1.498734e+01
-1.312485e-01 1.186244e-02 9.912785e-01 8.060140e+01 1.097645e-01 9.939541e-01 2.638725e-03 -1.039574e+00 -9.852541e-01 1.091535e-01 -1.317571e-01 1.478017e+01
-1.322532e-01 1.257198e-02 9.911362e-01 8.238189e+01 1.076662e-01 9.941855e-01 1.755886e-03 -1.031170e+00 -9.853512e-01 1.069441e-01 -1.328378e-01 1.454241e+01
-1.335664e-01 1.389977e-02 9.909424e-01 8.417632e+01 1.046960e-01 9.945043e-01 1.619476e-04 -9.869814e-01 -9.854942e-01 1.037693e-01 -1.342876e-01 1.430389e+01
-1.356027e-01 1.460936e-02 9.906556e-01 8.599485e+01 1.039826e-01 9.945790e-01 -4.338948e-04 -1.004378e+00 -9.852916e-01 1.029521e-01 -1.363868e-01 1.408234e+01
-1.373632e-01 1.408535e-02 9.904206e-01 8.782305e+01 1.024107e-01 9.947422e-01 5.671693e-05 -1.002539e+00 -9.852124e-01 1.014374e-01 -1.380835e-01 1.384709e+01
-1.382261e-01 1.364763e-02 9.903067e-01 8.966398e+01 1.022182e-01 9.947618e-01 5.584870e-04 -1.004362e+00 -9.851117e-01 1.013045e-01 -1.388971e-01 1.357923e+01
-1.387362e-01 1.321312e-02 9.902412e-01 9.151879e+01 1.000645e-01 9.949807e-01 7.430140e-04 -1.007952e+00 -9.852611e-01 9.919108e-02 -1.393620e-01 1.332817e+01
-1.398449e-01 1.453056e-02 9.900668e-01 9.338803e+01 9.989370e-02 9.949980e-01 -4.931574e-04 -1.004823e+00 -9.851216e-01 9.883247e-02 -1.405969e-01 1.304401e+01
-1.418074e-01 1.503503e-02 9.897801e-01 9.526592e+01 9.952342e-02 9.950349e-01 -8.559676e-04 -1.036449e+00 -9.848785e-01 9.838491e-02 -1.425996e-01 1.273325e+01
-1.457592e-01 1.597266e-02 9.891912e-01 9.716105e+01 1.007760e-01 9.949084e-01 -1.215453e-03 -1.056677e+00 -9.841740e-01 9.950956e-02 -1.466267e-01 1.245806e+01
-1.499147e-01 1.539967e-02 9.885790e-01 9.906932e+01 9.881728e-02 9.951055e-01 -5.160240e-04 -1.057867e+00 -9.837483e-01 9.761133e-02 -1.507027e-01 1.220131e+01
-1.549330e-01 1.527606e-02 9.878069e-01 1.009766e+02 9.574656e-02 9.954057e-01 -3.761608e-04 -1.037609e+00 -9.832743e-01 9.452083e-02 -1.556839e-01 1.190003e+01
-1.601470e-01 1.657370e-02 9.869540e-01 1.029019e+02 9.555784e-02 9.954231e-01 -1.210336e-03 -1.060294e+00 -9.824569e-01 9.411736e-02 -1.609977e-01 1.162458e+01
-1.655531e-01 1.822800e-02 9.860324e-01 1.048336e+02 9.692895e-02 9.952890e-01 -2.124921e-03 -1.095452e+00 -9.814260e-01 9.522330e-02 -1.665400e-01 1.133424e+01
-1.707119e-01 1.986383e-02 9.851207e-01 1.067767e+02 9.571882e-02 9.954023e-01 -3.484001e-03 -1.112791e+00 -9.806607e-01 9.369983e-02 -1.718283e-01 1.102264e+01
-1.762110e-01 2.014838e-02 9.841462e-01 1.087297e+02 9.348663e-02 9.956139e-01 -3.644406e-03 -1.123844e+00 -9.799030e-01 9.136233e-02 -1.773218e-01 1.070142e+01
-1.805824e-01 2.015934e-02 9.833532e-01 1.106860e+02 9.153789e-02 9.957951e-01 -3.604441e-03 -1.134948e+00 -9.792910e-01 8.936318e-02 -1.816684e-01 1.033773e+01
-1.868157e-01 1.967834e-02 9.821979e-01 1.126553e+02 8.958384e-02 9.959750e-01 -2.915367e-03 -1.151056e+00 -9.783019e-01 8.744443e-02 -1.878266e-01 9.981971e+00
-1.925649e-01 1.930280e-02 9.810944e-01 1.146330e+02 8.855948e-02 9.960684e-01 -2.215345e-03 -1.170210e+00 -9.772799e-01 8.645861e-02 -1.935173e-01 9.627976e+00
-1.973819e-01 1.919220e-02 9.801388e-01 1.166054e+02 8.922415e-02 9.960104e-01 -1.534881e-03 -1.191315e+00 -9.762579e-01 8.714909e-02 -1.983068e-01 9.210852e+00
-2.030598e-01 2.022511e-02 9.789574e-01 1.185929e+02 8.953610e-02 9.959816e-01 -2.004847e-03 -1.207015e+00 -9.750641e-01 8.724493e-02 -2.040547e-01 8.817068e+00
-2.081393e-01 2.117798e-02 9.778699e-01 1.205815e+02 8.942628e-02 9.959902e-01 -2.536059e-03 -1.232862e+00 -9.740026e-01 8.691941e-02 -2.091985e-01 8.355836e+00
-2.139668e-01 2.119614e-02 9.766109e-01 1.225834e+02 8.974956e-02 9.959625e-01 -1.952802e-03 -1.256303e+00 -9.727092e-01 8.723257e-02 -2.150053e-01 7.915942e+00
-2.193428e-01 2.213033e-02 9.753968e-01 1.245880e+02 8.837758e-02 9.960833e-01 -2.725726e-03 -1.231106e+00 -9.716368e-01 8.560535e-02 -2.204395e-01 7.466588e+00
-2.253302e-01 2.348861e-02 9.739993e-01 1.266063e+02 8.768470e-02 9.961413e-01 -3.737133e-03 -1.238561e+00 -9.703287e-01 8.456274e-02 -2.265203e-01 7.011684e+00
-2.305241e-01 2.439368e-02 9.727608e-01 1.286292e+02 8.714082e-02 9.961866e-01 -4.330553e-03 -1.256280e+00 -9.691569e-01 8.376888e-02 -2.317707e-01 6.550796e+00
-2.342669e-01 2.321850e-02 9.718950e-01 1.306262e+02 8.797072e-02 9.961197e-01 -2.592647e-03 -1.290778e+00 -9.681840e-01 8.489093e-02 -2.354004e-01 5.937739e+00
-2.364420e-01 2.384045e-02 9.713531e-01 1.326451e+02 8.970561e-02 9.959649e-01 -2.608813e-03 -1.282455e+00 -9.674958e-01 8.651899e-02 -2.376266e-01 5.381972e+00
-2.391736e-01 2.515222e-02 9.706510e-01 1.346915e+02 9.042738e-02 9.958968e-01 -3.524614e-03 -1.277098e+00 -9.667569e-01 8.693044e-02 -2.404667e-01 4.885200e+00
-2.420983e-01 2.595295e-02 9.699046e-01 1.367347e+02 9.115085e-02 9.958295e-01 -3.894451e-03 -1.301028e+00 -9.659606e-01 8.746478e-02 -2.434543e-01 4.343994e+00
-2.455054e-01 2.612959e-02 9.690430e-01 1.387976e+02 9.045792e-02 9.958925e-01 -3.936212e-03 -1.328237e+00 -9.651655e-01 8.669125e-02 -2.468606e-01 3.817051e+00
-2.502614e-01 2.688795e-02 9.678049e-01 1.408759e+02 8.836534e-02 9.960765e-01 -4.823308e-03 -1.338840e+00 -9.641373e-01 8.431332e-02 -2.516554e-01 3.361328e+00
-2.557225e-01 2.796441e-02 9.663457e-01 1.429623e+02 8.679270e-02 9.962092e-01 -5.860795e-03 -1.357724e+00 -9.628463e-01 8.237301e-02 -2.571802e-01 2.874861e+00
-2.602575e-01 2.750081e-02 9.651475e-01 1.450401e+02 8.644862e-02 9.962434e-01 -5.075496e-03 -1.385695e+00 -9.616614e-01 8.211474e-02 -2.616572e-01 2.313715e+00
-2.651053e-01 2.843690e-02 9.638000e-01 1.471196e+02 8.613415e-02 9.962672e-01 -5.702566e-03 -1.398454e+00 -9.603646e-01 8.150432e-02 -2.665651e-01 1.748584e+00
-2.698833e-01 2.925061e-02 9.624487e-01 1.492079e+02 8.650574e-02 9.962332e-01 -6.020037e-03 -1.441283e+00 -9.589994e-01 8.163263e-02 -2.713970e-01 1.175863e+00
-2.751528e-01 2.834176e-02 9.609827e-01 1.513108e+02 8.524786e-02 9.963473e-01 -4.976207e-03 -1.500004e+00 -9.576136e-01 8.055250e-02 -2.765638e-01 5.920436e-01
-2.773813e-01 2.844146e-02 9.603388e-01 1.533889e+02 8.629504e-02 9.962591e-01 -4.580082e-03 -1.524740e+00 -9.568766e-01 8.160205e-02 -2.787980e-01 -6.841923e-02
-2.817178e-01 2.848539e-02 9.590744e-01 1.555043e+02 8.635434e-02 9.962555e-01 -4.224039e-03 -1.546641e+00 -9.556035e-01 8.163025e-02 -2.831228e-01 -6.500667e-01
-2.858149e-01 2.930973e-02 9.578365e-01 1.576204e+02 8.822927e-02 9.960915e-01 -4.153049e-03 -1.588591e+00 -9.542146e-01 8.332222e-02 -2.872837e-01 -1.252735e+00
-2.878654e-01 3.095824e-02 9.571704e-01 1.597189e+02 8.993344e-02 9.959344e-01 -5.164855e-03 -1.617178e+00 -9.534388e-01 8.459484e-02 -2.894792e-01 -1.931525e+00
-2.916138e-01 3.211882e-02 9.559968e-01 1.618544e+02 8.970404e-02 9.959498e-01 -6.098133e-03 -1.662719e+00 -9.523206e-01 8.397847e-02 -2.933139e-01 -2.545549e+00
-2.940165e-01 3.407741e-02 9.551927e-01 1.639664e+02 9.079294e-02 9.958409e-01 -7.580732e-03 -1.659949e+00 -9.514783e-01 8.449589e-02 -2.958877e-01 -3.254823e+00
-2.974891e-01 3.505923e-02 9.540813e-01 1.661087e+02 9.098872e-02 9.958180e-01 -8.222002e-03 -1.698572e+00 -9.503796e-01 8.436467e-02 -2.994350e-01 -3.895688e+00
-2.983313e-01 3.591295e-02 9.537865e-01 1.682204e+02 9.221115e-02 9.957019e-01 -8.648814e-03 -1.716198e+00 -9.499976e-01 8.536954e-02 -3.003607e-01 -4.659011e+00
-3.015548e-01 3.566037e-02 9.527818e-01 1.703725e+02 9.245210e-02 9.956850e-01 -8.005108e-03 -1.761931e+00 -9.489559e-01 8.567269e-02 -3.035504e-01 -5.332097e+00
-3.043017e-01 3.684997e-02 9.518627e-01 1.725182e+02 9.495697e-02 9.954478e-01 -8.180442e-03 -1.790658e+00 -9.478310e-01 8.789668e-02 -3.064156e-01 -6.050216e+00
-3.072961e-01 3.706940e-02 9.508917e-01 1.746736e+02 9.749097e-02 9.952097e-01 -7.291287e-03 -1.835787e+00 -9.466069e-01 9.046277e-02 -3.094380e-01 -6.761289e+00
-3.095430e-01 3.711225e-02 9.501609e-01 1.768466e+02 9.937974e-02 9.950284e-01 -6.488839e-03 -1.879659e+00 -9.456780e-01 9.241817e-02 -3.116923e-01 -7.453147e+00
-3.117663e-01 3.649445e-02 9.494577e-01 1.789883e+02 9.900782e-02 9.950701e-01 -5.737207e-03 -1.922185e+00 -9.449864e-01 9.221507e-02 -3.138425e-01 -8.254469e+00
-3.150792e-01 3.746660e-02 9.483256e-01 1.811701e+02 9.775461e-02 9.951870e-01 -6.839253e-03 -1.950626e+00 -9.440176e-01 9.054829e-02 -3.172252e-01 -8.963554e+00
-3.167882e-01 3.966491e-02 9.476666e-01 1.833627e+02 9.729170e-02 9.952140e-01 -9.132133e-03 -1.985097e+00 -9.434933e-01 8.930714e-02 -3.191311e-01 -9.674799e+00
-3.188656e-01 4.156984e-02 9.468879e-01 1.855564e+02 9.766305e-02 9.951609e-01 -1.080095e-02 -2.039039e+00 -9.427548e-01 8.903191e-02 -3.213824e-01 -1.041205e+01
-3.221628e-01 4.265092e-02 9.457230e-01 1.877520e+02 9.733282e-02 9.951828e-01 -1.172484e-02 -2.097869e+00 -9.416674e-01 8.827258e-02 -3.247622e-01 -1.115678e+01
-3.259118e-01 4.318817e-02 9.444132e-01 1.899523e+02 9.552380e-02 9.953480e-01 -1.255269e-02 -2.138635e+00 -9.405619e-01 8.612286e-02 -3.285211e-01 -1.190614e+01
-3.274042e-01 4.427166e-02 9.438467e-01 1.921455e+02 9.686648e-02 9.952114e-01 -1.307963e-02 -2.177935e+00 -9.399060e-01 8.714478e-02 -3.301248e-01 -1.272845e+01
-3.311210e-01 4.346510e-02 9.425867e-01 1.943541e+02 9.643376e-02 9.952668e-01 -1.201813e-02 -2.223458e+00 -9.386477e-01 8.691773e-02 -3.337453e-01 -1.352788e+01
-3.357380e-01 4.288100e-02 9.409789e-01 1.965874e+02 9.580482e-02 9.953374e-01 -1.117533e-02 -2.263720e+00 -9.370707e-01 8.639833e-02 -3.382808e-01 -1.426630e+01
-3.389013e-01 4.295139e-02 9.398410e-01 1.988052e+02 9.655960e-02 9.952701e-01 -1.066569e-02 -2.317491e+00 -9.358537e-01 8.713606e-02 -3.414457e-01 -1.509312e+01
-3.433191e-01 4.277667e-02 9.382442e-01 2.010127e+02 9.482748e-02 9.954364e-01 -1.068524e-02 -2.364173e+00 -9.344195e-01 8.530289e-02 -3.458087e-01 -1.590140e+01
-3.468622e-01 4.404187e-02 9.368815e-01 2.032532e+02 9.470806e-02 9.954360e-01 -1.173064e-02 -2.399039e+00 -9.331222e-01 8.466132e-02 -3.494502e-01 -1.670502e+01
-3.503151e-01 4.434024e-02 9.355818e-01 2.054813e+02 9.495697e-02 9.954136e-01 -1.162060e-02 -2.463237e+00 -9.318060e-01 8.476914e-02 -3.529188e-01 -1.749165e+01
-3.532579e-01 4.523372e-02 9.344318e-01 2.076948e+02 9.599366e-02 9.953109e-01 -1.189076e-02 -2.500497e+00 -9.305880e-01 8.549903e-02 -3.559436e-01 -1.836147e+01
-3.551559e-01 4.564258e-02 9.336921e-01 2.099238e+02 9.710674e-02 9.952051e-01 -1.171231e-02 -2.520399e+00 -9.297497e-01 8.650810e-02 -3.578852e-01 -1.920520e+01
-3.574234e-01 4.605112e-02 9.328064e-01 2.121533e+02 9.964162e-02 9.949632e-01 -1.094002e-02 -2.564368e+00 -9.286119e-01 8.903612e-02 -3.602118e-01 -2.005482e+01
-3.602065e-01 4.651283e-02 9.317123e-01 2.143870e+02 1.010155e-01 9.948283e-01 -1.061039e-02 -2.623054e+00 -9.273873e-01 9.029546e-02 -3.630422e-01 -2.088419e+01
-3.625090e-01 4.723738e-02 9.307824e-01 2.166194e+02 1.002725e-01 9.948943e-01 -1.143823e-02 -2.661848e+00 -9.265704e-01 8.918543e-02 -3.653948e-01 -2.174641e+01
-3.643831e-01 4.811443e-02 9.300054e-01 2.188555e+02 1.007867e-01 9.948359e-01 -1.197949e-02 -2.698494e+00 -9.257791e-01 8.936706e-02 -3.673507e-01 -2.264198e+01
-3.675238e-01 4.913198e-02 9.287154e-01 2.210766e+02 1.004134e-01 9.948622e-01 -1.289442e-02 -2.746614e+00 -9.245774e-01 8.851645e-02 -3.705690e-01 -2.351189e+01
-3.702742e-01 5.030063e-02 9.275596e-01 2.232954e+02 1.002652e-01 9.948633e-01 -1.392539e-02 -2.794319e+00 -9.234955e-01 8.784575e-02 -3.734156e-01 -2.442169e+01
-3.723931e-01 5.019883e-02 9.267165e-01 2.255142e+02 9.828780e-02 9.950538e-01 -1.440445e-02 -2.856214e+00 -9.228558e-01 8.572080e-02 -3.754851e-01 -2.534214e+01
-3.754680e-01 5.112705e-02 9.254241e-01 2.277371e+02 9.933705e-02 9.949458e-01 -1.466436e-02 -2.906146e+00 -9.214966e-01 8.642291e-02 -3.786491e-01 -2.624938e+01
-3.770975e-01 5.031351e-02 9.248060e-01 2.299591e+02 1.010970e-01 9.947930e-01 -1.289796e-02 -2.980688e+00 -9.206394e-01 8.863129e-02 -3.802204e-01 -2.717090e+01
-3.806865e-01 4.888339e-02 9.234112e-01 2.321872e+02 1.006992e-01 9.948544e-01 -1.115107e-02 -3.035290e+00 -9.192048e-01 8.874172e-02 -3.836502e-01 -2.807356e+01
-3.826639e-01 4.859781e-02 9.226086e-01 2.343889e+02 1.002731e-01 9.949012e-01 -1.081622e-02 -3.067354e+00 -9.184300e-01 8.837382e-02 -3.855858e-01 -2.903828e+01
-3.857239e-01 4.916438e-02 9.213034e-01 2.366249e+02 9.894517e-02 9.950244e-01 -1.167285e-02 -3.117221e+00 -9.172933e-01 8.665603e-02 -3.886693e-01 -2.993860e+01
-3.868228e-01 4.948112e-02 9.208256e-01 2.388167e+02 9.864243e-02 9.950502e-01 -1.203165e-02 -3.138649e+00 -9.168630e-01 8.617835e-02 -3.897891e-01 -3.093485e+01
-3.913077e-01 4.865942e-02 9.189725e-01 2.410409e+02 9.751622e-02 9.951712e-01 -1.117074e-02 -3.192727e+00 -9.150786e-01 8.524353e-02 -3.941633e-01 -3.185832e+01
-3.950481e-01 4.856274e-02 9.173760e-01 2.432457e+02 9.694924e-02 9.952293e-01 -1.093494e-02 -3.244560e+00 -9.135304e-01 8.461907e-02 -3.978715e-01 -3.282033e+01
-3.997186e-01 4.869411e-02 9.153436e-01 2.454783e+02 9.668114e-02 9.952576e-01 -1.072595e-02 -3.264676e+00 -9.115250e-01 8.420910e-02 -4.025308e-01 -3.371045e+01
-4.035769e-01 4.863246e-02 9.136523e-01 2.476847e+02 9.586204e-02 9.953378e-01 -1.063646e-02 -3.269804e+00 -9.099100e-01 8.329194e-02 -4.063574e-01 -3.466562e+01
-4.053212e-01 4.908258e-02 9.128558e-01 2.498481e+02 9.514317e-02 9.953997e-01 -1.127588e-02 -3.283342e+00 -9.092098e-01 8.228164e-02 -4.081265e-01 -3.570906e+01
-4.107246e-01 5.071926e-02 9.103476e-01 2.520729e+02 9.550271e-02 9.953523e-01 -1.236694e-02 -3.313331e+00 -9.067439e-01 8.186126e-02 -4.136596e-01 -3.662432e+01
-4.143644e-01 5.145171e-02 9.086555e-01 2.542716e+02 9.693503e-02 9.952166e-01 -1.214891e-02 -3.380661e+00 -9.049341e-01 8.304647e-02 -4.173698e-01 -3.757892e+01
-4.188839e-01 5.190523e-02 9.065551e-01 2.565079e+02 9.761396e-02 9.951535e-01 -1.187435e-02 -3.434303e+00 -9.027778e-01 8.351845e-02 -4.219205e-01 -3.846778e+01
-4.222520e-01 5.239250e-02 9.049631e-01 2.587051e+02 9.678402e-02 9.952274e-01 -1.245930e-02 -3.482175e+00 -9.012969e-01 8.232501e-02 -4.253075e-01 -3.946091e+01
-4.259109e-01 5.282586e-02 9.032216e-01 2.608883e+02 9.703180e-02 9.952034e-01 -1.245052e-02 -3.509856e+00 -8.995470e-01 8.233841e-02 -4.289938e-01 -4.048809e+01
-4.287466e-01 5.298227e-02 9.018699e-01 2.630573e+02 9.762682e-02 9.951501e-01 -1.205068e-02 -3.583903e+00 -8.981344e-01 8.288000e-02 -4.318397e-01 -4.155352e+01
-4.326684e-01 5.416732e-02 8.999244e-01 2.652299e+02 9.915770e-02 9.949967e-01 -1.221648e-02 -3.639362e+00 -8.960836e-01 8.394875e-02 -4.358747e-01 -4.260633e+01
-4.351229e-01 5.674043e-02 8.985815e-01 2.674210e+02 1.021357e-01 9.946809e-01 -1.335111e-02 -3.691543e+00 -8.945593e-01 8.596783e-02 -4.386036e-01 -4.367418e+01
-4.376250e-01 5.743887e-02 8.973211e-01 2.695906e+02 1.033920e-01 9.945526e-01 -1.323836e-02 -3.749804e+00 -8.931934e-01 8.698239e-02 -4.411798e-01 -4.473543e+01
-4.404369e-01 5.997654e-02 8.957780e-01 2.717855e+02 1.058406e-01 9.942769e-01 -1.453171e-02 -3.789019e+00 -8.915229e-01 8.840939e-02 -4.442642e-01 -4.579683e+01
-4.429484e-01 6.205619e-02 8.943968e-01 2.739598e+02 1.076134e-01 9.940692e-01 -1.567643e-02 -3.858326e+00 -8.900652e-01 8.930527e-02 -4.469995e-01 -4.693026e+01
-4.465639e-01 6.290519e-02 8.925377e-01 2.761778e+02 1.091533e-01 9.939051e-01 -1.543673e-02 -3.931724e+00 -8.880688e-01 9.052994e-02 -4.507084e-01 -4.797866e+01
-4.510491e-01 6.405706e-02 8.901974e-01 2.784079e+02 1.092104e-01 9.938869e-01 -1.618317e-02 -3.971908e+00 -8.857922e-01 8.991944e-02 -4.552875e-01 -4.905425e+01
-4.535037e-01 6.413029e-02 8.889442e-01 2.805858e+02 1.083714e-01 9.939749e-01 -1.642069e-02 -3.993144e+00 -8.846412e-01 8.888927e-02 -4.577211e-01 -5.024045e+01
-4.559784e-01 6.603178e-02 8.875379e-01 2.827917e+02 1.093676e-01 9.938428e-01 -1.775243e-02 -4.026846e+00 -8.832454e-01 8.897316e-02 -4.603926e-01 -5.142906e+01
-4.595471e-01 6.611817e-02 8.856889e-01 2.850065e+02 1.083209e-01 9.939531e-01 -1.799709e-02 -4.096410e+00 -8.815231e-01 8.766807e-02 -4.639303e-01 -5.256514e+01
-4.629666e-01 6.603351e-02 8.839126e-01 2.872499e+02 1.068450e-01 9.941072e-01 -1.830355e-02 -4.147135e+00 -8.799125e-01 8.596767e-02 -4.672938e-01 -5.368948e+01
-4.646488e-01 6.735704e-02 8.829295e-01 2.894853e+02 1.093388e-01 9.938365e-01 -1.827750e-02 -4.203100e+00 -8.787187e-01 8.804582e-02 -4.691497e-01 -5.487528e+01
-4.664298e-01 6.695182e-02 8.820208e-01 2.916875e+02 1.110876e-01 9.936706e-01 -1.668158e-02 -4.285009e+00 -8.775550e-01 9.020077e-02 -4.709151e-01 -5.613361e+01
-4.693776e-01 6.657332e-02 8.804843e-01 2.939568e+02 1.115657e-01 9.936338e-01 -1.565394e-02 -4.349276e+00 -8.759211e-01 9.088426e-02 -4.738167e-01 -5.730142e+01
-4.714517e-01 6.617708e-02 8.794054e-01 2.962151e+02 1.111192e-01 9.936907e-01 -1.520595e-02 -4.394411e+00 -8.748633e-01 9.054998e-02 -4.758308e-01 -5.850118e+01
-4.724171e-01 6.593479e-02 8.789054e-01 2.984425e+02 1.101903e-01 9.937923e-01 -1.532555e-02 -4.406683e+00 -8.744599e-01 8.960679e-02 -4.767499e-01 -5.979744e+01
-4.753560e-01 6.573935e-02 8.773340e-01 3.007173e+02 1.114285e-01 9.936727e-01 -1.408265e-02 -4.465469e+00 -8.727086e-01 9.106575e-02 -4.796735e-01 -6.100355e+01
-4.784962e-01 6.562743e-02 8.756337e-01 3.030098e+02 1.117755e-01 9.936432e-01 -1.339155e-02 -4.520124e+00 -8.709464e-01 9.146660e-02 -4.827900e-01 -6.221457e+01
-4.803318e-01 6.681440e-02 8.745383e-01 3.052850e+02 1.110296e-01 9.937048e-01 -1.493673e-02 -4.555596e+00 -8.700309e-01 8.992507e-02 -4.847264e-01 -6.347490e+01
-4.823674e-01 6.899045e-02 8.732479e-01 3.075713e+02 1.100090e-01 9.937722e-01 -1.774529e-02 -4.609844e+00 -8.690338e-01 8.750537e-02 -4.869529e-01 -6.474223e+01
-4.865570e-01 6.953664e-02 8.708771e-01 3.098908e+02 1.089295e-01 9.938773e-01 -1.849915e-02 -4.649314e+00 -8.668314e-01 8.586330e-02 -4.911525e-01 -6.597848e+01
-4.893675e-01 6.823885e-02 8.694037e-01 3.121777e+02 1.078858e-01 9.940129e-01 -1.729286e-02 -4.706015e+00 -8.653786e-01 8.533378e-02 -4.937996e-01 -6.729694e+01
-4.934444e-01 6.592874e-02 8.672750e-01 3.144628e+02 1.054776e-01 9.942997e-01 -1.557246e-02 -4.747275e+00 -8.633580e-01 8.379392e-02 -4.975857e-01 -6.864013e+01
-4.982541e-01 6.398439e-02 8.646669e-01 3.167709e+02 1.034337e-01 9.945379e-01 -1.399225e-02 -4.790589e+00 -8.608393e-01 8.246399e-02 -5.021508e-01 -6.995786e+01
-5.026444e-01 6.394059e-02 8.621254e-01 3.190900e+02 1.031865e-01 9.945690e-01 -1.360265e-02 -4.837958e+00 -8.583129e-01 8.212244e-02 -5.065124e-01 -7.126961e+01
-5.046477e-01 6.517172e-02 8.608620e-01 3.213372e+02 1.050808e-01 9.943696e-01 -1.367930e-02 -4.880334e+00 -8.569065e-01 8.355685e-02 -5.086546e-01 -7.272728e+01
-5.076688e-01 6.610541e-02 8.590125e-01 3.236400e+02 1.061787e-01 9.942518e-01 -1.376208e-02 -4.935972e+00 -8.549845e-01 8.422227e-02 -5.117696e-01 -7.412126e+01
-5.096698e-01 6.592251e-02 8.578408e-01 3.258901e+02 1.061616e-01 9.942595e-01 -1.333197e-02 -4.974774e+00 -8.537953e-01 8.427487e-02 -5.137425e-01 -7.559492e+01
-5.159316e-01 6.393645e-02 8.542404e-01 3.282534e+02 1.038952e-01 9.945196e-01 -1.168669e-02 -4.973328e+00 -8.503061e-01 8.272195e-02 -5.197468e-01 -7.688700e+01
-5.177349e-01 6.261707e-02 8.532465e-01 3.305115e+02 1.029780e-01 9.946281e-01 -1.050736e-02 -5.033796e+00 -8.493209e-01 8.242562e-02 -5.214019e-01 -7.835133e+01
-5.189069e-01 6.315718e-02 8.524945e-01 3.327532e+02 1.030973e-01 9.946112e-01 -1.093135e-02 -5.075652e+00 -8.485910e-01 8.221756e-02 -5.226219e-01 -7.985388e+01
-5.239337e-01 6.272036e-02 8.494466e-01 3.350729e+02 1.028803e-01 9.946436e-01 -9.985235e-03 -5.126435e+00 -8.455230e-01 8.215976e-02 -5.275800e-01 -8.123861e+01
-5.253644e-01 6.376601e-02 8.484846e-01 3.373322e+02 1.043349e-01 9.944906e-01 -1.013670e-02 -5.148501e+00 -8.444563e-01 8.320114e-02 -5.291229e-01 -8.272148e+01
-5.276294e-01 6.357941e-02 8.470920e-01 3.396084e+02 1.056166e-01 9.943676e-01 -8.847761e-03 -5.195820e+00 -8.428834e-01 8.479867e-02 -5.313726e-01 -8.418240e+01
-5.305660e-01 6.321592e-02 8.452831e-01 3.419005e+02 1.050060e-01 9.944356e-01 -8.460564e-03 -5.251497e+00 -8.411144e-01 8.427088e-02 -5.342517e-01 -8.561695e+01
-5.337073e-01 6.254746e-02 8.433530e-01 3.441915e+02 1.055963e-01 9.943850e-01 -6.923223e-03 -5.308123e+00 -8.390506e-01 8.536001e-02 -5.373153e-01 -8.707422e+01
-5.346967e-01 6.185400e-02 8.427773e-01 3.464653e+02 1.061453e-01 9.943347e-01 -5.633817e-03 -5.362171e+00 -8.383512e-01 8.644444e-02 -5.382329e-01 -8.855691e+01
-5.362238e-01 6.183827e-02 8.418076e-01 3.487478e+02 1.043139e-01 9.945225e-01 -6.609521e-03 -5.385491e+00 -8.376053e-01 8.426808e-02 -5.397372e-01 -9.002887e+01
-5.368615e-01 6.122753e-02 8.414457e-01 3.510117e+02 1.007654e-01 9.948772e-01 -8.101331e-03 -5.422978e+00 -8.376312e-01 8.043929e-02 -5.402809e-01 -9.153603e+01
-5.398062e-01 6.103279e-02 8.395738e-01 3.533036e+02 9.817722e-02 9.951263e-01 -9.217358e-03 -5.469157e+00 -8.360445e-01 7.745144e-02 -5.431674e-01 -9.299187e+01
-5.422609e-01 5.853999e-02 8.381684e-01 3.555979e+02 9.609595e-02 9.953450e-01 -7.347457e-03 -5.513417e+00 -8.346968e-01 7.656035e-02 -5.453621e-01 -9.446871e+01
-5.445456e-01 5.739991e-02 8.367648e-01 3.578606e+02 9.651745e-02 9.953163e-01 -5.464993e-03 -5.561669e+00 -8.331594e-01 7.778647e-02 -5.475352e-01 -9.597705e+01
-5.463587e-01 5.782037e-02 8.355531e-01 3.601178e+02 9.652763e-02 9.953137e-01 -5.757485e-03 -5.610481e+00 -8.319703e-01 7.750831e-02 -5.493796e-01 -9.749355e+01
-5.490079e-01 5.647463e-02 8.339071e-01 3.624009e+02 9.444444e-02 9.955163e-01 -5.241200e-03 -5.660257e+00 -8.304641e-01 7.588043e-02 -5.518800e-01 -9.899197e+01
-5.506565e-01 5.420075e-02 8.329704e-01 3.646529e+02 9.423306e-02 9.955471e-01 -2.484299e-03 -5.693242e+00 -8.293959e-01 7.712536e-02 -5.533119e-01 -1.005186e+02
-5.519842e-01 5.273113e-02 8.321856e-01 3.668786e+02 9.322446e-02 9.956443e-01 -1.253350e-03 -5.712696e+00 -8.286270e-01 7.688823e-02 -5.544957e-01 -1.020848e+02
-5.543943e-01 5.454929e-02 8.304645e-01 3.691113e+02 9.590016e-02 9.953900e-01 -1.362264e-03 -5.739181e+00 -8.267104e-01 7.888645e-02 -5.570699e-01 -1.036370e+02
-5.556320e-01 5.573117e-02 8.295584e-01 3.713532e+02 9.688499e-02 9.952936e-01 -1.972708e-03 -5.771802e+00 -8.257641e-01 7.927566e-02 -5.584165e-01 -1.051786e+02
-5.568053e-01 5.492952e-02 8.288248e-01 3.735858e+02 9.685347e-02 9.952982e-01 -8.961181e-04 -5.813427e+00 -8.249771e-01 7.977559e-02 -5.595075e-01 -1.067198e+02
-5.577379e-01 5.510741e-02 8.281857e-01 3.758076e+02 9.749864e-02 9.952355e-01 -5.628677e-04 -5.835616e+00 -8.242708e-01 8.043305e-02 -5.604535e-01 -1.082847e+02
-5.619897e-01 5.351991e-02 8.254109e-01 3.780723e+02 9.416151e-02 9.955568e-01 -4.413726e-04 -5.876412e+00 -8.217671e-01 7.747389e-02 -5.645322e-01 -1.097912e+02
-5.649076e-01 4.982579e-02 8.236484e-01 3.803231e+02 8.292522e-02 9.965499e-01 -3.410193e-03 -5.919916e+00 -8.209767e-01 6.637478e-02 -5.670905e-01 -1.112664e+02
-5.699970e-01 5.230785e-02 8.199801e-01 3.825128e+02 7.366106e-02 9.972061e-01 -1.240900e-02 -5.923104e+00 -8.183382e-01 5.332751e-02 -5.722575e-01 -1.128554e+02
-5.722651e-01 5.995031e-02 8.178745e-01 3.847602e+02 7.893197e-02 9.967205e-01 -1.783121e-02 -5.962719e+00 -8.162613e-01 5.435226e-02 -5.751203e-01 -1.143651e+02
-5.726237e-01 5.844381e-02 8.177325e-01 3.870208e+02 8.149297e-02 9.965733e-01 -1.415956e-02 -6.010302e+00 -8.157579e-01 5.853135e-02 -5.754243e-01 -1.158682e+02
-5.738698e-01 4.887107e-02 8.174870e-01 3.892307e+02 7.904909e-02 9.968623e-01 -4.102615e-03 -6.036014e+00 -8.151225e-01 6.226724e-02 -5.759324e-01 -1.174454e+02
-5.781143e-01 3.902936e-02 8.150218e-01 3.914436e+02 7.402280e-02 9.972452e-01 4.750541e-03 -6.050719e+00 -8.125912e-01 6.307655e-02 -5.794108e-01 -1.190080e+02
-5.801498e-01 3.331532e-02 8.138282e-01 3.936031e+02 6.902675e-02 9.975797e-01 8.369294e-03 -6.057433e+00 -8.115797e-01 6.103136e-02 -5.810453e-01 -1.206283e+02
-5.839765e-01 3.278230e-02 8.111084e-01 3.958084e+02 6.877982e-02 9.975894e-01 9.200391e-03 -6.076219e+00 -8.088516e-01 6.116070e-02 -5.848235e-01 -1.221737e+02
-5.874701e-01 3.734584e-02 8.083837e-01 3.980726e+02 7.418835e-02 9.972134e-01 7.844869e-03 -6.117205e+00 -8.058381e-01 6.458127e-02 -5.886037e-01 -1.236345e+02
-5.908779e-01 4.358479e-02 8.055828e-01 4.002928e+02 7.885852e-02 9.968782e-01 3.906523e-03 -6.158733e+00 -8.028977e-01 6.583534e-02 -5.924703e-01 -1.251648e+02
-5.940554e-01 4.656225e-02 8.030754e-01 4.025114e+02 7.982072e-02 9.968085e-01 1.250542e-03 -6.195079e+00 -8.004541e-01 6.484495e-02 -5.958761e-01 -1.266979e+02
-5.973270e-01 4.579896e-02 8.006891e-01 4.047053e+02 7.802990e-02 9.969503e-01 1.186575e-03 -6.219691e+00 -7.981929e-01 6.318646e-02 -5.990790e-01 -1.282612e+02
-6.028522e-01 4.434080e-02 7.966198e-01 4.068818e+02 7.774880e-02 9.969674e-01 3.345010e-03 -6.238930e+00 -7.940556e-01 6.395278e-02 -6.044714e-01 -1.298338e+02
-6.069190e-01 4.307659e-02 7.935955e-01 4.090400e+02 7.720888e-02 9.970028e-01 4.929534e-03 -6.246118e+00 -7.910045e-01 6.426445e-02 -6.084258e-01 -1.314546e+02
-6.145519e-01 4.277566e-02 7.877158e-01 4.111877e+02 7.673199e-02 9.970353e-01 5.721543e-03 -6.247048e+00 -7.851357e-01 6.395918e-02 -6.160122e-01 -1.330761e+02
-6.196452e-01 4.291791e-02 7.837078e-01 4.133516e+02 7.631430e-02 9.970673e-01 5.736498e-03 -6.259787e+00 -7.811632e-01 6.336270e-02 -6.211032e-01 -1.346812e+02
-6.233714e-01 4.316561e-02 7.807335e-01 4.154873e+02 7.653286e-02 9.970491e-01 5.981763e-03 -6.279648e+00 -7.781715e-01 6.348063e-02 -6.248355e-01 -1.363242e+02
-6.299975e-01 4.264828e-02 7.754252e-01 4.176308e+02 7.777851e-02 9.969356e-01 8.360157e-03 -6.297830e+00 -7.726925e-01 6.557830e-02 -6.313840e-01 -1.379400e+02
-6.362689e-01 4.191109e-02 7.703281e-01 4.197801e+02 8.004530e-02 9.967203e-01 1.188675e-02 -6.324740e+00 -7.673035e-01 6.922431e-02 -6.375369e-01 -1.395704e+02
-6.415539e-01 4.144269e-02 7.659576e-01 4.219141e+02 8.191660e-02 9.965309e-01 1.469402e-02 -6.349429e+00 -7.626914e-01 7.217165e-02 -6.427231e-01 -1.412020e+02
-6.448832e-01 4.146659e-02 7.631554e-01 4.239881e+02 8.050678e-02 9.966575e-01 1.387592e-02 -6.344293e+00 -7.600291e-01 7.038753e-02 -6.460660e-01 -1.429051e+02
-6.496587e-01 4.133377e-02 7.591015e-01 4.260702e+02 7.626283e-02 9.970273e-01 1.097866e-02 -6.344790e+00 -7.563911e-01 6.502362e-02 -6.508797e-01 -1.445981e+02
-6.586982e-01 4.157691e-02 7.512577e-01 4.281752e+02 7.408085e-02 9.972044e-01 9.765283e-03 -6.353529e+00 -7.487515e-01 6.208618e-02 -6.599368e-01 -1.462638e+02
-6.626861e-01 4.076164e-02 7.477872e-01 4.302684e+02 7.202734e-02 9.973577e-01 9.464697e-03 -6.354090e+00 -7.454255e-01 6.013325e-02 -6.638710e-01 -1.479497e+02
-6.654110e-01 3.998452e-02 7.454055e-01 4.323055e+02 7.042816e-02 9.974729e-01 9.364299e-03 -6.371865e+00 -7.431474e-01 5.872865e-02 -6.665455e-01 -1.496925e+02
-6.684504e-01 3.929782e-02 7.427178e-01 4.343389e+02 6.824323e-02 9.976314e-01 8.633791e-03 -6.374977e+00 -7.406193e-01 5.645672e-02 -6.695489e-01 -1.514435e+02
-6.694990e-01 3.872593e-02 7.418028e-01 4.363046e+02 6.735216e-02 9.976913e-01 8.702691e-03 -6.370883e+00 -7.397531e-01 5.578846e-02 -6.705616e-01 -1.532571e+02
-6.694091e-01 3.660441e-02 7.419916e-01 4.382903e+02 6.708314e-02 9.976834e-01 1.130263e-02 -6.379396e+00 -7.398590e-01 5.734121e-02 -6.703139e-01 -1.550571e+02
-6.694279e-01 3.552775e-02 7.420270e-01 4.402677e+02 6.953887e-02 9.974668e-01 1.497723e-02 -6.368377e+00 -7.396152e-01 6.162589e-02 -6.702027e-01 -1.568542e+02
-6.674902e-01 3.438635e-02 7.438242e-01 4.422450e+02 7.348147e-02 9.970991e-01 1.984550e-02 -6.342751e+00 -7.409840e-01 6.790397e-02 -6.680806e-01 -1.586550e+02
-6.665035e-01 3.338694e-02 7.447539e-01 4.442511e+02 7.699885e-02 9.967368e-01 2.422548e-02 -6.312694e+00 -7.415148e-01 7.349156e-02 -6.668994e-01 -1.604193e+02
-6.648885e-01 3.089850e-02 7.463033e-01 4.462431e+02 7.126436e-02 9.972103e-01 2.220350e-02 -6.285913e+00 -7.435353e-01 6.794767e-02 -6.652356e-01 -1.621845e+02
-6.661691e-01 2.962432e-02 7.452121e-01 4.482920e+02 6.328629e-02 9.978522e-01 1.690616e-02 -6.264143e+00 -7.431107e-01 5.842407e-02 -6.666132e-01 -1.639110e+02
