1.000000e+00 0.000000e+00 0.000000e+00 0.000000e+00 0.000000e+00 1.000000e+00 0.000000e+00 0.000000e+00 0.000000e+00 0.000000e+00 1.000000e+00 0.000000e+00
9.999974e-01 -2.012271e-03 -1.029848e-03 -8.043463e-03 2.015454e-03 9.999932e-01 3.098558e-03 -2.258728e-02 1.023606e-03 -3.100626e-03 9.999947e-01 1.523534e+00
9.999974e-01 -2.144186e-03 -8.112419e-04 -6.586249e-02 2.146924e-03 9.999920e-01 3.388361e-03 -2.749070e-02 8.039701e-04 -3.390093e-03 9.999939e-01 3.036593e+00
9.999978e-01 -1.303050e-03 -1.661685e-03 -1.102636e-01 1.308180e-03 9.999944e-01 3.090145e-03 -4.241940e-02 1.657649e-03 -3.092312e-03 9.999938e-01 4.549163e+00
9.999900e-01 -6.472200e-04 -4.416011e-03 -8.129622e-02 6.590693e-04 9.999962e-01 2.682333e-03 -5.504005e-02 4.414258e-03 -2.685217e-03 9.999867e-01 6.084909e+00
9.999788e-01 -2.716980e-03 -5.925684e-03 -9.988647e-02 2.735593e-03 9.999913e-01 3.135360e-03 -8.171036e-02 5.917114e-03 -3.151503e-03 9.999775e-01 7.568588e+00
9.999742e-01 -2.020646e-03 -6.897186e-03 -1.131908e-01 2.044059e-03 9.999922e-01 3.389128e-03 -1.022240e-01 6.890284e-03 -3.403138e-03 9.999705e-01 9.068820e+00
9.999551e-01 -3.516480e-03 -8.793950e-03 -1.236389e-01 3.544663e-03 9.999886e-01 3.191241e-03 -1.371358e-01 8.782628e-03 -3.222269e-03 9.999562e-01 1.056344e+01
9.999385e-01 -4.795413e-03 -9.998672e-03 -1.648634e-01 4.832753e-03 9.999814e-01 3.713684e-03 -1.585964e-01 9.980678e-03 -3.761777e-03 9.999431e-01 1.205608e+01
9.999205e-01 -5.396520e-03 -1.139225e-02 -1.713236e-01 5.438051e-03 9.999787e-01 3.617730e-03 -1.768241e-01 1.137248e-02 -3.679394e-03 9.999286e-01 1.354487e+01
9.999030e-01 -5.406406e-03 -1.283333e-02 -1.910225e-01 5.455433e-03 9.999779e-01 3.788390e-03 -1.912878e-01 1.281257e-02 -3.858034e-03 9.999105e-01 1.502964e+01
9.999047e-01 -3.054044e-03 -1.346289e-02 -2.040019e-01 3.110904e-03 9.999863e-01 4.204538e-03 -2.099472e-01 1.344987e-02 -4.246019e-03 9.999005e-01 1.651245e+01
9.999001e-01 -1.386048e-03 -1.406405e-02 -2.242397e-01 1.454899e-03 9.999870e-01 4.886443e-03 -2.189245e-01 1.405709e-02 -4.906416e-03 9.998892e-01 1.798646e+01
9.998941e-01 1.481712e-04 -1.455436e-02 -2.526888e-01 -6.303980e-05 9.999829e-01 5.849489e-03 -2.389246e-01 1.455498e-02 -5.847951e-03 9.998770e-01 1.945978e+01
9.998999e-01 5.069798e-04 -1.414103e-02 -3.065440e-01 -4.256859e-04 9.999834e-01 5.751215e-03 -2.602222e-01 1.414371e-02 -5.744620e-03 9.998835e-01 2.092096e+01
9.998907e-01 1.489083e-03 -1.470761e-02 -3.250780e-01 -1.405907e-03 9.999830e-01 5.664062e-03 -2.617199e-01 1.471579e-02 -5.642766e-03 9.998758e-01 2.237828e+01
9.998976e-01 2.505669e-03 -1.408592e-02 -3.387308e-01 -2.420080e-03 9.999785e-01 6.089978e-03 -2.715919e-01 1.410088e-02 -6.055266e-03 9.998822e-01 2.383087e+01
9.998988e-01 3.681042e-03 -1.374485e-02 -3.635823e-01 -3.580498e-03 9.999667e-01 7.332481e-03 -2.927610e-01 1.377139e-02 -7.282525e-03 9.998786e-01 2.527189e+01
9.998980e-01 4.196632e-03 -1.364891e-02 -4.198706e-01 -4.116115e-03 9.999740e-01 5.921909e-03 -2.947023e-01 1.367341e-02 -5.865124e-03 9.998893e-01 2.670431e+01
9.998965e-01 4.886002e-03 -1.352910e-02 -4.525984e-01 -4.836327e-03 9.999815e-01 3.702044e-03 -2.898446e-01 1.354694e-02 -3.636230e-03 9.999016e-01 2.812988e+01
9.999079e-01 3.492902e-03 -1.311676e-02 -4.858760e-01 -3.448293e-03 9.999882e-01 3.422000e-03 -2.975316e-01 1.312855e-02 -3.376454e-03 9.999081e-01 2.955135e+01
9.999239e-01 2.548403e-03 -1.207095e-02 -5.334490e-01 -2.474342e-03 9.999780e-01 6.146428e-03 -3.032155e-01 1.208634e-02 -6.116093e-03 9.999083e-01 3.096221e+01
9.999296e-01 1.780902e-04 -1.186715e-02 -5.702138e-01 -9.663656e-05 9.999764e-01 6.864009e-03 -2.986559e-01 1.186809e-02 -6.862379e-03 9.999060e-01 3.235655e+01
9.999323e-01 -5.111036e-04 -1.162091e-02 -5.949005e-01 5.828768e-04 9.999808e-01 6.173657e-03 -3.154744e-01 1.161753e-02 -6.180013e-03 9.999134e-01 3.374074e+01
9.999366e-01 -6.031286e-04 -1.124221e-02 -6.162772e-01 6.537618e-04 9.999897e-01 4.500718e-03 -3.251932e-01 1.123938e-02 -4.507783e-03 9.999267e-01 3.510877e+01
9.999442e-01 7.219173e-04 -1.053482e-02 -6.461601e-01 -6.790562e-04 9.999915e-01 4.071528e-03 -3.564298e-01 1.053767e-02 -4.064147e-03 9.999362e-01 3.646480e+01
9.999597e-01 1.625247e-03 -8.832775e-03 -6.786243e-01 -1.595761e-03 9.999931e-01 3.344242e-03 -3.866888e-01 8.838149e-03 -3.330012e-03 9.999554e-01 3.779871e+01
9.999675e-01 2.675203e-03 -7.602160e-03 -6.921429e-01 -2.642432e-03 9.999872e-01 4.317497e-03 -3.997701e-01 7.613613e-03 -4.297269e-03 9.999618e-01 3.912278e+01
9.999772e-01 3.392516e-03 -5.834959e-03 -7.302558e-01 -3.354438e-03 9.999731e-01 6.523250e-03 -4.218475e-01 5.856933e-03 -6.503528e-03 9.999617e-01 4.042551e+01
9.999858e-01 3.386052e-03 -4.116204e-03 -7.406060e-01 -3.355096e-03 9.999662e-01 7.504285e-03 -4.340693e-01 4.141475e-03 -7.490368e-03 9.999634e-01 4.170801e+01
9.999846e-01 5.019387e-03 -2.371400e-03 -7.256807e-01 -5.001060e-03 9.999581e-01 7.672467e-03 -4.352429e-01 2.409811e-03 -7.660490e-03 9.999678e-01 4.297144e+01
9.999872e-01 4.942182e-03 1.092380e-03 -7.450611e-01 -4.949771e-03 9.999628e-01 7.057596e-03 -4.524384e-01 -1.057459e-03 -7.062913e-03 9.999745e-01 4.421255e+01
9.999798e-01 4.183187e-03 4.784010e-03 -7.573328e-01 -4.208375e-03 9.999773e-01 5.267219e-03 -4.587303e-01 -4.761868e-03 -5.287246e-03 9.999747e-01 4.544595e+01
9.999615e-01 4.275910e-03 7.657050e-03 -7.675761e-01 -4.308540e-03 9.999817e-01 4.249949e-03 -4.855851e-01 -7.638738e-03 -4.282777e-03 9.999617e-01 4.666593e+01
9.999247e-01 4.334643e-03 1.148215e-02 -7.402296e-01 -4.388683e-03 9.999794e-01 4.685460e-03 -4.898750e-01 -1.146160e-02 -4.735499e-03 9.999231e-01 4.787537e+01
9.998106e-01 5.438846e-03 1.868611e-02 -7.725176e-01 -5.521337e-03 9.999752e-01 4.365782e-03 -4.969797e-01 -1.866190e-02 -4.468127e-03 9.998159e-01 4.907311e+01
9.996542e-01 7.584081e-03 2.517721e-02 -7.541153e-01 -7.677585e-03 9.999640e-01 3.619230e-03 -5.119935e-01 -2.514886e-02 -3.811279e-03 9.996765e-01 5.025876e+01
9.994263e-01 9.197182e-03 3.259459e-02 -7.118610e-01 -9.315913e-03 9.999505e-01 3.492646e-03 -5.287870e-01 -3.256086e-02 -3.794290e-03 9.994626e-01 5.143581e+01
9.991004e-01 9.226589e-03 4.139244e-02 -6.801102e-01 -9.431692e-03 9.999442e-01 4.762547e-03 -5.462880e-01 -4.134619e-02 -5.148663e-03 9.991316e-01 5.260007e+01
9.986705e-01 1.044552e-02 5.047817e-02 -6.137705e-01 -1.071244e-02 9.999300e-01 5.019996e-03 -5.512585e-01 -5.042220e-02 -5.554066e-03 9.987125e-01 5.374736e+01
9.978915e-01 1.288758e-02 6.361147e-02 -5.641655e-01 -1.325442e-02 9.998979e-01 5.348290e-03 -5.901069e-01 -6.353605e-02 -6.180147e-03 9.979604e-01 5.487870e+01
9.968305e-01 1.515627e-02 7.809717e-02 -4.718326e-01 -1.563581e-02 9.998624e-01 5.532426e-03 -5.945146e-01 -7.800258e-02 -6.736004e-03 9.969304e-01 5.599680e+01
9.954763e-01 1.656983e-02 9.355458e-02 -3.719609e-01 -1.735772e-02 9.998204e-01 7.614241e-03 -6.244936e-01 -9.341160e-02 -9.203690e-03 9.955850e-01 5.710616e+01
9.936432e-01 1.626800e-02 1.113938e-01 -2.646932e-01 -1.725902e-02 9.998195e-01 7.937972e-03 -6.328774e-01 -1.112445e-01 -9.810059e-03 9.937446e-01 5.819973e+01
9.913357e-01 1.547985e-02 1.304374e-01 -1.288537e-01 -1.655602e-02 9.998372e-01 7.170023e-03 -6.484778e-01 -1.303052e-01 -9.267423e-03 9.914306e-01 5.927686e+01
9.885604e-01 1.457332e-02 1.501197e-01 4.441141e-02 -1.573676e-02 9.998546e-01 6.565006e-03 -6.668565e-01 -1.500022e-01 -8.852303e-03 9.886460e-01 6.033753e+01
9.852367e-01 1.175499e-02 1.707939e-01 2.449636e-01 -1.303103e-02 9.998949e-01 6.352084e-03 -6.811876e-01 -1.707012e-01 -8.483926e-03 9.852863e-01 6.138219e+01
9.813270e-01 6.137569e-03 1.922489e-01 4.542653e-01 -7.938737e-03 9.999315e-01 8.600046e-03 -6.976347e-01 -1.921830e-01 -9.965671e-03 9.813085e-01 6.241339e+01
9.765352e-01 1.547460e-03 2.153522e-01 6.839087e-01 -3.845000e-03 9.999401e-01 1.025023e-02 -7.147540e-01 -2.153235e-01 -1.083774e-02 9.764826e-01 6.342732e+01
9.709165e-01 -3.647790e-03 2.393904e-01 9.170662e-01 1.373383e-03 9.999523e-01 9.666952e-03 -7.235732e-01 -2.394143e-01 -9.057029e-03 9.708753e-01 6.442410e+01
9.644050e-01 -9.730920e-03 2.642506e-01 1.201043e+00 7.964682e-03 9.999382e-01 7.754534e-03 -7.320456e-01 -2.643097e-01 -5.373840e-03 9.644229e-01 6.539854e+01
9.568626e-01 -1.368861e-02 2.902183e-01 1.495675e+00 1.162347e-02 9.998934e-01 8.838468e-03 -7.533449e-01 -2.903083e-01 -5.083854e-03 9.569197e-01 6.635844e+01
9.482224e-01 -1.619895e-02 3.171938e-01 1.821231e+00 1.318339e-02 9.998452e-01 1.165110e-02 -7.789564e-01 -3.173334e-01 -6.866145e-03 9.482892e-01 6.730275e+01
9.384131e-01 -2.072917e-02 3.448930e-01 2.155190e+00 1.678348e-02 9.997551e-01 1.442261e-02 -7.841433e-01 -3.451075e-01 -7.745864e-03 9.385312e-01 6.822916e+01
9.274204e-01 -2.402225e-02 3.732483e-01 2.520922e+00 2.032472e-02 9.996976e-01 1.383913e-02 -7.928475e-01 -3.734679e-01 -5.248528e-03 9.276283e-01 6.912599e+01
9.153695e-01 -2.381687e-02 4.019098e-01 2.907657e+00 2.159998e-02 9.997162e-01 1.004741e-02 -8.022226e-01 -4.020350e-01 -5.158529e-04 9.156242e-01 7.000426e+01
9.024135e-01 -2.476857e-02 4.301586e-01 3.352055e+00 2.527481e-02 9.996702e-01 4.538051e-03 -7.912449e-01 -4.301291e-01 6.776976e-03 9.027419e-01 7.085113e+01
8.883582e-01 -2.720204e-02 4.583446e-01 3.808220e+00 2.948801e-02 9.995628e-01 2.169180e-03 -8.026890e-01 -4.582032e-01 1.158866e-02 8.887719e-01 7.169004e+01
8.727468e-01 -2.866030e-02 4.873312e-01 4.280291e+00 2.972212e-02 9.995428e-01 5.555388e-03 -8.085615e-01 -4.872676e-01 9.636069e-03 8.731996e-01 7.252002e+01
8.547944e-01 -2.741537e-02 5.182422e-01 4.750076e+00 2.528304e-02 9.996178e-01 1.117835e-02 -8.131749e-01 -5.183506e-01 3.547548e-03 8.551608e-01 7.333716e+01
8.352989e-01 -2.802756e-02 5.490812e-01 5.259609e+00 2.367460e-02 9.996070e-01 1.500903e-02 -8.271070e-01 -5.492861e-01 4.622474e-04 8.356342e-01 7.411562e+01
8.142619e-01 -2.228593e-02 5.800698e-01 5.781323e+00 2.002183e-02 9.997464e-01 1.030440e-02 -8.385577e-01 -5.801523e-01 3.223578e-03 8.145016e-01 7.487773e+01
7.928718e-01 -1.547176e-02 6.091921e-01 6.354627e+00 1.725171e-02 9.998469e-01 2.939949e-03 -8.370914e-01 -6.091443e-01 8.178602e-03 7.930173e-01 7.559368e+01
7.705046e-01 -1.267418e-02 6.373084e-01 6.935010e+00 1.608275e-02 9.998706e-01 4.404628e-04 -8.368796e-01 -6.372315e-01 9.910292e-03 7.706087e-01 7.631009e+01
7.476425e-01 -1.457277e-02 6.639415e-01 7.558257e+00 1.655045e-02 9.998576e-01 3.308843e-03 -8.363296e-01 -6.638952e-01 8.514700e-03 7.477772e-01 7.697644e+01
7.237736e-01 -1.407145e-02 6.898941e-01 8.200823e+00 1.573573e-02 9.998686e-01 3.885380e-03 -8.572367e-01 -6.898581e-01 8.043848e-03 7.238999e-01 7.760356e+01
6.977314e-01 -1.185636e-02 7.162613e-01 8.819160e+00 1.610737e-02 9.998699e-01 8.602938e-04 -8.645961e-01 -7.161783e-01 1.093683e-02 6.978316e-01 7.825728e+01
6.717560e-01 -9.598788e-03 7.407103e-01 9.485448e+00 1.611604e-02 9.998688e-01 -1.658570e-03 -8.757889e-01 -7.405971e-01 1.305147e-02 6.718226e-01 7.885790e+01
6.443099e-01 -8.769516e-03 7.647142e-01 1.016274e+01 1.483714e-02 9.998894e-01 -1.034600e-03 -9.286078e-01 -7.646206e-01 1.201278e-02 6.443687e-01 7.945292e+01
6.171192e-01 -7.611125e-03 7.868329e-01 1.088991e+01 1.442755e-02 9.998946e-01 -1.643541e-03 -9.563817e-01 -7.867374e-01 1.236633e-02 6.171639e-01 7.998446e+01
5.874889e-01 -8.579741e-04 8.092318e-01 1.160764e+01 1.295551e-02 9.998812e-01 -8.345378e-03 -9.605533e-01 -8.091285e-01 1.538683e-02 5.874302e-01 8.053558e+01
5.572782e-01 8.382723e-03 8.302835e-01 1.236478e+01 1.179505e-02 9.997682e-01 -1.801060e-02 -9.822711e-01 -8.302420e-01 1.983015e-02 5.570502e-01 8.105634e+01
5.255274e-01 1.668185e-02 8.506131e-01 1.313707e+01 1.120184e-02 9.995854e-01 -2.652417e-02 -1.000969e+00 -8.507029e-01 2.346761e-02 5.251226e-01 8.156909e+01
4.953664e-01 2.147983e-02 8.684185e-01 1.396880e+01 8.404837e-03 9.995289e-01 -2.951708e-02 -1.035757e+00 -8.686435e-01 2.192069e-02 4.949525e-01 8.197922e+01
4.617611e-01 2.159607e-02 8.867414e-01 1.477832e+01 6.561535e-03 9.995930e-01 -2.776136e-02 -1.050306e+00 -8.869801e-01 1.863750e-02 4.614314e-01 8.245059e+01
4.285652e-01 2.051579e-02 9.032779e-01 1.561881e+01 1.249331e-03 9.997278e-01 -2.329917e-02 -1.080381e+00 -9.035100e-01 1.111371e-02 4.284229e-01 8.284520e+01
3.944496e-01 2.153788e-02 9.186651e-01 1.648220e+01 -3.596990e-03 9.997538e-01 -2.189454e-02 -1.128681e+00 -9.189105e-01 5.331861e-03 3.944299e-01 8.321315e+01
3.571021e-01 2.481143e-02 9.337358e-01 1.733370e+01 -1.160921e-02 9.996878e-01 -2.212404e-02 -1.163556e+00 -9.339932e-01 -2.939391e-03 3.572787e-01 8.361030e+01
3.212539e-01 2.733998e-02 9.465984e-01 1.822592e+01 -1.555114e-02 9.996007e-01 -2.359311e-02 -1.159695e+00 -9.468654e-01 -7.141303e-03 3.215508e-01 8.392665e+01
2.848083e-01 2.753666e-02 9.581889e-01 1.913321e+01 -1.790684e-02 9.995657e-01 -2.340320e-02 -1.173607e+00 -9.584172e-01 -1.049271e-02 2.851777e-01 8.421133e+01
2.480913e-01 2.700035e-02 9.683603e-01 2.005837e+01 -1.931511e-02 9.995507e-01 -2.292153e-02 -1.214775e+00 -9.685441e-01 -1.301735e-02 2.485013e-01 8.446150e+01
2.112589e-01 2.681754e-02 9.770622e-01 2.098939e+01 -1.835399e-02 9.995561e-01 -2.346646e-02 -1.230554e+00 -9.772578e-01 -1.297549e-02 2.116573e-01 8.469858e+01
1.756914e-01 2.484462e-02 9.841317e-01 2.193528e+01 -1.498833e-02 9.996331e-01 -2.256017e-02 -1.263134e+00 -9.843312e-01 -1.078686e-02 1.759993e-01 8.488477e+01
1.416150e-01 2.451956e-02 9.896181e-01 2.288746e+01 -4.709178e-03 9.996986e-01 -2.409544e-02 -1.266549e+00 -9.899106e-01 -1.248011e-03 1.416878e-01 8.501602e+01
1.072269e-01 2.911073e-02 9.938083e-01 2.384264e+01 -2.485404e-03 9.995760e-01 -2.901151e-02 -1.284176e+00 -9.942315e-01 6.408002e-04 1.072538e-01 8.514186e+01
7.460868e-02 3.329797e-02 9.966568e-01 2.480334e+01 -6.164351e-04 9.994437e-01 -3.334493e-02 -1.329486e+00 -9.972127e-01 1.873447e-03 7.458770e-02 8.522936e+01
4.614274e-02 3.722305e-02 9.982411e-01 2.577409e+01 7.221822e-03 9.992670e-01 -3.759513e-02 -1.366229e+00 -9.989088e-01 8.943861e-03 4.584010e-02 8.525888e+01
2.158222e-02 3.554794e-02 9.991349e-01 2.675638e+01 1.179827e-02 9.992890e-01 -3.580828e-02 -1.382061e+00 -9.996975e-01 1.256089e-02 2.114747e-02 8.527119e+01
-1.151320e-03 3.202770e-02 9.994863e-01 2.773861e+01 1.280428e-02 9.994055e-01 -3.201036e-02 -1.440338e+00 -9.999174e-01 1.276084e-02 -1.560727e-03 8.528539e+01
-1.891273e-02 2.956317e-02 9.993840e-01 2.871728e+01 1.219746e-02 9.994952e-01 -2.933563e-02 -1.478790e+00 -9.997467e-01 1.163513e-02 -1.926378e-02 8.522677e+01
-3.575260e-02 3.266019e-02 9.988268e-01 2.970065e+01 1.353579e-02 9.993900e-01 -3.219409e-02 -1.516576e+00 -9.992690e-01 1.236889e-02 -3.617287e-02 8.519722e+01
-5.046500e-02 3.729216e-02 9.980293e-01 3.068842e+01 1.643169e-02 9.991984e-01 -3.650498e-02 -1.552692e+00 -9.985906e-01 1.455708e-02 -5.103732e-02 8.515495e+01
-6.198385e-02 4.203853e-02 9.971914e-01 3.167854e+01 2.155264e-02 9.989360e-01 -4.077239e-02 -1.611950e+00 -9.978444e-01 1.896488e-02 -6.282394e-02 8.508257e+01
-7.079728e-02 4.577447e-02 9.964399e-01 3.266911e+01 2.617942e-02 9.986877e-01 -4.401768e-02 -1.655624e+00 -9.971471e-01 2.296989e-02 -7.190272e-02 8.499883e+01
-7.533767e-02 5.143487e-02 9.958307e-01 3.365788e+01 3.057432e-02 9.983184e-01 -4.925032e-02 -1.701483e+00 -9.966892e-01 2.673644e-02 -7.678357e-02 8.488609e+01
-7.880733e-02 5.564374e-02 9.953357e-01 3.465667e+01 3.303467e-02 9.980384e-01 -5.317926e-02 -1.770217e+00 -9.963424e-01 2.868967e-02 -8.049091e-02 8.480994e+01
-8.190155e-02 5.962964e-02 9.948550e-01 3.565795e+01 3.443521e-02 9.977818e-01 -5.697018e-02 -1.843596e+00 -9.960454e-01 2.959209e-02 -8.377324e-02 8.473875e+01
-8.457520e-02 6.249898e-02 9.944551e-01 3.666135e+01 3.480974e-02 9.976070e-01 -5.973662e-02 -1.913225e+00 -9.958089e-01 2.956448e-02 -8.654839e-02 8.466457e+01
-8.690147e-02 6.587820e-02 9.940363e-01 3.766512e+01 3.658462e-02 9.973491e-01 -6.289942e-02 -1.989008e+00 -9.955449e-01 3.090039e-02 -8.908123e-02 8.458024e+01
-8.902203e-02 6.968846e-02 9.935887e-01 3.867636e+01 3.776279e-02 9.970683e-01 -6.654910e-02 -2.060426e+00 -9.953135e-01 3.159635e-02 -9.139268e-02 8.449350e+01
-9.107161e-02 7.097625e-02 9.933118e-01 3.969459e+01 4.042294e-02 9.968983e-01 -6.752634e-02 -2.140275e+00 -9.950236e-01 3.400285e-02 -9.365820e-02 8.439517e+01
-9.275758e-02 7.027344e-02 9.932058e-01 4.071270e+01 3.958551e-02 9.969779e-01 -6.684336e-02 -2.194152e+00 -9.949015e-01 3.311633e-02 -9.525906e-02 8.427295e+01
-9.525969e-02 7.049032e-02 9.929535e-01 4.173585e+01 3.995375e-02 9.969566e-01 -6.694151e-02 -2.249792e+00 -9.946503e-01 3.329539e-02 -9.778614e-02 8.420382e+01
-9.754843e-02 7.275308e-02 9.925680e-01 4.276074e+01 4.003668e-02 9.968040e-01 -6.912882e-02 -2.309198e+00 -9.944251e-01 3.299572e-02 -1.001495e-01 8.411546e+01
-1.001605e-01 7.449246e-02 9.921788e-01 4.378991e+01 3.871542e-02 9.967300e-01 -7.092584e-02 -2.395336e+00 -9.942178e-01 3.130865e-02 -1.027170e-01 8.401060e+01
-1.039052e-01 7.630236e-02 9.916560e-01 4.482559e+01 3.637813e-02 9.966773e-01 -7.287704e-02 -2.484275e+00 -9.939217e-01 2.850229e-02 -1.063357e-01 8.393148e+01
-1.063668e-01 7.982909e-02 9.911173e-01 4.586122e+01 3.464982e-02 9.964642e-01 -7.654113e-02 -2.568376e+00 -9.937230e-01 2.620060e-02 -1.087568e-01 8.382397e+01
-1.080208e-01 8.445141e-02 9.905551e-01 4.690043e+01 3.092007e-02 9.961887e-01 -8.155985e-02 -2.641760e+00 -9.936677e-01 2.181787e-02 -1.102203e-01 8.368419e+01
-1.113624e-01 8.733497e-02 9.899349e-01 4.795033e+01 2.913114e-02 9.959897e-01 -8.459205e-02 -2.716369e+00 -9.933528e-01 1.941756e-02 -1.134599e-01 8.361481e+01
-1.146734e-01 8.626848e-02 9.896503e-01 4.901110e+01 2.777059e-02 9.961112e-01 -8.361382e-02 -2.793191e+00 -9.930150e-01 1.789488e-02 -1.166232e-01 8.352754e+01
-1.173615e-01 8.207343e-02 9.896920e-01 5.006546e+01 2.461799e-02 9.965133e-01 -7.971981e-02 -2.879353e+00 -9.927841e-01 1.500820e-02 -1.189727e-01 8.339821e+01
-1.197582e-01 8.034491e-02 9.895467e-01 5.112342e+01 2.497669e-02 9.966484e-01 -7.789876e-02 -2.973811e+00 -9.924889e-01 1.538659e-02 -1.213636e-01 8.328553e+01
-1.220273e-01 8.116842e-02 9.892022e-01 5.218244e+01 2.452023e-02 9.965928e-01 -7.875005e-02 -3.053097e+00 -9.922238e-01 1.464581e-02 -1.236018e-01 8.317057e+01
-1.238508e-01 8.443780e-02 9.887018e-01 5.324405e+01 2.578843e-02 9.963104e-01 -8.185717e-02 -3.133491e+00 -9.919657e-01 1.535899e-02 -1.255714e-01 8.305173e+01
-1.251173e-01 8.680448e-02 9.883373e-01 5.431424e+01 2.668387e-02 9.960993e-01 -8.410820e-02 -3.236724e+00 -9.917831e-01 1.584927e-02 -1.269455e-01 8.293580e+01
-1.251162e-01 8.737311e-02 9.882873e-01 5.538529e+01 2.517277e-02 9.960736e-01 -8.487463e-02 -3.331502e+00 -9.918227e-01 1.425874e-02 -1.268243e-01 8.278980e+01
-1.242366e-01 8.642605e-02 9.884816e-01 5.645833e+01 2.216594e-02 9.961926e-01 -8.431435e-02 -3.418855e+00 -9.920050e-01 1.143569e-02 -1.256793e-01 8.264066e+01
-1.242507e-01 8.555250e-02 9.885558e-01 5.753301e+01 1.836545e-02 9.963037e-01 -8.391469e-02 -3.526826e+00 -9.920809e-01 7.728809e-03 -1.253627e-01 8.251113e+01
-1.248571e-01 8.608779e-02 9.884329e-01 5.861657e+01 1.414727e-02 9.962818e-01 -8.498434e-02 -3.633800e+00 -9.920739e-01 3.372729e-03 -1.256108e-01 8.239850e+01
-1.245056e-01 8.591571e-02 9.884922e-01 5.970414e+01 1.060556e-02 9.963024e-01 -8.525872e-02 -3.739372e+00 -9.921622e-01 -1.316690e-04 -1.249564e-01 8.225266e+01
-1.253650e-01 8.500439e-02 9.884624e-01 6.081313e+01 7.095501e-03 9.963740e-01 -8.478485e-02 -3.853968e+00 -9.920853e-01 -3.615415e-03 -1.255136e-01 8.216008e+01
-1.258452e-01 7.918303e-02 9.888847e-01 6.191403e+01 7.419503e-03 9.968567e-01 -7.887716e-02 -3.968390e+00 -9.920221e-01 -2.589278e-03 -1.260371e-01 8.202763e+01
-1.257090e-01 7.075590e-02 9.895407e-01 6.302149e+01 1.141254e-02 9.974905e-01 -6.987451e-02 -4.061925e+00 -9.920015e-01 2.509322e-03 -1.262010e-01 8.187580e+01
-1.258509e-01 6.513742e-02 9.899084e-01 6.412333e+01 1.619382e-02 9.978440e-01 -6.360082e-02 -4.151545e+00 -9.919170e-01 8.026182e-03 -1.266344e-01 8.173885e+01
-1.249960e-01 6.803637e-02 9.898217e-01 6.522779e+01 2.474406e-02 9.975495e-01 -6.544284e-02 -4.217595e+00 -9.918486e-01 1.631211e-02 -1.263732e-01 8.159267e+01
-1.240487e-01 7.325383e-02 9.895685e-01 6.633562e+01 3.059253e-02 9.970795e-01 -6.997487e-02 -4.310229e+00 -9.918044e-01 2.159311e-02 -1.259275e-01 8.145188e+01
-1.231970e-01 7.866966e-02 9.892591e-01 6.744948e+01 3.465881e-02 9.965858e-01 -7.493609e-02 -4.399968e+00 -9.917768e-01 2.505464e-02 -1.255030e-01 8.132136e+01
-1.217830e-01 8.304192e-02 9.890768e-01 6.856880e+01 3.512753e-02 9.962303e-01 -7.931734e-02 -4.488588e+00 -9.919350e-01 2.508432e-02 -1.242410e-01 8.114961e+01
-1.219159e-01 7.939594e-02 9.893598e-01 6.970018e+01 3.226831e-02 9.965856e-01 -7.599948e-02 -4.593967e+00 -9.920158e-01 2.265942e-02 -1.240616e-01 8.101986e+01
-1.216827e-01 7.609403e-02 9.896479e-01 7.083690e+01 3.089068e-02 9.968644e-01 -7.285072e-02 -4.663398e+00 -9.920882e-01 2.170623e-02 -1.236517e-01 8.088255e+01
-1.216949e-01 7.413919e-02 9.897948e-01 7.196937e+01 2.861216e-02 9.970541e-01 -7.116508e-02 -4.748790e+00 -9.921551e-01 1.965973e-02 -1.234577e-01 8.075510e+01
-1.214959e-01 7.455154e-02 9.897883e-01 7.310526e+01 2.590316e-02 9.970739e-01 -7.192071e-02 -4.837202e+00 -9.922539e-01 1.690057e-02 -1.230715e-01 8.061931e+01
-1.217634e-01 7.959284e-02 9.893628e-01 7.424404e+01 2.543198e-02 9.967026e-01 -7.705334e-02 -4.928804e+00 -9.922333e-01 1.577918e-02 -1.233861e-01 8.048576e+01
-1.215187e-01 8.226355e-02 9.891744e-01 7.539401e+01 2.383558e-02 9.965142e-01 -7.994579e-02 -5.021566e+00 -9.923029e-01 1.386264e-02 -1.230559e-01 8.034625e+01
-1.210312e-01 8.142017e-02 9.893039e-01 7.655545e+01 2.394409e-02 9.965799e-01 -7.908968e-02 -5.113587e+00 -9.923599e-01 1.411567e-02 -1.225667e-01 8.020414e+01
-1.199879e-01 7.477888e-02 9.899551e-01 7.770855e+01 2.444139e-02 9.970794e-01 -7.235461e-02 -5.205220e+00 -9.924744e-01 1.551421e-02 -1.214651e-01 8.003582e+01
-1.205906e-01 7.339406e-02 9.899855e-01 7.886567e+01 2.319432e-02 9.971992e-01 -7.110355e-02 -5.291120e+00 -9.924313e-01 1.438762e-02 -1.219552e-01 7.990332e+01
-1.202538e-01 7.672822e-02 9.897736e-01 8.002650e+01 2.135067e-02 9.969780e-01 -7.469269e-02 -5.378785e+00 -9.925136e-01 1.215025e-02 -1.215286e-01 7.976963e+01
-1.200087e-01 7.934475e-02 9.895970e-01 8.120024e+01 2.136325e-02 9.967767e-01 -7.732968e-02 -5.483716e+00 -9.925430e-01 1.186077e-02 -1.213170e-01 7.963693e+01
-1.201902e-01 7.884279e-02 9.896151e-01 8.236088e+01 2.052480e-02 9.968256e-01 -7.692448e-02 -5.572802e+00 -9.925387e-01 1.106608e-02 -1.214269e-01 7.950105e+01
-1.207213e-01 7.567503e-02 9.897978e-01 8.352528e+01 2.000693e-02 9.970730e-01 -7.379110e-02 -5.661027e+00 -9.924848e-01 1.089465e-02 -1.218820e-01 7.937933e+01
-1.214836e-01 7.410577e-02 9.898232e-01 8.469831e+01 2.035303e-02 9.971855e-01 -7.215898e-02 -5.757375e+00 -9.923847e-01 1.137976e-02 -1.226500e-01 7.927971e+01
-1.203380e-01 7.453970e-02 9.899306e-01 8.587167e+01 2.197129e-02 9.971328e-01 -7.241114e-02 -5.855001e+00 -9.924898e-01 1.303624e-02 -1.216307e-01 7.914301e+01
-1.189141e-01 7.446090e-02 9.901086e-01 8.705456e+01 2.413593e-02 9.971062e-01 -7.208837e-02 -5.952788e+00 -9.926111e-01 1.532487e-02 -1.203672e-01 7.897885e+01
-1.175512e-01 7.378239e-02 9.903221e-01 8.823904e+01 2.412348e-02 9.971540e-01 -7.142793e-02 -6.041172e+00 -9.927738e-01 1.549358e-02 -1.189965e-01 7.882440e+01
-1.164752e-01 7.509641e-02 9.903505e-01 8.944933e+01 2.537800e-02 9.970368e-01 -7.261871e-02 -6.127155e+00 -9.928693e-01 1.667484e-02 -1.180359e-01 7.869713e+01
-1.147981e-01 7.326762e-02 9.906832e-01 9.066001e+01 2.550761e-02 9.971650e-01 -7.079122e-02 -6.223021e+00 -9.930613e-01 1.714327e-02 -1.163415e-01 7.854344e+01
-1.130369e-01 7.224836e-02 9.909606e-01 9.187106e+01 2.427225e-02 9.972560e-01 -6.993866e-02 -6.319702e+00 -9.932943e-01 1.614719e-02 -1.144804e-01 7.839133e+01
-1.106258e-01 7.175574e-02 9.912684e-01 9.308719e+01 2.566033e-02 9.972640e-01 -6.932605e-02 -6.408543e+00 -9.935308e-01 1.776703e-02 -1.121644e-01 7.821887e+01
-1.090996e-01 7.460420e-02 9.912273e-01 9.431399e+01 2.528236e-02 9.970653e-01 -7.226088e-02 -6.445119e+00 -9.937092e-01 1.717693e-02 -1.106656e-01 7.811061e+01
-1.076680e-01 7.740129e-02 9.911693e-01 9.554226e+01 2.572021e-02 9.968480e-01 -7.505082e-02 -6.538547e+00 -9.938541e-01 1.741251e-02 -1.093194e-01 7.797880e+01
-1.060419e-01 7.638490e-02 9.914235e-01 9.677122e+01 2.458837e-02 9.969417e-01 -7.418010e-02 -6.624445e+00 -9.940576e-01 1.651128e-02 -1.075958e-01 7.784323e+01
-1.055940e-01 7.506827e-02 9.915718e-01 9.800092e+01 2.047347e-02 9.970993e-01 -7.330649e-02 -6.728918e+00 -9.941985e-01 1.256019e-02 -1.068246e-01 7.771105e+01
-1.065471e-01 7.738311e-02 9.912919e-01 9.924575e+01 2.048017e-02 9.969262e-01 -7.562168e-02 -6.803062e+00 -9.940967e-01 1.224455e-02 -1.078044e-01 7.763420e+01
-1.072243e-01 7.625099e-02 9.913066e-01 1.004895e+02 1.712629e-02 9.970485e-01 -7.484020e-02 -6.911973e+00 -9.940873e-01 8.952715e-03 -1.082137e-01 7.751050e+01
-1.088126e-01 7.386210e-02 9.913144e-01 1.017387e+02 1.463510e-02 9.972466e-01 -7.269767e-02 -7.006535e+00 -9.939545e-01 6.597563e-03 -1.095940e-01 7.739746e+01
-1.093382e-01 7.213822e-02 9.913835e-01 1.029834e+02 1.377508e-02 9.973773e-01 -7.105513e-02 -7.105035e+00 -9.939092e-01 5.887345e-03 -1.100452e-01 7.725553e+01
-1.105171e-01 7.143009e-02 9.913040e-01 1.042301e+02 1.243667e-02 9.974353e-01 -7.048536e-02 -7.210739e+00 -9.937964e-01 4.538681e-03 -1.111220e-01 7.711529e+01
-1.124950e-01 7.120656e-02 9.910976e-01 1.054783e+02 1.241997e-02 9.974519e-01 -7.025335e-02 -7.324652e+00 -9.935747e-01 4.406252e-03 -1.130927e-01 7.699397e+01
-1.138739e-01 7.028677e-02 9.910058e-01 1.067255e+02 1.192155e-02 9.975191e-01 -6.937886e-02 -7.418029e+00 -9.934237e-01 3.913881e-03 -1.144293e-01 7.684061e+01
-1.166585e-01 6.589470e-02 9.909837e-01 1.079663e+02 9.946052e-03 9.978240e-01 -6.517870e-02 -7.504108e+00 -9.931223e-01 2.252729e-03 -1.170600e-01 7.669826e+01
-1.207925e-01 6.580731e-02 9.904941e-01 1.091914e+02 8.951404e-03 9.978319e-01 -6.520318e-02 -7.605310e+00 -9.926374e-01 9.902572e-04 -1.211197e-01 7.654876e+01
-1.273256e-01 7.162779e-02 9.892713e-01 1.104297e+02 3.354789e-03 9.974144e-01 -7.178561e-02 -7.702936e+00 -9.918553e-01 -5.821347e-03 -1.272367e-01 7.641390e+01
-1.347940e-01 7.418902e-02 9.880924e-01 1.116544e+02 4.549561e-03 9.972290e-01 -7.425438e-02 -7.811884e+00 -9.908632e-01 -5.513659e-03 -1.347580e-01 7.626733e+01
-1.438999e-01 6.960283e-02 9.871415e-01 1.128800e+02 4.149088e-03 9.975571e-01 -6.973240e-02 -7.922967e+00 -9.895835e-01 -5.938749e-03 -1.438372e-01 7.607489e+01
-1.527954e-01 6.711752e-02 9.859761e-01 1.140892e+02 5.829285e-03 9.977350e-01 -6.701462e-02 -8.024261e+00 -9.882407e-01 -4.491990e-03 -1.528406e-01 7.581901e+01
-1.654597e-01 6.825871e-02 9.838515e-01 1.153114e+02 5.738455e-03 9.976517e-01 -6.825108e-02 -8.113694e+00 -9.861999e-01 -5.647016e-03 -1.654628e-01 7.561724e+01
-1.796635e-01 6.860068e-02 9.813333e-01 1.165234e+02 7.100969e-03 9.976300e-01 -6.843986e-02 -8.213490e+00 -9.837025e-01 -5.327723e-03 -1.797248e-01 7.538772e+01
-1.943444e-01 6.706316e-02 9.786382e-01 1.177327e+02 7.934026e-03 9.977351e-01 -6.679622e-02 -8.283214e+00 -9.809013e-01 -5.216928e-03 -1.944363e-01 7.516263e+01
-2.093809e-01 6.952349e-02 9.753595e-01 1.189221e+02 1.163738e-02 9.975758e-01 -6.860886e-02 -8.368244e+00 -9.777649e-01 -3.014756e-03 -2.096824e-01 7.490189e+01
-2.246817e-01 7.266145e-02 9.717193e-01 1.201053e+02 1.207112e-02 9.973470e-01 -7.178669e-02 -8.467212e+00 -9.743574e-01 -4.399416e-03 -2.249627e-01 7.464753e+01
-2.388001e-01 7.617665e-02 9.680762e-01 1.212792e+02 1.233562e-02 9.970759e-01 -7.541570e-02 -8.578096e+00 -9.709904e-01 -6.067455e-03 -2.390415e-01 7.434297e+01
-2.549028e-01 7.383069e-02 9.641440e-01 1.224659e+02 8.068573e-03 9.972085e-01 -7.422946e-02 -8.685052e+00 -9.669330e-01 -1.114203e-02 -2.547870e-01 7.404304e+01
-2.707030e-01 6.791218e-02 9.602644e-01 1.236464e+02 2.274792e-03 9.975509e-01 -6.990789e-02 -8.789262e+00 -9.626602e-01 -1.673988e-02 -2.701945e-01 7.373058e+01
-2.863261e-01 6.327650e-02 9.560405e-01 1.248101e+02 -2.473209e-03 9.977647e-01 -6.677876e-02 -8.888876e+00 -9.581290e-01 -2.148499e-02 -2.855296e-01 7.339364e+01
-3.028066e-01 6.502061e-02 9.508315e-01 1.259791e+02 -4.232279e-03 9.975685e-01 -6.956446e-02 -8.970518e+00 -9.530426e-01 -2.508876e-02 -3.017951e-01 7.308181e+01
-3.172527e-01 6.739839e-02 9.459430e-01 1.271275e+02 -4.186560e-03 9.973621e-01 -7.246610e-02 -9.050577e+00 -9.483318e-01 -2.695031e-02 -3.161337e-01 7.272046e+01
-3.306426e-01 6.981503e-02 9.411702e-01 1.282608e+02 -2.343620e-03 9.971962e-01 -7.479433e-02 -9.143751e+00 -9.437531e-01 -2.693594e-02 -3.295520e-01 7.231030e+01
-3.448618e-01 6.983675e-02 9.360519e-01 1.293931e+02 1.081028e-04 9.972314e-01 -7.436138e-02 -9.242500e+00 -9.386535e-01 -2.554321e-02 -3.439146e-01 7.190857e+01
-3.597730e-01 6.837836e-02 9.305309e-01 1.305255e+02 4.876177e-04 9.973246e-01 -7.309804e-02 -9.327887e+00 -9.330398e-01 -2.584496e-02 -3.588438e-01 7.151033e+01
-3.732141e-01 6.678713e-02 9.253381e-01 1.316205e+02 8.088987e-04 9.974285e-01 -7.166407e-02 -9.430601e+00 -9.277449e-01 -2.599754e-02 -3.723084e-01 7.104328e+01
-3.881546e-01 6.805798e-02 9.190779e-01 1.327215e+02 -9.079208e-04 9.972408e-01 -7.422941e-02 -9.528846e+00 -9.215938e-01 -2.964693e-02 -3.870218e-01 7.060280e+01
-4.028719e-01 7.028244e-02 9.125539e-01 1.338167e+02 -4.266914e-04 9.970328e-01 -7.697715e-02 -9.622017e+00 -9.152563e-01 -3.140131e-02 -4.016465e-01 7.012679e+01
-4.175490e-01 7.207262e-02 9.057916e-01 1.349026e+02 9.667682e-04 9.968840e-01 -7.887507e-02 -9.718788e+00 -9.086539e-01 -3.205852e-02 -4.163176e-01 6.963448e+01
-4.321214e-01 7.441374e-02 8.987401e-01 1.359831e+02 3.743741e-03 9.967292e-01 -8.072701e-02 -9.823909e+00 -9.018077e-01 -3.151922e-02 -4.309866e-01 6.912101e+01
-4.472693e-01 7.804453e-02 8.909878e-01 1.370650e+02 3.538354e-03 9.963323e-01 -8.549577e-02 -9.917649e+00 -8.943923e-01 -3.508701e-02 -4.459050e-01 6.860210e+01
-4.620144e-01 7.978732e-02 8.832761e-01 1.381449e+02 4.686451e-03 9.961507e-01 -8.753207e-02 -1.003573e+01 -8.868600e-01 -3.630165e-02 -4.606099e-01 6.805602e+01
-4.774572e-01 7.771430e-02 8.752115e-01 1.392210e+02 4.170087e-03 9.962701e-01 -8.618876e-02 -1.012902e+01 -8.786451e-01 -3.750173e-02 -4.760004e-01 6.748926e+01
-4.910162e-01 7.483448e-02 8.679302e-01 1.402613e+02 3.799644e-03 9.964780e-01 -8.376851e-02 -1.022077e+01 -8.711421e-01 -3.783387e-02 -4.895712e-01 6.685032e+01
-5.074176e-01 7.700704e-02 8.582525e-01 1.413374e+02 7.280554e-03 9.963464e-01 -8.509315e-02 -1.030066e+01 -8.616695e-01 -3.692921e-02 -5.061244e-01 6.627700e+01
-5.224901e-01 7.594506e-02 8.492564e-01 1.423665e+02 6.315106e-03 9.963427e-01 -8.521305e-02 -1.043026e+01 -8.526220e-01 -3.915983e-02 -5.210588e-01 6.561410e+01
-5.379503e-01 7.509375e-02 8.396251e-01 1.434051e+02 6.423141e-03 9.963606e-01 -8.499640e-02 -1.053460e+01 -8.429521e-01 -4.033081e-02 -5.364748e-01 6.495310e+01
-5.544780e-01 7.441270e-02 8.288648e-01 1.444500e+02 5.015644e-03 9.962750e-01 -8.608696e-02 -1.065276e+01 -8.321832e-01 -4.357604e-02 -5.527858e-01 6.430553e+01
-5.695181e-01 7.392606e-02 8.186477e-01 1.454809e+02 5.841384e-03 9.962863e-01 -8.590355e-02 -1.077970e+01 -8.219580e-01 -4.414159e-02 -5.678349e-01 6.361760e+01
-5.850742e-01 7.086067e-02 8.078780e-01 1.465009e+02 3.839249e-03 9.964062e-01 -8.461644e-02 -1.088592e+01 -8.109706e-01 -4.640525e-02 -5.832437e-01 6.290588e+01
-5.999924e-01 6.754693e-02 7.971490e-01 1.475043e+02 4.726384e-03 9.967111e-01 -8.089952e-02 -1.099877e+01 -7.999918e-01 -4.477147e-02 -5.983383e-01 6.216862e+01
-6.164579e-01 6.522335e-02 7.846818e-01 1.485249e+02 3.938537e-03 9.968062e-01 -7.976112e-02 -1.111085e+01 -7.873780e-01 -4.607888e-02 -6.147460e-01 6.144188e+01
-6.304394e-01 6.332947e-02 7.736508e-01 1.494820e+02 3.218052e-03 9.968710e-01 -7.897947e-02 -1.122763e+01 -7.762318e-01 -4.730212e-02 -6.286706e-01 6.064105e+01
-6.444263e-01 6.433218e-02 7.619554e-01 1.504324e+02 2.024605e-03 9.965948e-01 -8.243055e-02 -1.133632e+01 -7.646637e-01 -5.157776e-02 -6.423621e-01 5.982250e+01
-6.602078e-01 6.291517e-02 7.484433e-01 1.514050e+02 -6.733577e-04 9.964355e-01 -8.435571e-02 -1.146889e+01 -7.510827e-01 -5.619627e-02 -6.578121e-01 5.901770e+01
-6.762682e-01 5.927119e-02 7.342671e-01 1.523467e+02 -2.991648e-03 9.965287e-01 -8.319669e-02 -1.158402e+01 -7.366494e-01 -5.845995e-02 -6.737434e-01 5.816497e+01
-6.930702e-01 5.188391e-02 7.190005e-01 1.532912e+02 -6.400199e-03 9.969243e-01 -7.810859e-02 -1.169804e+01 -7.208417e-01 -5.873648e-02 -6.906065e-01 5.731231e+01
-7.102862e-01 4.930194e-02 7.021843e-01 1.542157e+02 -7.281443e-03 9.969762e-01 -7.736540e-02 -1.180646e+01 -7.038753e-01 -6.006449e-02 -7.077795e-01 5.643447e+01
-7.277429e-01 4.592469e-02 6.843107e-01 1.550978e+02 -9.715430e-03 9.969652e-01 -7.723926e-02 -1.191809e+01 -6.857812e-01 -6.285870e-02 -7.250882e-01 5.551204e+01
-7.451482e-01 4.145567e-02 6.656092e-01 1.559891e+02 -1.425517e-02 9.968479e-01 -7.804461e-02 -1.201311e+01 -6.667466e-01 -6.764317e-02 -7.422085e-01 5.456541e+01
-7.612269e-01 3.918736e-02 6.473005e-01 1.568270e+02 -1.421600e-02 9.969242e-01 -7.707150e-02 -1.212089e+01 -6.483298e-01 -6.787092e-02 -7.583284e-01 5.356852e+01
-7.770420e-01 4.062005e-02 6.281367e-01 1.576609e+02 -1.188125e-02 9.967913e-01 -7.915784e-02 -1.227449e+01 -6.293366e-01 -6.897201e-02 -7.740661e-01 5.257451e+01
-7.913797e-01 4.024342e-02 6.099989e-01 1.584376e+02 -8.288609e-03 9.970328e-01 -7.653037e-02 -1.237598e+01 -6.112688e-01 -6.562062e-02 -7.886979e-01 5.152416e+01
-8.062232e-01 4.126111e-02 5.901708e-01 1.592367e+02 -4.446353e-03 9.971142e-01 -7.578618e-02 -1.249293e+01 -5.915947e-01 -6.372469e-02 -8.037132e-01 5.050204e+01
-8.209534e-01 4.260550e-02 5.694034e-01 1.600091e+02 -2.778612e-03 9.969024e-01 -7.859918e-02 -1.258729e+01 -5.709884e-01 -6.610841e-02 -8.182921e-01 4.946916e+01
-8.346350e-01 4.421098e-02 5.490262e-01 1.607237e+02 -1.771359e-03 9.965529e-01 -8.294142e-02 -1.270558e+01 -5.508006e-01 -7.019833e-02 -8.316796e-01 4.839098e+01
-8.474985e-01 4.469293e-02 5.289128e-01 1.614189e+02 1.159351e-03 9.966024e-01 -8.235485e-02 -1.282569e+01 -5.307965e-01 -6.918241e-02 -8.446709e-01 4.730550e+01
-8.598021e-01 4.174187e-02 5.089185e-01 1.621233e+02 1.065125e-03 9.967976e-01 -7.995859e-02 -1.293459e+01 -5.106263e-01 -6.820650e-02 -8.570931e-01 4.621928e+01
-8.703006e-01 4.391816e-02 4.905589e-01 1.627783e+02 4.716136e-03 9.967139e-01 -8.086569e-02 -1.305649e+01 -4.924983e-01 -6.806392e-02 -8.676478e-01 4.511486e+01
-8.798733e-01 4.706421e-02 4.728720e-01 1.634091e+02 7.884246e-03 9.963924e-01 -8.449915e-02 -1.317063e+01 -4.751429e-01 -7.062031e-02 -8.770701e-01 4.399007e+01
-8.890372e-01 4.435853e-02 4.556810e-01 1.640402e+02 5.883026e-03 9.963200e-01 -8.550951e-02 -1.331424e+01 -4.577971e-01 -7.334035e-02 -8.860265e-01 4.286636e+01
-8.975347e-01 4.016086e-02 4.391111e-01 1.646439e+02 3.407726e-03 9.964457e-01 -8.416904e-02 -1.346143e+01 -4.409307e-01 -7.404826e-02 -8.944814e-01 4.172946e+01
-9.045025e-01 3.825368e-02 4.247491e-01 1.651888e+02 2.465719e-03 9.964214e-01 -8.448878e-02 -1.356926e+01 -4.264611e-01 -7.537301e-02 -9.013600e-01 4.056071e+01
-9.114617e-01 3.605056e-02 4.098024e-01 1.657731e+02 1.673756e-03 9.964696e-01 -8.393736e-02 -1.369465e+01 -4.113816e-01 -7.581978e-02 -9.083042e-01 3.941376e+01
-9.171338e-01 3.424286e-02 3.971058e-01 1.662766e+02 1.210336e-03 9.965374e-01 -8.313716e-02 -1.380684e+01 -3.985777e-01 -7.576726e-02 -9.139995e-01 3.822288e+01
-9.222683e-01 2.822495e-02 3.855185e-01 1.667378e+02 -3.497613e-03 9.966805e-01 -8.133719e-02 -1.387643e+01 -3.865345e-01 -7.636311e-02 -9.191081e-01 3.700722e+01
-9.274136e-01 2.469935e-02 3.732210e-01 1.672422e+02 -4.887501e-03 9.969319e-01 -7.812077e-02 -1.399159e+01 -3.740055e-01 -7.427438e-02 -9.244475e-01 3.581334e+01
-9.318394e-01 2.463737e-02 3.620337e-01 1.677235e+02 -2.611139e-03 9.972113e-01 -7.458375e-02 -1.411263e+01 -3.628616e-01 -7.044539e-02 -9.291765e-01 3.461953e+01
-9.350126e-01 2.868909e-02 3.534520e-01 1.681886e+02 1.689718e-03 9.970712e-01 -7.646063e-02 -1.422059e+01 -3.546104e-01 -7.089442e-02 -9.323226e-01 3.341782e+01
-9.370489e-01 3.434657e-02 3.475050e-01 1.686264e+02 7.396121e-03 9.968799e-01 -7.858555e-02 -1.432240e+01 -3.491199e-01 -7.106832e-02 -9.343792e-01 3.220919e+01
-9.389778e-01 3.700815e-02 3.419810e-01 1.690795e+02 9.929201e-03 9.966973e-01 -8.059695e-02 -1.443672e+01 -3.438343e-01 -7.228315e-02 -9.362442e-01 3.099819e+01
-9.408730e-01 3.313565e-02 3.371350e-01 1.695130e+02 6.532793e-03 9.967943e-01 -7.973927e-02 -1.454407e+01 -3.386965e-01 -7.282209e-02 -9.380734e-01 2.978187e+01
-9.426872e-01 2.601680e-02 3.326619e-01 1.699562e+02 7.247379e-04 9.971130e-01 -7.592842e-02 -1.465627e+01 -3.336769e-01 -7.133566e-02 -9.399845e-01 2.856940e+01
-9.444360e-01 1.946933e-02 3.281183e-01 1.703879e+02 -5.325581e-03 9.972068e-01 -7.449938e-02 -1.476389e+01 -3.286523e-01 -7.210732e-02 -9.416943e-01 2.735643e+01
-9.460190e-01 1.271776e-02 3.238616e-01 1.708174e+02 -1.229794e-02 9.971018e-01 -7.507833e-02 -1.488233e+01 -3.238778e-01 -7.500836e-02 -9.431208e-01 2.614816e+01
-9.472469e-01 1.002356e-02 3.203480e-01 1.712394e+02 -1.577046e-02 9.968425e-01 -7.782296e-02 -1.498671e+01 -3.201166e-01 -7.876959e-02 -9.440978e-01 2.493233e+01
-9.481234e-01 1.070573e-02 3.177221e-01 1.716699e+02 -1.541305e-02 9.967094e-01 -7.957890e-02 -1.510087e+01 -3.175286e-01 -8.034768e-02 -9.448385e-01 2.372089e+01
-9.482634e-01 1.246157e-02 3.172402e-01 1.720841e+02 -1.413992e-02 9.965802e-01 -8.141252e-02 -1.521189e+01 -3.171698e-01 -8.168626e-02 -9.448443e-01 2.250293e+01
-9.481825e-01 1.620353e-02 3.173127e-01 1.724959e+02 -1.031128e-02 9.966034e-01 -8.170321e-02 -1.533874e+01 -3.175588e-01 -8.074145e-02 -9.447948e-01 2.129614e+01
-9.476130e-01 1.760290e-02 3.189353e-01 1.728973e+02 -9.863703e-03 9.963916e-01 -8.430033e-02 -1.543890e+01 -3.192684e-01 -8.302997e-02 -9.440200e-01 2.009894e+01
-9.473308e-01 1.842024e-02 3.197266e-01 1.733162e+02 -9.351841e-03 9.963277e-01 -8.510983e-02 -1.556616e+01 -3.201202e-01 -8.361719e-02 -9.436796e-01 1.890380e+01
-9.468411e-01 1.933502e-02 3.211201e-01 1.737390e+02 -8.225670e-03 9.964108e-01 -8.424893e-02 -1.569344e+01 -3.215965e-01 -8.241177e-02 -9.432836e-01 1.771920e+01
-9.458883e-01 1.917647e-02 3.239254e-01 1.741507e+02 -8.766514e-03 9.963777e-01 -8.458476e-02 -1.581007e+01 -3.243741e-01 -8.284743e-02 -9.422939e-01 1.652370e+01
-9.447359e-01 1.713327e-02 3.273844e-01 1.745798e+02 -1.127294e-02 9.963450e-01 -8.467294e-02 -1.593298e+01 -3.276385e-01 -8.368415e-02 -9.410898e-01 1.533142e+01
-9.431920e-01 1.631196e-02 3.318476e-01 1.750126e+02 -1.149025e-02 9.965952e-01 -8.164570e-02 -1.606100e+01 -3.320495e-01 -8.082058e-02 -9.397931e-01 1.413654e+01
-9.409293e-01 1.529708e-02 3.382575e-01 1.754352e+02 -1.230325e-02 9.967748e-01 -7.930121e-02 -1.616296e+01 -3.383796e-01 -7.877850e-02 -9.377063e-01 1.293996e+01
-9.383323e-01 1.277214e-02 3.454988e-01 1.758661e+02 -1.471086e-02 9.969375e-01 -7.680693e-02 -1.626162e+01 -3.454217e-01 -7.715300e-02 -9.352707e-01 1.175156e+01
-9.354172e-01 1.463353e-02 3.532428e-01 1.762996e+02 -1.347828e-02 9.969407e-01 -7.699118e-02 -1.637289e+01 -3.532888e-01 -7.677998e-02 -9.323582e-01 1.056464e+01
-9.320551e-01 1.510766e-02 3.620013e-01 1.767554e+02 -1.428745e-02 9.968206e-01 -7.838732e-02 -1.646315e+01 -3.620346e-01 -7.823338e-02 -9.288759e-01 9.391067e+00
-9.286134e-01 1.675544e-02 3.706703e-01 1.772346e+02 -1.406148e-02 9.966732e-01 -8.027991e-02 -1.659650e+01 -3.707822e-01 -7.976117e-02 -9.252884e-01 8.219082e+00
-9.244042e-01 1.848462e-02 3.809661e-01 1.777242e+02 -1.247238e-02 9.968258e-01 -7.863028e-02 -1.671016e+01 -3.812103e-01 -7.743772e-02 -9.212394e-01 7.046727e+00
-9.195417e-01 1.971661e-02 3.924975e-01 1.782252e+02 -1.272529e-02 9.967231e-01 -7.988186e-02 -1.682852e+01 -3.927863e-01 -7.844935e-02 -9.162776e-01 5.881563e+00
-9.134197e-01 2.361075e-02 4.063337e-01 1.787383e+02 -1.014154e-02 9.966859e-01 -8.071193e-02 -1.693162e+01 -4.068927e-01 -7.784472e-02 -9.101530e-01 4.713910e+00
