1.000000e+00 0.000000e+00 0.000000e+00 0.000000e+00 0.000000e+00 1.000000e+00 0.000000e+00 0.000000e+00 0.000000e+00 0.000000e+00 1.000000e+00 0.000000e+00
9.999991e-01 8.942434e-04 1.012738e-03 1.939243e-02 -8.895993e-04 9.999891e-01 -4.576887e-03 -3.476858e-03 -1.016819e-03 4.575982e-03 9.999890e-01 9.631207e-01
9.999985e-01 -1.481563e-03 9.487305e-04 4.631744e-02 1.486932e-03 9.999827e-01 -5.683761e-03 5.434906e-03 -9.402933e-04 5.685163e-03 9.999834e-01 1.926454e+00
9.999959e-01 -2.862198e-03 2.313349e-04 6.074636e-02 2.862637e-03 9.999941e-01 -1.920514e-03 1.100197e-02 -2.258366e-04 1.921169e-03 9.999981e-01 2.887203e+00
9.999890e-01 -4.677739e-03 -1.549406e-04 5.119678e-02 4.678397e-03 9.999787e-01 4.559717e-03 -4.457081e-03 1.336081e-04 -4.560392e-03 9.999896e-01 3.845696e+00
9.999649e-01 -8.159224e-03 -1.925168e-03 6.491024e-02 8.167626e-03 9.999570e-01 4.397969e-03 2.496711e-03 1.889201e-03 -4.413539e-03 9.999885e-01 4.778318e+00
9.999322e-01 -1.120632e-02 -3.170741e-03 6.519179e-02 1.121162e-02 9.999358e-01 1.658382e-03 -7.801320e-03 3.151953e-03 -1.693819e-03 9.999936e-01 5.715802e+00
9.999200e-01 -1.219284e-02 -3.351409e-03 3.325976e-02 1.218835e-02 9.999248e-01 -1.355418e-03 -1.940569e-02 3.367683e-03 1.314462e-03 9.999935e-01 6.645158e+00
9.999053e-01 -1.194229e-02 -6.834478e-03 8.672847e-02 1.192629e-02 9.999261e-01 -2.377987e-03 -1.002535e-02 6.862371e-03 2.296252e-03 9.999738e-01 7.573045e+00
9.998940e-01 -1.181850e-02 -8.498840e-03 9.827595e-02 1.181566e-02 9.999301e-01 -3.850414e-04 -4.790054e-03 8.502797e-03 2.845812e-04 9.999638e-01 8.503459e+00
9.998903e-01 -1.162125e-02 -9.181229e-03 8.042904e-02 1.164592e-02 9.999287e-01 2.637115e-03 -1.053709e-03 9.149928e-03 -2.743750e-03 9.999544e-01 9.426442e+00
9.998915e-01 -1.143121e-02 -9.286910e-03 4.309901e-02 1.146517e-02 9.999277e-01 3.611942e-03 1.742380e-02 9.244950e-03 -3.718026e-03 9.999504e-01 1.037628e+01
9.998531e-01 -1.301364e-02 -1.115798e-02 5.854962e-02 1.305970e-02 9.999065e-01 4.065014e-03 2.635859e-02 1.110404e-02 -4.210137e-03 9.999295e-01 1.126026e+01
9.998337e-01 -1.283785e-02 -1.294982e-02 7.501974e-02 1.288569e-02 9.999104e-01 3.617246e-03 3.406031e-02 1.290222e-02 -3.783512e-03 9.999096e-01 1.217021e+01
9.998087e-01 -1.340278e-02 -1.424350e-02 7.973219e-02 1.343366e-02 9.999076e-01 2.074662e-03 3.625295e-02 1.421437e-02 -2.265608e-03 9.998964e-01 1.307878e+01
9.997798e-01 -1.341210e-02 -1.613702e-02 7.953316e-02 1.341867e-02 9.999099e-01 2.993135e-04 3.397096e-02 1.613155e-02 -5.157849e-04 9.998697e-01 1.398319e+01
9.997290e-01 -1.499777e-02 -1.780239e-02 5.820347e-02 1.497582e-02 9.998869e-01 -1.365797e-03 4.109978e-02 1.782086e-02 1.098821e-03 9.998406e-01 1.488387e+01
9.997115e-01 -1.459952e-02 -1.907368e-02 2.482445e-02 1.456874e-02 9.998923e-01 -1.751548e-03 3.338494e-02 1.909720e-02 1.473163e-03 9.998165e-01 1.578030e+01
9.996782e-01 -1.367740e-02 -2.136244e-02 1.290627e-02 1.362926e-02 9.999042e-01 -2.397272e-03 2.935333e-02 2.139318e-02 2.105346e-03 9.997689e-01 1.667215e+01
9.996905e-01 -1.184724e-02 -2.187482e-02 -4.522160e-02 1.180593e-02 9.999283e-01 -2.016647e-03 1.693147e-02 2.189714e-02 1.757770e-03 9.997587e-01 1.756238e+01
9.996360e-01 -1.285581e-02 -2.371971e-02 -6.980234e-02 1.283273e-02 9.999170e-01 -1.124896e-03 1.850084e-02 2.373220e-02 8.200981e-04 9.997180e-01 1.844968e+01
9.995972e-01 -1.295621e-02 -2.525104e-02 -9.567183e-02 1.296809e-02 9.999159e-01 3.067604e-04 2.053419e-02 2.524494e-02 -6.340946e-04 9.996811e-01 1.933019e+01
9.995534e-01 -1.283476e-02 -2.698828e-02 -1.168323e-01 1.286643e-02 9.999167e-01 1.000090e-03 1.789964e-02 2.697320e-02 -1.346886e-03 9.996352e-01 2.020426e+01
9.994651e-01 -1.380676e-02 -2.964764e-02 -1.250731e-01 1.384589e-02 9.999035e-01 1.114892e-03 8.583212e-03 2.962939e-02 -1.524793e-03 9.995598e-01 2.107339e+01
9.994224e-01 -1.376179e-02 -3.107214e-02 -1.651455e-01 1.378935e-02 9.999047e-01 6.726705e-04 8.408259e-03 3.105992e-02 -1.100747e-03 9.995169e-01 2.193567e+01
9.993968e-01 -1.377183e-02 -3.188120e-02 -2.047160e-01 1.381928e-02 9.999037e-01 1.268498e-03 8.458643e-03 3.186066e-02 -1.708308e-03 9.994909e-01 2.279185e+01
9.993713e-01 -1.370881e-02 -3.269687e-02 -2.373853e-01 1.380614e-02 9.999009e-01 2.752779e-03 1.722550e-02 3.265589e-02 -3.202465e-03 9.994615e-01 2.364909e+01
9.993168e-01 -1.502614e-02 -3.376485e-02 -2.574061e-01 1.521102e-02 9.998707e-01 5.225355e-03 2.304513e-02 3.368197e-02 -5.735383e-03 9.994161e-01 2.447578e+01
9.993013e-01 -1.535143e-02 -3.407716e-02 -3.033705e-01 1.559116e-02 9.998555e-01 6.780384e-03 2.443693e-02 3.396814e-02 -7.306949e-03 9.993962e-01 2.529878e+01
9.992839e-01 -1.476442e-02 -3.483770e-02 -3.307980e-01 1.497807e-02 9.998705e-01 5.879658e-03 1.958491e-02 3.474638e-02 -6.397249e-03 9.993757e-01 2.611277e+01
9.992971e-01 -1.256057e-02 -3.531986e-02 -3.718080e-01 1.268506e-02 9.999141e-01 3.302650e-03 2.239321e-02 3.527534e-02 -3.748363e-03 9.993706e-01 2.690863e+01
9.992365e-01 -1.267439e-02 -3.695508e-02 -3.827941e-01 1.272515e-02 9.999184e-01 1.138554e-03 2.689163e-02 3.693763e-02 -1.607943e-03 9.993163e-01 2.770149e+01
9.991751e-01 -1.256369e-02 -3.861603e-02 -4.052265e-01 1.261430e-02 9.999199e-01 1.067341e-03 1.982879e-02 3.859953e-02 -1.553575e-03 9.992536e-01 2.848663e+01
9.991159e-01 -1.315715e-02 -3.992982e-02 -4.384959e-01 1.319510e-02 9.999127e-01 6.870685e-04 1.466139e-02 3.991730e-02 -1.213339e-03 9.992023e-01 2.925819e+01
9.990577e-01 -1.259044e-02 -4.153457e-02 -4.908530e-01 1.259209e-02 9.999207e-01 -2.218443e-04 1.473007e-02 4.153406e-02 -3.013719e-04 9.991370e-01 3.002345e+01
9.989743e-01 -1.302438e-02 -4.336751e-02 -5.320137e-01 1.304457e-02 9.999149e-01 1.826008e-04 8.285158e-03 4.336144e-02 -7.481239e-04 9.990592e-01 3.078283e+01
9.988618e-01 -1.406277e-02 -4.557772e-02 -5.684897e-01 1.412729e-02 9.998996e-01 1.093598e-03 1.105252e-02 4.555777e-02 -1.736243e-03 9.989602e-01 3.152658e+01
9.987585e-01 -1.405607e-02 -4.778982e-02 -6.062825e-01 1.421596e-02 9.998944e-01 3.007406e-03 1.888209e-02 4.774250e-02 -3.683050e-03 9.988529e-01 3.226374e+01
9.986376e-01 -1.290244e-02 -5.056188e-02 -6.416389e-01 1.311705e-02 9.999063e-01 3.914894e-03 1.851102e-02 5.050663e-02 -4.572783e-03 9.987133e-01 3.299126e+01
9.986015e-01 -1.115563e-02 -5.167842e-02 -6.916183e-01 1.137033e-02 9.999279e-01 3.862536e-03 2.699147e-02 5.163161e-02 -4.444735e-03 9.986563e-01 3.373189e+01
9.985716e-01 -8.514121e-03 -5.274713e-02 -7.484340e-01 8.674382e-03 9.999584e-01 2.810108e-03 3.578764e-02 5.272101e-02 -3.263642e-03 9.986039e-01 3.442021e+01
9.985024e-01 -6.144750e-03 -5.436153e-02 -7.985669e-01 6.253440e-03 9.999788e-01 1.829518e-03 4.617789e-02 5.434913e-02 -2.166725e-03 9.985196e-01 3.511188e+01
9.984202e-01 -6.580506e-03 -5.580188e-02 -8.511560e-01 6.762046e-03 9.999724e-01 3.065097e-03 4.987363e-02 5.578017e-02 -3.437589e-03 9.984372e-01 3.579848e+01
9.983485e-01 -5.327090e-03 -5.720050e-02 -8.822630e-01 5.605222e-03 9.999732e-01 4.703052e-03 5.935956e-02 5.717391e-02 -5.015907e-03 9.983516e-01 3.647471e+01
9.984443e-01 -2.629550e-03 -5.569705e-02 -9.566104e-01 2.954546e-03 9.999791e-01 5.753520e-03 5.209376e-02 5.568076e-02 -5.909128e-03 9.984311e-01 3.713364e+01
9.984872e-01 2.655571e-04 -5.498351e-02 -9.903053e-01 -6.197133e-05 9.999931e-01 3.704342e-03 4.955390e-02 5.498412e-02 -3.695330e-03 9.984804e-01 3.778588e+01
9.985571e-01 1.449547e-03 -5.368048e-02 -1.035505e+00 -1.440254e-03 9.999989e-01 2.118011e-04 5.807232e-02 5.368073e-02 -1.341820e-04 9.985581e-01 3.842193e+01
9.986747e-01 1.879033e-03 -5.143187e-02 -1.073873e+00 -1.961708e-03 9.999969e-01 -1.557042e-03 6.083063e-02 5.142878e-02 1.655873e-03 9.986753e-01 3.905829e+01
9.988132e-01 2.686746e-03 -4.863014e-02 -1.099982e+00 -2.720432e-03 9.999961e-01 -6.265056e-04 5.800722e-02 4.862827e-02 7.580570e-04 9.988167e-01 3.970788e+01
9.989446e-01 7.537092e-03 -4.530955e-02 -1.141697e+00 -7.443638e-03 9.999698e-01 2.230940e-03 5.033995e-02 4.532500e-02 -1.891318e-03 9.989705e-01 4.031233e+01
9.990666e-01 1.176103e-02 -4.156505e-02 -1.178497e+00 -1.153351e-02 9.999172e-01 5.709442e-03 5.031950e-02 4.162876e-02 -5.224722e-03 9.991195e-01 4.091048e+01
9.991803e-01 1.699259e-02 -3.674300e-02 -1.226913e+00 -1.678067e-02 9.998408e-01 6.068461e-03 6.344035e-02 3.684027e-02 -5.446914e-03 9.993063e-01 4.149349e+01
9.992960e-01 2.079439e-02 -3.122791e-02 -1.253538e+00 -2.061705e-02 9.997695e-01 5.990165e-03 7.713165e-02 3.134527e-02 -5.342121e-03 9.994943e-01 4.206148e+01
9.993762e-01 2.443482e-02 -2.549879e-02 -1.270659e+00 -2.423563e-02 9.996735e-01 8.091617e-03 8.012596e-02 2.568818e-02 -7.468590e-03 9.996421e-01 4.260951e+01
9.993690e-01 2.958779e-02 -1.964977e-02 -1.264798e+00 -2.941314e-02 9.995257e-01 9.118760e-03 8.669643e-02 1.991025e-02 -8.535045e-03 9.997653e-01 4.313657e+01
9.993886e-01 3.282774e-02 -1.203542e-02 -1.296148e+00 -3.273157e-02 9.994313e-01 8.102505e-03 9.747550e-02 1.229456e-02 -7.703612e-03 9.998947e-01 4.364307e+01
9.993390e-01 3.583678e-02 -6.100682e-03 -1.287991e+00 -3.578489e-02 9.993241e-01 8.411854e-03 9.422704e-02 6.398012e-03 -8.187982e-03 9.999460e-01 4.412644e+01
9.991963e-01 4.006820e-02 1.107350e-03 -1.284383e+00 -4.007574e-02 9.991651e-01 7.934898e-03 9.942887e-02 -7.884885e-04 -7.972898e-03 9.999679e-01 4.459044e+01
9.989785e-01 4.444680e-02 8.148407e-03 -1.275254e+00 -4.449069e-02 9.989958e-01 5.285529e-03 1.006152e-01 -7.905299e-03 -5.642658e-03 9.999528e-01 4.502990e+01
9.987886e-01 4.643203e-02 1.629187e-02 -1.275628e+00 -4.647263e-02 9.989173e-01 2.122442e-03 1.036679e-01 -1.617568e-02 -2.876997e-03 9.998650e-01 4.545180e+01
9.986191e-01 4.665120e-02 2.415866e-02 -1.267241e+00 -4.670697e-02 9.989071e-01 1.749144e-03 1.086922e-01 -2.405066e-02 -2.875107e-03 9.997066e-01 4.584927e+01
9.984249e-01 4.602550e-02 3.208381e-02 -1.252210e+00 -4.614944e-02 9.989296e-01 3.132887e-03 1.093204e-01 -3.190528e-02 -4.608603e-03 9.994803e-01 4.622145e+01
9.980379e-01 4.792493e-02 4.029412e-02 -1.239777e+00 -4.811918e-02 9.988341e-01 3.864291e-03 1.127473e-01 -4.006195e-02 -5.795629e-03 9.991804e-01 4.658455e+01
9.974310e-01 5.150193e-02 4.978884e-02 -1.237790e+00 -5.177436e-02 9.986500e-01 4.196766e-03 1.098685e-01 -4.950548e-02 -6.763770e-03 9.987509e-01 4.689615e+01
9.967028e-01 5.621256e-02 5.851302e-02 -1.223868e+00 -5.651148e-02 9.983959e-01 3.465222e-03 1.149439e-01 -5.822437e-02 -6.760453e-03 9.982806e-01 4.719496e+01
9.959419e-01 6.000098e-02 6.707950e-02 -1.198420e+00 -6.038573e-02 9.981682e-01 3.721087e-03 1.099217e-01 -6.673335e-02 -7.756631e-03 9.977407e-01 4.746975e+01
9.952409e-01 5.953864e-02 7.714076e-02 -1.190846e+00 -6.006620e-02 9.981841e-01 4.534739e-03 1.037264e-01 -7.673069e-02 -9.146710e-03 9.970099e-01 4.773742e+01
9.944182e-01 5.849751e-02 8.780891e-02 -1.163613e+00 -5.896270e-02 9.982565e-01 2.711215e-03 1.034574e-01 -8.749721e-02 -7.873532e-03 9.961336e-01 4.799762e+01
9.934317e-01 5.725989e-02 9.906907e-02 -1.116156e+00 -5.736237e-02 9.983518e-01 -1.816005e-03 1.039508e-01 -9.900977e-02 -3.878759e-03 9.950789e-01 4.825309e+01
9.919453e-01 5.824895e-02 1.124794e-01 -1.085373e+00 -5.796040e-02 9.983018e-01 -5.836519e-03 1.030977e-01 -1.126283e-01 -7.298435e-04 9.936369e-01 4.850932e+01
9.898862e-01 5.978503e-02 1.286508e-01 -1.060779e+00 -5.919064e-02 9.982110e-01 -8.442099e-03 1.089247e-01 -1.289253e-01 7.417953e-04 9.916540e-01 4.877520e+01
9.875261e-01 6.126709e-02 1.450465e-01 -1.025163e+00 -6.049485e-02 9.981211e-01 -9.732894e-03 1.071645e-01 -1.453702e-01 8.369218e-04 9.893770e-01 4.901445e+01
9.848815e-01 6.172485e-02 1.618596e-01 -9.738032e-01 -6.071164e-02 9.980925e-01 -1.120314e-02 1.150394e-01 -1.622424e-01 1.207003e-03 9.867502e-01 4.926090e+01
9.817769e-01 6.138829e-02 1.798488e-01 -9.114056e-01 -6.020358e-02 9.981135e-01 -1.204342e-02 1.084360e-01 -1.802488e-01 9.964091e-04 9.836205e-01 4.950897e+01
9.780169e-01 6.053952e-02 1.995444e-01 -8.579212e-01 -5.926222e-02 9.981658e-01 -1.237331e-02 1.087389e-01 -1.999274e-01 2.758669e-04 9.798107e-01 4.974247e+01
9.780169e-01 6.053952e-02 1.995444e-01 -8.579212e-01 -5.926222e-02 9.981658e-01 -1.237331e-02 1.087389e-01 -1.999274e-01 2.758669e-04 9.798107e-01 4.974247e+01
9.685942e-01 6.189170e-02 2.408210e-01 -7.916231e-01 -5.992711e-02 9.980827e-01 -1.548030e-02 1.084631e-01 -2.413174e-01 5.624220e-04 9.704461e-01 4.998272e+01
9.628627e-01 6.342025e-02 2.624373e-01 -6.969232e-01 -6.091910e-02 9.979864e-01 -1.766447e-02 1.039797e-01 -2.630291e-01 1.021012e-03 9.647874e-01 5.021395e+01
9.555983e-01 6.480847e-02 2.874572e-01 -6.147752e-01 -6.209419e-02 9.978977e-01 -1.855970e-02 9.774679e-02 -2.880557e-01 -1.138029e-04 9.576136e-01 5.045562e+01
9.473053e-01 6.737323e-02 3.131670e-01 -5.291781e-01 -6.472501e-02 9.977249e-01 -1.885771e-02 7.606224e-02 -3.137251e-01 -2.405730e-03 9.495108e-01 5.069781e+01
9.376441e-01 6.965736e-02 3.405459e-01 -4.226567e-01 -6.689717e-02 9.975623e-01 -1.985583e-02 6.933056e-02 -3.410988e-01 -4.163847e-03 9.400182e-01 5.093937e+01
9.265878e-01 7.053944e-02 3.694038e-01 -3.184950e-01 -6.751059e-02 9.974946e-01 -2.113737e-02 6.148615e-02 -3.699694e-01 -5.353038e-03 9.290285e-01 5.117367e+01
9.139937e-01 6.895545e-02 3.998258e-01 -1.974931e-01 -6.506827e-02 9.976086e-01 -2.330654e-02 5.914949e-02 -4.004767e-01 -4.713940e-03 9.162948e-01 5.140531e+01
8.993787e-01 6.649048e-02 4.320845e-01 -5.065864e-02 -6.132521e-02 9.977819e-01 -2.589404e-02 5.126217e-02 -4.328478e-01 -3.209130e-03 9.014613e-01 5.162872e+01
8.821841e-01 6.605137e-02 4.662494e-01 9.315731e-02 -5.874226e-02 9.978160e-01 -3.021050e-02 5.181525e-02 -4.672265e-01 -7.373167e-04 8.841373e-01 5.185416e+01
8.629210e-01 6.779995e-02 5.007699e-01 2.502443e-01 -5.794037e-02 9.976980e-01 -3.523757e-02 4.655437e-02 -5.020062e-01 1.392447e-03 8.648629e-01 5.207715e+01
8.415753e-01 6.974405e-02 5.356181e-01 4.306467e-01 -5.755786e-02 9.975621e-01 -3.945861e-02 3.278649e-02 -5.370644e-01 2.378359e-03 8.435379e-01 5.230121e+01
8.173677e-01 7.245992e-02 5.715414e-01 6.210304e-01 -5.829277e-02 9.973695e-01 -4.308119e-02 2.586890e-02 -5.731596e-01 1.896447e-03 8.194415e-01 5.253408e+01
7.903900e-01 7.629217e-02 6.078348e-01 8.267808e-01 -6.090121e-02 9.970853e-01 -4.595671e-02 1.562034e-02 -6.095693e-01 -6.941460e-04 7.927325e-01 5.275756e+01
7.603881e-01 8.087865e-02 6.444134e-01 1.056587e+00 -6.478640e-02 9.967126e-01 -4.864883e-02 1.568656e-03 -6.462296e-01 -4.757233e-03 7.631282e-01 5.298937e+01
7.275918e-01 8.175286e-02 6.811216e-01 1.305374e+00 -6.420442e-02 9.966308e-01 -5.103760e-02 -1.814399e-02 -6.829992e-01 -6.596471e-03 7.303893e-01 5.322436e+01
6.919437e-01 7.884292e-02 7.176334e-01 1.592341e+00 -6.023512e-02 9.968578e-01 -5.144113e-02 -4.167559e-02 -7.194343e-01 -7.632372e-03 6.945186e-01 5.344012e+01
6.526025e-01 7.765927e-02 7.537102e-01 1.898331e+00 -5.769630e-02 9.969389e-01 -5.276405e-02 -6.693147e-02 -7.555006e-01 -9.052340e-03 6.550854e-01 5.367937e+01
6.110502e-01 7.698700e-02 7.878392e-01 2.236923e+00 -5.554313e-02 9.969763e-01 -5.434430e-02 -9.247377e-02 -7.896408e-01 -1.055196e-02 6.134787e-01 5.388971e+01
5.657020e-01 7.685289e-02 8.210206e-01 2.593918e+00 -5.209459e-02 9.969894e-01 -5.743035e-02 -1.106535e-01 -8.229626e-01 -1.028227e-02 5.680025e-01 5.409030e+01
5.177398e-01 7.593750e-02 8.521613e-01 2.972590e+00 -4.904020e-02 9.970495e-01 -5.905382e-02 -1.249429e-01 -8.541314e-01 -1.121565e-02 5.199362e-01 5.428920e+01
4.688078e-01 7.394266e-02 8.801998e-01 3.367077e+00 -4.689252e-02 9.971682e-01 -5.879312e-02 -1.453083e-01 -8.820546e-01 -1.371212e-02 4.709476e-01 5.448168e+01
4.195733e-01 7.268216e-02 9.048069e-01 3.794224e+00 -4.748057e-02 9.971819e-01 -5.808505e-02 -1.513154e-01 -9.064788e-01 -1.858981e-02 4.218419e-01 5.464607e+01
3.698769e-01 7.264398e-02 9.262364e-01 4.231536e+00 -5.010797e-02 9.970473e-01 -5.818785e-02 -1.609019e-01 -9.277285e-01 -2.488949e-02 3.724249e-01 5.479963e+01
3.211385e-01 7.261486e-02 9.442442e-01 4.688009e+00 -4.742116e-02 9.970383e-01 -6.054688e-02 -1.827179e-01 -9.458442e-01 -2.533322e-02 3.236308e-01 5.492655e+01
2.741243e-01 6.912963e-02 9.592064e-01 5.165519e+00 -3.607527e-02 9.974502e-01 -6.157617e-02 -2.131565e-01 -9.610174e-01 -1.772411e-02 2.759192e-01 5.503006e+01
2.303887e-01 6.299594e-02 9.710574e-01 5.665006e+00 -2.321881e-02 9.979741e-01 -5.923333e-02 -2.426717e-01 -9.728216e-01 -8.900107e-03 2.313847e-01 5.511064e+01
1.887285e-01 6.187598e-02 9.800780e-01 6.188341e+00 -1.333206e-02 9.980825e-01 -6.044538e-02 -2.612076e-01 -9.819388e-01 -1.658694e-03 1.891915e-01 5.516612e+01
1.507573e-01 6.319162e-02 9.865491e-01 6.701350e+00 -9.887993e-03 9.980014e-01 -6.241416e-02 -2.828857e-01 -9.885213e-01 -3.455984e-04 1.510808e-01 5.521730e+01
1.181874e-01 6.400537e-02 9.909264e-01 7.233460e+00 -1.011826e-03 9.979277e-01 -6.433691e-02 -3.091622e-01 -9.929908e-01 6.601170e-03 1.180073e-01 5.525609e+01
8.952756e-02 6.217268e-02 9.940419e-01 7.785139e+00 6.464857e-03 9.979925e-01 -6.300202e-02 -3.425545e-01 -9.959634e-01 1.206676e-02 8.894589e-02 5.528483e+01
6.463830e-02 6.079468e-02 9.960552e-01 8.351455e+00 1.345769e-02 9.979986e-01 -6.178663e-02 -3.655860e-01 -9.978180e-01 1.739838e-02 6.369078e-02 5.527957e+01
4.436655e-02 6.003746e-02 9.972097e-01 8.928879e+00 1.750040e-02 9.979927e-01 -6.086321e-02 -3.935801e-01 -9.988620e-01 2.015185e-02 4.322681e-02 5.529789e+01
2.848646e-02 6.189185e-02 9.976763e-01 9.511469e+00 1.990210e-02 9.978483e-01 -6.247078e-02 -4.222506e-01 -9.993960e-01 2.163543e-02 2.719339e-02 5.530060e+01
1.570360e-02 6.154782e-02 9.979806e-01 1.011687e+01 2.132149e-02 9.978561e-01 -6.187565e-02 -4.511569e-01 -9.996493e-01 2.225010e-02 1.435765e-02 5.529427e+01
3.637498e-03 6.244930e-02 9.980415e-01 1.071742e+01 2.158581e-02 9.978107e-01 -6.251352e-02 -4.887045e-01 -9.997604e-01 2.177093e-02 2.281515e-03 5.530804e+01
-5.396308e-03 6.545959e-02 9.978406e-01 1.133700e+01 2.614390e-02 9.975233e-01 -6.529739e-02 -5.218212e-01 -9.996436e-01 2.573508e-02 -7.094312e-03 5.530827e+01
-1.179909e-02 6.701093e-02 9.976825e-01 1.196715e+01 3.029415e-02 9.973179e-01 -6.662817e-02 -5.584148e-01 -9.994714e-01 2.943779e-02 -1.379748e-02 5.528395e+01
-1.704942e-02 6.683129e-02 9.976186e-01 1.260674e+01 3.133480e-02 9.973093e-01 -6.627505e-02 -5.824828e-01 -9.993635e-01 3.013023e-02 -1.909768e-02 5.527678e+01
-2.051252e-02 6.414866e-02 9.977295e-01 1.326023e+01 2.908135e-02 9.975555e-01 -6.353958e-02 -6.225057e-01 -9.993666e-01 2.771197e-02 -2.232791e-02 5.525792e+01
-2.314778e-02 5.746411e-02 9.980792e-01 1.392207e+01 2.651141e-02 9.980309e-01 -5.684647e-02 -6.551228e-01 -9.993805e-01 2.514461e-02 -2.462565e-02 5.523624e+01
-2.436991e-02 5.206967e-02 9.983461e-01 1.460355e+01 2.807657e-02 9.982844e-01 -5.138109e-02 -6.846840e-01 -9.993087e-01 2.677798e-02 -2.579004e-02 5.521939e+01
-2.486230e-02 4.941978e-02 9.984686e-01 1.529015e+01 3.081402e-02 9.983406e-01 -4.864616e-02 -7.191429e-01 -9.992159e-01 2.955737e-02 -2.634387e-02 5.519763e+01
-2.434905e-02 5.176166e-02 9.983626e-01 1.598133e+01 3.431723e-02 9.981134e-01 -5.091178e-02 -7.504256e-01 -9.991143e-01 3.302138e-02 -2.607943e-02 5.517877e+01
-2.402218e-02 5.883056e-02 9.979789e-01 1.667804e+01 3.559150e-02 9.976845e-01 -5.795649e-02 -7.895060e-01 -9.990777e-01 3.412732e-02 -2.606042e-02 5.517412e+01
-2.154967e-02 6.725322e-02 9.975032e-01 1.738037e+01 3.595328e-02 9.971417e-01 -6.645212e-02 -8.112653e-01 -9.991211e-01 3.443149e-02 -2.390605e-02 5.513032e+01
-1.941961e-02 6.731485e-02 9.975428e-01 1.810057e+01 3.688417e-02 9.971000e-01 -6.656693e-02 -8.575370e-01 -9.991308e-01 3.550083e-02 -2.184614e-02 5.514556e+01
-1.756959e-02 6.253543e-02 9.978881e-01 1.883768e+01 3.586267e-02 9.974393e-01 -6.187588e-02 -9.052149e-01 -9.992023e-01 3.469980e-02 -1.976729e-02 5.516746e+01
-1.574357e-02 5.641859e-02 9.982831e-01 1.957595e+01 3.547414e-02 9.978098e-01 -5.583239e-02 -9.395205e-01 -9.992466e-01 3.453423e-02 -1.771049e-02 5.516890e+01
-1.308065e-02 5.480153e-02 9.984116e-01 2.031158e+01 3.416833e-02 9.979384e-01 -5.432790e-02 -9.747487e-01 -9.993305e-01 3.340341e-02 -1.492616e-02 5.516145e+01
-1.017147e-02 6.020602e-02 9.981341e-01 2.103831e+01 4.205294e-02 9.973284e-01 -5.972888e-02 -1.013838e+00 -9.990636e-01 4.136695e-02 -1.267614e-02 5.515812e+01
-6.309887e-03 6.610333e-02 9.977928e-01 2.176816e+01 4.423943e-02 9.968542e-01 -6.576138e-02 -1.045081e+00 -9.990010e-01 4.372684e-02 -9.214411e-03 5.514746e+01
-4.744722e-03 6.675093e-02 9.977584e-01 2.250406e+01 3.880786e-02 9.970303e-01 -6.651767e-02 -1.088408e+00 -9.992354e-01 3.840526e-02 -7.321092e-03 5.518191e+01
-1.780717e-03 6.251801e-02 9.980422e-01 2.323105e+01 3.403431e-02 9.974694e-01 -6.242140e-02 -1.151606e+00 -9.994191e-01 3.385652e-02 -3.903968e-03 5.522571e+01
2.713859e-03 5.844043e-02 9.982872e-01 2.397242e+01 3.764474e-02 9.975773e-01 -5.850121e-02 -1.209375e+00 -9.992875e-01 3.773903e-02 5.073093e-04 5.524097e+01
6.922705e-03 6.002735e-02 9.981727e-01 2.471223e+01 4.297191e-02 9.972567e-01 -6.027029e-02 -1.241119e+00 -9.990523e-01 4.331062e-02 4.324224e-03 5.523725e+01
1.081443e-02 6.503056e-02 9.978247e-01 2.543667e+01 4.298039e-02 9.969306e-01 -6.543811e-02 -1.272445e+00 -9.990174e-01 4.359457e-02 7.986202e-03 5.522569e+01
1.454958e-02 6.578431e-02 9.977278e-01 2.617045e+01 4.011092e-02 9.969918e-01 -6.632071e-02 -1.309128e+00 -9.990893e-01 4.098472e-02 1.186714e-02 5.524986e+01
1.830646e-02 6.523003e-02 9.977023e-01 2.690751e+01 4.055775e-02 9.969998e-01 -6.592828e-02 -1.350511e+00 -9.990095e-01 4.167147e-02 1.560595e-02 5.528432e+01
2.017291e-02 6.201061e-02 9.978716e-01 2.764595e+01 4.434230e-02 9.970371e-01 -6.285518e-02 -1.399673e+00 -9.988127e-01 4.551589e-02 1.736345e-02 5.533188e+01
2.350020e-02 6.278773e-02 9.977502e-01 2.838041e+01 4.819987e-02 9.967940e-01 -6.386282e-02 -1.448481e+00 -9.985612e-01 4.959222e-02 2.039850e-02 5.534774e+01
2.736764e-02 6.370827e-02 9.975932e-01 2.911598e+01 5.092358e-02 9.965824e-01 -6.504073e-02 -1.490556e+00 -9.983275e-01 5.258103e-02 2.402986e-02 5.535771e+01
3.018893e-02 6.455903e-02 9.974571e-01 2.985120e+01 5.126201e-02 9.964988e-01 -6.604849e-02 -1.518751e+00 -9.982288e-01 5.312559e-02 2.677381e-02 5.537317e+01
3.370101e-02 6.310997e-02 9.974374e-01 3.059104e+01 5.312288e-02 9.964804e-01 -6.484431e-02 -1.556924e+00 -9.980191e-01 5.517206e-02 3.022981e-02 5.539231e+01
3.734895e-02 6.196331e-02 9.973794e-01 3.133183e+01 5.519253e-02 9.964244e-01 -6.397078e-02 -1.602976e+00 -9.977769e-01 5.743713e-02 3.379549e-02 5.541502e+01
4.149687e-02 6.323955e-02 9.971353e-01 3.207155e+01 5.357966e-02 9.964181e-01 -6.542384e-02 -1.626437e+00 -9.977010e-01 5.614105e-02 3.795987e-02 5.542506e+01
4.454590e-02 6.490104e-02 9.968969e-01 3.281272e+01 5.076521e-02 9.964512e-01 -6.714045e-02 -1.672952e+00 -9.977167e-01 5.359852e-02 4.109311e-02 5.547234e+01
4.743781e-02 6.537811e-02 9.967323e-01 3.355637e+01 5.257213e-02 9.963093e-01 -6.785244e-02 -1.704389e+00 -9.974898e-01 5.561912e-02 4.382566e-02 5.551025e+01
5.020829e-02 6.595701e-02 9.965585e-01 3.430460e+01 5.020156e-02 9.963890e-01 -6.847503e-02 -1.736412e+00 -9.974763e-01 5.346680e-02 4.671584e-02 5.554280e+01
5.372943e-02 6.714080e-02 9.962958e-01 3.505017e+01 4.806433e-02 9.964066e-01 -6.974034e-02 -1.763738e+00 -9.973981e-01 5.163340e-02 5.030928e-02 5.556116e+01
5.591642e-02 6.627046e-02 9.962337e-01 3.580220e+01 4.461064e-02 9.966325e-01 -6.880088e-02 -1.830201e+00 -9.974383e-01 4.828973e-02 5.277175e-02 5.562860e+01
5.901193e-02 6.884136e-02 9.958807e-01 3.655472e+01 4.352847e-02 9.964930e-01 -7.146301e-02 -1.868512e+00 -9.973078e-01 4.756633e-02 5.580841e-02 5.568740e+01
6.231923e-02 7.141549e-02 9.954979e-01 3.730680e+01 4.215123e-02 9.963584e-01 -7.411593e-02 -1.932443e+00 -9.971658e-01 4.658032e-02 5.908204e-02 5.574331e+01
6.581313e-02 7.389007e-02 9.950924e-01 3.806745e+01 4.253853e-02 9.961401e-01 -7.678127e-02 -1.982768e+00 -9.969248e-01 4.738298e-02 6.241592e-02 5.579665e+01
6.920189e-02 7.667047e-02 9.946521e-01 3.883105e+01 3.691540e-02 9.961626e-01 -7.935526e-02 -2.025285e+00 -9.969194e-01 4.220951e-02 6.610602e-02 5.586447e+01
7.126052e-02 7.588258e-02 9.945671e-01 3.960096e+01 3.382099e-02 9.963449e-01 -7.844148e-02 -2.075542e+00 -9.968842e-01 3.922702e-02 6.843363e-02 5.594529e+01
7.477355e-02 7.648530e-02 9.942630e-01 4.037530e+01 3.571572e-02 9.962091e-01 -7.932101e-02 -2.136268e+00 -9.965607e-01 4.144193e-02 7.175836e-02 5.601322e+01
7.880243e-02 7.740036e-02 9.938810e-01 4.115234e+01 3.519720e-02 9.961437e-01 -8.036728e-02 -2.194222e+00 -9.962687e-01 4.131497e-02 7.577427e-02 5.606534e+01
8.231768e-02 7.794628e-02 9.935533e-01 4.193541e+01 3.174405e-02 9.962258e-01 -8.078600e-02 -2.249486e+00 -9.961005e-01 3.818952e-02 7.953267e-02 5.613773e+01
8.654762e-02 7.646368e-02 9.933090e-01 4.272517e+01 3.122286e-02 9.963523e-01 -7.941841e-02 -2.300161e+00 -9.957583e-01 3.788742e-02 8.384451e-02 5.621524e+01
9.155292e-02 7.623348e-02 9.928779e-01 4.353228e+01 3.240470e-02 9.963092e-01 -7.948497e-02 -2.356623e+00 -9.952728e-01 3.945099e-02 8.874470e-02 5.628499e+01
9.629248e-02 7.918874e-02 9.921980e-01 4.430672e+01 2.859992e-02 9.961985e-01 -8.228364e-02 -2.422617e+00 -9.949421e-01 3.630008e-02 9.366164e-02 5.636426e+01
1.021212e-01 8.733877e-02 9.909305e-01 4.509556e+01 2.740266e-02 9.955133e-01 -9.056670e-02 -2.488693e+00 -9.943945e-01 3.640291e-02 9.926971e-02 5.644969e+01
1.095986e-01 9.220610e-02 9.896899e-01 4.589869e+01 2.555976e-02 9.950973e-01 -9.554038e-02 -2.550399e+00 -9.936472e-01 3.576733e-02 1.067045e-01 5.653284e+01
1.168432e-01 9.504356e-02 9.885921e-01 4.671181e+01 2.134444e-02 9.949401e-01 -9.817659e-02 -2.620960e+00 -9.929210e-01 3.257221e-02 1.142233e-01 5.663831e+01
1.241372e-01 9.378950e-02 9.878226e-01 4.750212e+01 1.780315e-02 9.951521e-01 -9.672268e-02 -2.686823e+00 -9.921053e-01 2.959323e-02 1.218656e-01 5.675188e+01
1.317320e-01 9.228002e-02 9.869808e-01 4.831378e+01 1.858998e-02 9.952525e-01 -9.553460e-02 -2.752192e+00 -9.911110e-01 3.093292e-02 1.293911e-01 5.686798e+01
1.394300e-01 8.860036e-02 9.862602e-01 4.912835e+01 1.860561e-02 9.955789e-01 -9.206782e-02 -2.817817e+00 -9.900571e-01 3.118699e-02 1.371651e-01 5.697174e+01
1.460075e-01 8.300241e-02 9.857953e-01 4.994008e+01 1.643877e-02 9.961329e-01 -8.630758e-02 -2.887563e+00 -9.891469e-01 2.880681e-02 1.440784e-01 5.711600e+01
1.529251e-01 7.556311e-02 9.853447e-01 5.074901e+01 1.341507e-02 9.968219e-01 -7.852528e-02 -2.956716e+00 -9.881467e-01 2.522695e-02 1.514254e-01 5.725032e+01
1.596958e-01 7.367364e-02 9.844133e-01 5.156615e+01 1.304734e-02 9.969666e-01 -7.672973e-02 -3.017981e+00 -9.870801e-01 2.509739e-02 1.582501e-01 5.740373e+01
1.672226e-01 7.528433e-02 9.830406e-01 5.234946e+01 1.343065e-02 9.968139e-01 -7.862379e-02 -3.079514e+00 -9.858277e-01 2.635055e-02 1.656787e-01 5.753713e+01
1.732698e-01 8.180446e-02 9.814711e-01 5.313481e+01 1.456315e-02 9.962227e-01 -8.560498e-02 -3.137733e+00 -9.847667e-01 2.912607e-02 1.714240e-01 5.768461e+01
1.784034e-01 8.528806e-02 9.802541e-01 5.391477e+01 1.354572e-02 9.959290e-01 -8.911715e-02 -3.198641e+00 -9.838642e-01 2.917705e-02 1.765218e-01 5.783138e+01
1.834719e-01 8.836759e-02 9.790451e-01 5.467429e+01 1.172250e-02 9.956839e-01 -9.206617e-02 -3.265846e+00 -9.829551e-01 2.836841e-02 1.816441e-01 5.797671e+01
1.884085e-01 8.781962e-02 9.781564e-01 5.543556e+01 9.102245e-03 9.957950e-01 -9.115647e-02 -3.337723e+00 -9.820486e-01 2.607807e-02 1.868169e-01 5.813831e+01
1.948481e-01 8.448786e-02 9.771878e-01 5.621260e+01 1.470205e-02 9.959196e-01 -8.903896e-02 -3.394490e+00 -9.807232e-01 3.171574e-02 1.928109e-01 5.826743e+01
1.993365e-01 7.825702e-02 9.768013e-01 5.695437e+01 1.555050e-02 9.964280e-01 -8.300282e-02 -3.448999e+00 -9.798077e-01 3.173524e-02 1.974075e-01 5.841973e+01
2.027141e-01 7.254146e-02 9.765473e-01 5.770082e+01 1.405426e-02 9.969341e-01 -7.697328e-02 -3.503705e+00 -9.791371e-01 2.932822e-02 2.010731e-01 5.857491e+01
2.061285e-01 6.972090e-02 9.760379e-01 5.843680e+01 9.758733e-03 9.972623e-01 -7.329795e-02 -3.565724e+00 -9.784763e-01 2.463369e-02 2.048838e-01 5.874039e+01
2.100788e-01 6.968439e-02 9.751979e-01 5.916075e+01 8.810030e-03 9.972813e-01 -7.316027e-02 -3.612047e+00 -9.776448e-01 2.396095e-02 2.088938e-01 5.888766e+01
2.128707e-01 7.177593e-02 9.744405e-01 5.987199e+01 7.988732e-03 9.971370e-01 -7.519289e-02 -3.659866e+00 -9.770477e-01 2.379091e-02 2.116879e-01 5.904534e+01
2.144743e-01 7.622635e-02 9.737506e-01 6.057111e+01 4.130974e-03 9.968703e-01 -7.894606e-02 -3.713499e+00 -9.767209e-01 2.095444e-02 2.134882e-01 5.920577e+01
2.166847e-01 8.054753e-02 9.729131e-01 6.126042e+01 2.274758e-03 9.965461e-01 -8.301074e-02 -3.773608e+00 -9.762390e-01 2.020030e-02 2.157531e-01 5.936190e+01
2.173990e-01 8.619030e-02 9.722700e-01 6.193184e+01 1.707686e-03 9.960586e-01 -8.868097e-02 -3.831484e+00 -9.760813e-01 2.093949e-02 2.163950e-01 5.953193e+01
2.187898e-01 8.760410e-02 9.718315e-01 6.260333e+01 3.069298e-03 9.958950e-01 -9.046426e-02 -3.889407e+00 -9.757672e-01 2.277550e-02 2.176228e-01 5.968715e+01
2.199223e-01 8.753295e-02 9.715823e-01 6.326948e+01 5.229710e-04 9.959554e-01 -8.984718e-02 -3.949494e+00 -9.755173e-01 2.026751e-02 2.189870e-01 5.983370e+01
2.206548e-01 8.398321e-02 9.717295e-01 6.392456e+01 -2.592939e-04 9.962910e-01 -8.604709e-02 -4.018577e+00 -9.753519e-01 1.873474e-02 2.198582e-01 5.999000e+01
2.209814e-01 8.197379e-02 9.718269e-01 6.457157e+01 -3.519221e-05 9.964621e-01 -8.404377e-02 -4.067386e+00 -9.752780e-01 1.853791e-02 2.202025e-01 6.015138e+01
2.207719e-01 8.065503e-02 9.719849e-01 6.520604e+01 9.334783e-04 9.965569e-01 -8.290604e-02 -4.122198e+00 -9.753250e-01 1.921065e-02 2.199364e-01 6.030129e+01
2.192796e-01 7.999915e-02 9.723768e-01 6.583069e+01 4.186906e-04 9.966250e-01 -8.208851e-02 -4.178924e+00 -9.756620e-01 1.840746e-02 2.185060e-01 6.045221e+01
2.175213e-01 8.091893e-02 9.726955e-01 6.644642e+01 -6.359713e-04 9.965691e-01 -8.276275e-02 -4.229596e+00 -9.760554e-01 1.738405e-02 2.168264e-01 6.060695e+01
2.138113e-01 8.374283e-02 9.732789e-01 6.706558e+01 -2.195346e-03 9.963575e-01 -8.524628e-02 -4.288192e+00 -9.768725e-01 1.608994e-02 2.132164e-01 6.076020e+01
2.102646e-01 8.717890e-02 9.737498e-01 6.763513e+01 -9.806170e-04 9.960345e-01 -8.896229e-02 -4.346735e+00 -9.776440e-01 1.775075e-02 2.095163e-01 6.090151e+01
2.082562e-01 8.771229e-02 9.741334e-01 6.823940e+01 9.705952e-04 9.959517e-01 -8.988434e-02 -4.402042e+00 -9.780738e-01 1.966446e-02 2.073280e-01 6.102484e+01
2.064408e-01 8.683902e-02 9.745980e-01 6.882009e+01 6.727581e-04 9.960410e-01 -8.889216e-02 -4.443282e+00 -9.784589e-01 1.900664e-02 2.055651e-01 6.114201e+01
2.043467e-01 8.375266e-02 9.753091e-01 6.939910e+01 9.303046e-04 9.963161e-01 -8.575151e-02 -4.493993e+00 -9.788981e-01 1.843037e-02 2.035160e-01 6.126357e+01
2.007010e-01 7.966456e-02 9.764080e-01 6.996053e+01 3.039190e-04 9.966830e-01 -8.138125e-02 -4.556579e+00 -9.796525e-01 1.663005e-02 2.000111e-01 6.139998e+01
1.991507e-01 7.844676e-02 9.768240e-01 7.051132e+01 4.791874e-03 9.967010e-01 -8.101998e-02 -4.602179e+00 -9.799572e-01 2.081600e-02 1.981178e-01 6.150906e+01
1.962021e-01 8.008304e-02 9.772878e-01 7.105594e+01 7.447761e-03 9.965089e-01 -8.315333e-02 -4.651359e+00 -9.805352e-01 2.359347e-02 1.949207e-01 6.161236e+01
1.938515e-01 8.235599e-02 9.775679e-01 7.159935e+01 1.112823e-02 9.962214e-01 -8.613419e-02 -4.689688e+00 -9.809678e-01 2.757584e-02 1.922026e-01 6.170543e+01
1.923138e-01 8.415095e-02 9.777188e-01 7.213656e+01 1.037708e-02 9.960865e-01 -8.777297e-02 -4.736334e+00 -9.812786e-01 2.702582e-02 1.906879e-01 6.180496e+01
1.912430e-01 8.656330e-02 9.777182e-01 7.267371e+01 9.573509e-03 9.958917e-01 -9.004489e-02 -4.783869e+00 -9.814960e-01 2.658065e-02 1.896286e-01 6.190025e+01
1.902762e-01 8.496397e-02 9.780471e-01 7.321595e+01 1.176111e-02 9.959792e-01 -8.880984e-02 -4.823979e+00 -9.816601e-01 2.840131e-02 1.885119e-01 6.200947e+01
1.907341e-01 8.331806e-02 9.780995e-01 7.375523e+01 1.826640e-02 9.959177e-01 -8.839792e-02 -4.865713e+00 -9.814718e-01 3.472685e-02 1.884336e-01 6.211619e+01
1.929880e-01 8.153826e-02 9.778073e-01 7.429945e+01 2.287882e-02 9.958963e-01 -8.756223e-02 -4.908190e+00 -9.809344e-01 3.926954e-02 1.903305e-01 6.221333e+01
1.948485e-01 8.081177e-02 9.774986e-01 7.484601e+01 2.587987e-02 9.958295e-01 -8.748596e-02 -4.953046e+00 -9.804919e-01 4.234404e-02 1.919445e-01 6.232299e+01
1.976456e-01 8.068765e-02 9.769471e-01 7.539695e+01 2.212525e-02 9.959856e-01 -8.673621e-02 -5.011104e+00 -9.800238e-01 3.875823e-02 1.950669e-01 6.243487e+01
2.028197e-01 8.097393e-02 9.758624e-01 7.593916e+01 2.160717e-02 9.959624e-01 -8.713251e-02 -5.055628e+00 -9.789777e-01 3.875781e-02 2.002511e-01 6.257221e+01
2.098945e-01 7.995395e-02 9.744494e-01 7.650007e+01 2.270166e-02 9.959835e-01 -8.661073e-02 -5.098108e+00 -9.774604e-01 4.030073e-02 2.072364e-01 6.268176e+01
2.177795e-01 7.970679e-02 9.727378e-01 7.707599e+01 2.233966e-02 9.959915e-01 -8.661368e-02 -5.132208e+00 -9.757423e-01 4.059331e-02 2.151259e-01 6.281851e+01
2.258626e-01 7.761018e-02 9.710627e-01 7.763577e+01 2.183325e-02 9.961677e-01 -8.469491e-02 -5.186775e+00 -9.739145e-01 4.033086e-02 2.233026e-01 6.294690e+01
2.342440e-01 7.796539e-02 9.690465e-01 7.819997e+01 1.570823e-02 9.963454e-01 -8.395883e-02 -5.253494e+00 -9.720509e-01 3.488886e-02 2.321633e-01 6.307776e+01
2.452608e-01 7.759176e-02 9.663471e-01 7.879210e+01 1.560708e-02 9.963468e-01 -8.396166e-02 -5.287660e+00 -9.693315e-01 3.567435e-02 2.431538e-01 6.323640e+01
2.549073e-01 8.176384e-02 9.635024e-01 7.936001e+01 9.196101e-03 9.961686e-01 -8.696888e-02 -5.339980e+00 -9.669218e-01 3.102947e-02 2.531787e-01 6.338507e+01
2.642990e-01 8.314847e-02 9.608498e-01 7.995894e+01 6.940913e-03 9.960868e-01 -8.810698e-02 -5.384994e+00 -9.644158e-01 2.995576e-02 2.626876e-01 6.357120e+01
2.741656e-01 8.619572e-02 9.578118e-01 8.054808e+01 1.704431e-03 9.959300e-01 -9.011394e-02 -5.438383e+00 -9.616810e-01 2.633867e-02 2.729028e-01 6.376490e+01
2.850525e-01 8.788418e-02 9.544744e-01 8.115731e+01 2.109079e-04 9.957820e-01 -9.175060e-02 -5.494348e+00 -9.585119e-01 2.635505e-02 2.838316e-01 6.393650e+01
2.935613e-01 8.877082e-02 9.518096e-01 8.175972e+01 -3.526017e-03 9.957727e-01 -9.178355e-02 -5.554455e+00 -9.559337e-01 2.358800e-02 2.926334e-01 6.415615e+01
3.030282e-01 8.941785e-02 9.487773e-01 8.238384e+01 -4.783035e-03 9.957184e-01 -9.231419e-02 -5.609830e+00 -9.529696e-01 2.343577e-02 3.021585e-01 6.437673e+01
3.132107e-01 9.009967e-02 9.454000e-01 8.302117e+01 -8.357800e-03 9.957123e-01 -9.212567e-02 -5.655760e+00 -9.496469e-01 2.095328e-02 3.126208e-01 6.460169e+01
3.239497e-01 8.498988e-02 9.422491e-01 8.368159e+01 -7.547670e-03 9.961572e-01 -8.725742e-02 -5.706964e+00 -9.460442e-01 2.115523e-02 3.233463e-01 6.482986e+01
3.346573e-01 7.816611e-02 9.390924e-01 8.434780e+01 -4.469358e-03 9.966742e-01 -8.136627e-02 -5.763691e+00 -9.423293e-01 2.303268e-02 3.338937e-01 6.506725e+01
3.450872e-01 7.314736e-02 9.357159e-01 8.501963e+01 -2.103969e-03 9.970162e-01 -7.716343e-02 -5.816403e+00 -9.385683e-01 2.465939e-02 3.442114e-01 6.533136e+01
3.553998e-01 6.996814e-02 9.320920e-01 8.570501e+01 -2.455368e-03 9.972609e-01 -7.392388e-02 -5.855504e+00 -9.347112e-01 2.398390e-02 3.545981e-01 6.559801e+01
3.646917e-01 6.716140e-02 9.287030e-01 8.640350e+01 4.499140e-03 9.972566e-01 -7.388577e-02 -5.895656e+00 -9.311175e-01 3.112389e-02 3.633890e-01 6.588177e+01
3.730572e-01 6.150560e-02 9.257674e-01 8.710351e+01 1.114375e-02 9.974313e-01 -7.075737e-02 -5.942213e+00 -9.277414e-01 3.671307e-02 3.714136e-01 6.616401e+01
3.800027e-01 5.157478e-02 9.235464e-01 8.782992e+01 2.083828e-02 9.977136e-01 -6.429072e-02 -5.993995e+00 -9.247506e-01 4.367577e-02 3.780591e-01 6.644979e+01
3.874287e-01 4.684913e-02 9.207085e-01 8.854910e+01 2.724717e-02 9.976897e-01 -6.223168e-02 -6.030835e+00 -9.214969e-01 4.919704e-02 3.852571e-01 6.674514e+01
3.945226e-01 4.684130e-02 9.176916e-01 8.926354e+01 2.962979e-02 9.975320e-01 -6.365464e-02 -6.077882e+00 -9.184084e-01 5.230420e-02 3.921611e-01 6.705728e+01
4.014884e-01 5.313514e-02 9.143215e-01 8.996297e+01 3.209723e-02 9.968861e-01 -7.202756e-02 -6.120404e+00 -9.153015e-01 5.826542e-02 3.985327e-01 6.738776e+01
4.084975e-01 5.777740e-02 9.109289e-01 9.068035e+01 3.496105e-02 9.962718e-01 -7.886838e-02 -6.174289e+00 -9.120896e-01 6.406457e-02 4.049546e-01 6.770481e+01
4.141897e-01 5.954703e-02 9.082406e-01 9.139157e+01 3.334832e-02 9.961948e-01 -8.052158e-02 -6.229041e+00 -9.095794e-01 6.363951e-02 4.106279e-01 6.801946e+01
4.184102e-01 6.141169e-02 9.061796e-01 9.208322e+01 2.609664e-02 9.964867e-01 -7.958139e-02 -6.283850e+00 -9.078832e-01 5.694590e-02 4.153376e-01 6.835319e+01
4.223567e-01 6.540713e-02 9.040668e-01 9.277046e+01 1.871132e-02 9.965515e-01 -8.083963e-02 -6.348932e+00 -9.062366e-01 5.105944e-02 4.196763e-01 6.868109e+01
4.256610e-01 6.857265e-02 9.022807e-01 9.344469e+01 1.790970e-02 9.962907e-01 -8.416645e-02 -6.414028e+00 -9.047054e-01 5.198596e-02 4.228540e-01 6.900977e+01
4.291411e-01 7.311633e-02 9.002733e-01 9.411487e+01 1.407446e-02 9.960559e-01 -8.760437e-02 -6.477123e+00 -9.031278e-01 5.026549e-02 4.264194e-01 6.935472e+01
4.323810e-01 7.653051e-02 8.984374e-01 9.476332e+01 1.052265e-02 9.958955e-01 -8.989629e-02 -6.539381e+00 -9.016296e-01 4.832340e-02 4.298011e-01 6.967283e+01
4.363960e-01 7.443897e-02 8.966702e-01 9.541913e+01 9.911042e-03 9.961136e-01 -8.751804e-02 -6.606669e+00 -8.997001e-01 4.707946e-02 4.339622e-01 7.000162e+01
4.404474e-01 7.152729e-02 8.949246e-01 9.607777e+01 1.074765e-02 9.963297e-01 -8.492172e-02 -6.669870e+00 -8.977141e-01 4.702188e-02 4.380620e-01 7.032807e+01
4.438738e-01 6.898160e-02 8.934302e-01 9.670686e+01 9.848679e-03 9.965968e-01 -8.184009e-02 -6.728209e+00 -8.960352e-01 4.512578e-02 4.416838e-01 7.064152e+01
4.471397e-01 6.823286e-02 8.918578e-01 9.734598e+01 8.954549e-03 9.966947e-01 -8.074299e-02 -6.785194e+00 -8.944193e-01 4.408958e-02 4.450508e-01 7.097785e+01
4.504923e-01 7.018420e-02 8.900173e-01 9.793675e+01 7.678141e-03 9.965638e-01 -8.247253e-02 -6.828000e+00 -8.927473e-01 4.398692e-02 4.484054e-01 7.129303e+01
4.526291e-01 7.151502e-02 8.888265e-01 9.853673e+01 7.183064e-03 9.964540e-01 -8.383267e-02 -6.888634e+00 -8.916699e-01 4.432960e-02 4.505104e-01 7.160301e+01
4.546635e-01 6.970070e-02 8.879318e-01 9.913077e+01 8.828665e-03 9.965315e-01 -8.274624e-02 -6.944923e+00 -8.906195e-01 4.546095e-02 4.524712e-01 7.191577e+01
4.562775e-01 6.891915e-02 8.871646e-01 9.971849e+01 9.576981e-03 9.965580e-01 -8.234289e-02 -7.006385e+00 -8.897860e-01 4.606756e-02 4.540469e-01 7.221611e+01
4.581090e-01 6.975038e-02 8.861552e-01 1.002984e+02 7.142201e-03 9.965956e-01 -8.213553e-02 -7.061679e+00 -8.888673e-01 4.395612e-02 4.560512e-01 7.251589e+01
4.600288e-01 6.907585e-02 8.852130e-01 1.008701e+02 8.069142e-03 9.966028e-01 -8.196132e-02 -7.119861e+00 -8.878673e-01 4.484747e-02 4.579086e-01 7.281218e+01
4.626784e-01 7.033905e-02 8.837314e-01 1.014262e+02 9.085444e-03 9.964189e-01 -8.406491e-02 -7.157068e+00 -8.864796e-01 4.692411e-02 4.603824e-01 7.311230e+01
4.661167e-01 6.985091e-02 8.819615e-01 1.019750e+02 1.317164e-02 9.962200e-01 -8.586135e-02 -7.198250e+00 -8.846252e-01 5.163830e-02 4.634348e-01 7.339402e+01
4.687323e-01 6.929238e-02 8.806183e-01 1.025143e+02 1.679569e-02 9.960392e-01 -8.731434e-02 -7.229917e+00 -8.831806e-01 5.571764e-02 4.657119e-01 7.369254e+01
4.719394e-01 6.757483e-02 8.790375e-01 1.030495e+02 1.932706e-02 9.960257e-01 -8.694449e-02 -7.285632e+00 -8.814191e-01 5.802174e-02 4.687577e-01 7.397174e+01
4.757915e-01 6.680535e-02 8.770174e-01 1.035861e+02 2.039798e-02 9.960051e-01 -8.693517e-02 -7.333074e+00 -8.793215e-01 5.925240e-02 4.725281e-01 7.423695e+01
4.797535e-01 6.626943e-02 8.748971e-01 1.041100e+02 2.223974e-02 9.959048e-01 -8.763046e-02 -7.371330e+00 -8.771214e-01 6.149851e-02 4.763150e-01 7.450593e+01
4.828691e-01 6.524491e-02 8.732586e-01 1.046145e+02 2.318286e-02 9.959186e-01 -8.722835e-02 -7.421626e+00 -8.753856e-01 6.236450e-02 4.793857e-01 7.479999e+01
