1.000000e+00 0.000000e+00 0.000000e+00 0.000000e+00 0.000000e+00 1.000000e+00 0.000000e+00 0.000000e+00 0.000000e+00 0.000000e+00 1.000000e+00 0.000000e+00
9.990926e-01 -7.805265e-04 4.258280e-02 5.993331e-02 8.929404e-04 9.999962e-01 -2.620934e-03 -9.266568e-03 -4.258059e-02 2.656579e-03 9.990895e-01 9.979554e-01
9.960251e-01 -5.031142e-03 8.893103e-02 6.130603e-02 5.700127e-03 9.999573e-01 -7.270156e-03 -4.056603e-02 -8.889066e-02 7.748176e-03 9.960113e-01 1.998948e+00
9.909389e-01 -4.862313e-03 1.342251e-01 1.962724e-01 6.443972e-03 9.999148e-01 -1.135171e-02 -6.822405e-02 -1.341584e-01 1.211379e-02 9.908859e-01 2.983046e+00
9.838556e-01 -4.081860e-03 1.789174e-01 3.939465e-01 6.744997e-03 9.998753e-01 -1.427895e-02 -6.052366e-02 -1.788368e-01 1.525522e-02 9.837605e-01 3.961815e+00
9.744945e-01 -7.167559e-03 2.242969e-01 6.338541e-01 1.063310e-02 9.998420e-01 -1.424662e-02 -8.170924e-02 -2.241594e-01 1.626822e-02 9.744167e-01 4.924543e+00
9.629657e-01 -8.309645e-03 2.694958e-01 8.940118e-01 1.291062e-02 9.997995e-01 -1.530453e-02 -1.223823e-01 -2.693146e-01 1.821709e-02 9.628799e-01 5.880150e+00
9.496238e-01 -1.063946e-02 3.132115e-01 1.208990e+00 1.703241e-02 9.996986e-01 -1.768175e-02 -1.519236e-01 -3.129289e-01 2.212576e-02 9.495188e-01 6.815803e+00
9.346627e-01 -1.268577e-02 3.553092e-01 1.566051e+00 2.090804e-02 9.995949e-01 -1.931089e-02 -1.775536e-01 -3.549203e-01 2.547799e-02 9.345493e-01 7.735963e+00
9.174187e-01 -1.310642e-02 3.977073e-01 1.952598e+00 2.298628e-02 9.995340e-01 -2.008445e-02 -2.088659e-01 -3.972588e-01 2.756766e-02 9.172925e-01 8.641256e+00
8.977254e-01 -1.383929e-02 4.403380e-01 2.349650e+00 2.454922e-02 9.995249e-01 -1.863510e-02 -2.364485e-01 -4.398709e-01 2.753915e-02 8.976387e-01 9.538626e+00
8.761931e-01 -1.421443e-02 4.817505e-01 2.823907e+00 2.572147e-02 9.995196e-01 -1.728980e-02 -2.637550e-01 -4.812733e-01 2.754053e-02 8.761378e-01 1.039547e+01
8.647231e-01 -1.262596e-02 5.020902e-01 3.797240e+00 2.510583e-02 9.995209e-01 -1.810369e-02 -2.173392e-01 -5.016210e-01 2.826007e-02 8.646258e-01 1.045305e+01
8.518542e-01 -9.997920e-03 5.236835e-01 4.755229e+00 2.470503e-02 9.994720e-01 -2.110520e-02 -1.595075e-01 -5.231960e-01 3.091617e-02 8.516514e-01 1.062258e+01
8.588555e-01 -8.627120e-03 5.121454e-01 5.716764e+00 2.256228e-02 9.995249e-01 -2.099934e-02 -1.845518e-01 -5.117209e-01 2.959056e-02 8.586420e-01 1.052439e+01
8.664556e-01 -2.518142e-03 4.992477e-01 6.681585e+00 1.566264e-02 9.996322e-01 -2.214085e-02 -2.135796e-01 -4.990083e-01 2.700360e-02 8.661764e-01 1.044579e+01
8.592256e-01 -3.700448e-03 5.115836e-01 7.636613e+00 1.797877e-02 9.995746e-01 -2.296583e-02 -2.229631e-01 -5.112809e-01 2.893047e-02 8.589266e-01 1.058442e+01
8.455975e-01 -9.689321e-04 5.338201e-01 8.580797e+00 1.680584e-02 9.995510e-01 -2.480702e-02 -2.114350e-01 -5.335563e-01 2.994805e-02 8.452341e-01 1.076120e+01
8.292267e-01 2.123120e-03 5.589084e-01 7.636105e+00 1.596476e-02 9.994948e-01 -2.748295e-02 -2.220956e-01 -5.586843e-01 3.171244e-02 8.287739e-01 1.061481e+01
8.102102e-01 1.003159e-03 5.861385e-01 6.735303e+00 2.051883e-02 9.993371e-01 -3.007320e-02 -2.447433e-01 -5.857801e-01 3.639250e-02 8.096525e-01 1.030537e+01
7.935331e-01 5.538304e-03 6.085019e-01 5.783358e+00 1.738433e-02 9.993441e-01 -3.176607e-02 -2.457616e-01 -6.082788e-01 3.578583e-02 7.929163e-01 1.029678e+01
7.704277e-01 7.294521e-03 6.374857e-01 4.832876e+00 1.931236e-02 9.992086e-01 -3.477337e-02 -2.667043e-01 -6.372348e-01 3.910172e-02 7.696771e-01 1.023359e+01
7.558921e-01 7.599696e-03 6.546521e-01 3.889584e+00 2.305367e-02 9.990035e-01 -3.821604e-02 -2.585000e-01 -6.542902e-01 4.397933e-02 7.549637e-01 1.036556e+01
7.316246e-01 6.919358e-03 6.816726e-01 2.930861e+00 2.678467e-02 9.988846e-01 -3.888665e-02 -2.818629e-01 -6.811813e-01 4.670880e-02 7.306232e-01 1.042038e+01
7.016262e-01 3.953242e-03 7.125342e-01 3.635201e+00 3.294145e-02 9.987355e-01 -3.797829e-02 -3.284980e-01 -7.117833e-01 5.011847e-02 7.006088e-01 1.107640e+01
6.718083e-01 2.391604e-03 7.407212e-01 4.341921e+00 3.791192e-02 9.985731e-01 -3.760893e-02 -3.771668e-01 -7.397542e-01 5.334815e-02 6.707590e-01 1.173185e+01
6.426463e-01 4.421021e-03 7.661502e-01 5.079383e+00 3.980965e-02 9.984399e-01 -3.915374e-02 -4.350079e-01 -7.651280e-01 5.566218e-02 6.414677e-01 1.237017e+01
6.139804e-01 3.570372e-03 7.893132e-01 5.838379e+00 4.143695e-02 9.984651e-01 -3.674887e-02 -4.821246e-01 -7.882328e-01 5.526982e-02 6.128901e-01 1.299967e+01
5.858333e-01 1.548218e-03 8.104301e-01 6.638305e+00 4.470774e-02 9.984137e-01 -3.422510e-02 -5.275385e-01 -8.091975e-01 5.628270e-02 5.848348e-01 1.358628e+01
5.574625e-01 1.881794e-03 8.302000e-01 7.452572e+00 4.566069e-02 9.984143e-01 -3.292331e-02 -5.695504e-01 -8.289455e-01 5.626101e-02 5.564926e-01 1.415270e+01
5.290592e-01 5.388857e-03 8.485678e-01 8.288730e+00 4.437667e-02 9.984359e-01 -3.400826e-02 -6.164835e-01 -8.474238e-01 5.564900e-02 5.279925e-01 1.470026e+01
5.026001e-01 7.059764e-03 8.644902e-01 9.169340e+00 4.551941e-02 9.983635e-01 -3.461725e-02 -6.503271e-01 -8.633198e-01 5.674972e-02 5.014563e-01 1.520491e+01
4.750633e-01 6.588224e-03 8.799269e-01 1.006256e+01 4.810277e-02 9.982823e-01 -3.344456e-02 -7.021190e-01 -8.786358e-01 5.821521e-02 4.739304e-01 1.570921e+01
4.475810e-01 5.799592e-03 8.942246e-01 1.099406e+01 5.057888e-02 9.982140e-01 -3.178998e-02 -7.541943e-01 -8.928118e-01 5.945747e-02 4.464883e-01 1.616728e+01
4.195812e-01 5.635470e-03 9.077003e-01 1.194071e+01 4.997185e-02 9.983208e-01 -2.929740e-02 -8.015257e-01 -9.063412e-01 5.765210e-02 4.185951e-01 1.662549e+01
3.916611e-01 5.179919e-03 9.200950e-01 1.290709e+01 5.115447e-02 9.983149e-01 -2.739544e-02 -8.423119e-01 -9.186864e-01 5.779670e-02 3.907362e-01 1.706940e+01
3.661489e-01 4.484505e-03 9.305455e-01 1.390963e+01 5.455698e-02 9.981648e-01 -2.627733e-02 -8.830559e-01 -9.289556e-01 6.038917e-02 3.652323e-01 1.746293e+01
3.425882e-01 3.508160e-03 9.394791e-01 1.493140e+01 5.922780e-02 9.979232e-01 -2.532426e-02 -9.259860e-01 -9.376169e-01 6.431908e-02 3.416689e-01 1.784687e+01
3.213433e-01 2.540109e-03 9.469594e-01 1.598008e+01 6.379041e-02 9.976669e-01 -2.432291e-02 -9.594744e-01 -9.448118e-01 6.822293e-02 3.204316e-01 1.819041e+01
3.020868e-01 2.909889e-04 9.532804e-01 1.704536e+01 7.054594e-02 9.972511e-01 -2.265984e-02 -1.001166e+00 -9.506665e-01 7.409530e-02 3.012358e-01 1.852112e+01
2.849638e-01 -1.519406e-03 9.585371e-01 1.812899e+01 7.479761e-02 9.969848e-01 -2.065625e-02 -1.028366e+00 -9.556155e-01 7.758257e-02 2.842182e-01 1.883842e+01
2.693268e-01 -2.179656e-03 9.630464e-01 1.921239e+01 7.843157e-02 9.967253e-01 -1.967840e-02 -1.053864e+00 -9.598498e-01 8.083316e-02 2.686158e-01 1.917702e+01
2.557128e-01 -3.682107e-03 9.667458e-01 2.031543e+01 8.137594e-02 9.965258e-01 -1.772913e-02 -1.090468e+00 -9.633218e-01 8.320341e-02 2.551241e-01 1.947283e+01
2.427397e-01 -4.723023e-03 9.700800e-01 2.142658e+01 8.156805e-02 9.965463e-01 -1.555861e-02 -1.118239e+00 -9.666561e-01 8.290423e-02 2.422866e-01 1.976598e+01
2.308364e-01 -4.321552e-03 9.729830e-01 2.255912e+01 8.139393e-02 9.965709e-01 -1.488407e-02 -1.141291e+00 -9.695822e-01 8.263070e-02 2.303965e-01 2.002307e+01
2.205172e-01 -1.659948e-03 9.753817e-01 2.371191e+01 8.268818e-02 9.964305e-01 -1.699862e-02 -1.175203e+00 -9.718718e-01 8.440102e-02 2.198673e-01 2.027279e+01
2.109055e-01 1.443436e-03 9.775054e-01 2.488804e+01 8.379101e-02 9.962916e-01 -1.954984e-02 -1.209964e+00 -9.739086e-01 8.602933e-02 2.100024e-01 2.052620e+01
2.022306e-01 3.635982e-03 9.793312e-01 2.609154e+01 8.573829e-02 9.960878e-01 -2.140303e-02 -1.239230e+00 -9.755776e-01 8.829453e-02 2.011276e-01 2.076827e+01
1.944619e-01 4.640184e-03 9.808991e-01 2.731840e+01 8.568261e-02 9.960862e-01 -2.169848e-02 -1.272802e+00 -9.771607e-01 8.826552e-02 1.933032e-01 2.101517e+01
1.890567e-01 5.565288e-03 9.819504e-01 2.856689e+01 8.565218e-02 9.960792e-01 -2.213613e-02 -1.296733e+00 -9.782235e-01 8.829117e-02 1.878387e-01 2.124297e+01
1.859019e-01 6.806519e-03 9.825447e-01 2.984973e+01 8.704052e-02 9.959307e-01 -2.336770e-02 -1.324583e+00 -9.787055e-01 8.986530e-02 1.845529e-01 2.141748e+01
1.836169e-01 8.722854e-03 9.829592e-01 3.115299e+01 8.585580e-02 9.959970e-01 -2.487643e-02 -1.358468e+00 -9.792413e-01 8.896048e-02 1.821330e-01 2.159673e+01
1.794149e-01 9.122424e-03 9.837312e-01 3.246511e+01 8.596651e-02 9.959865e-01 -2.491482e-02 -1.401556e+00 -9.800102e-01 8.903803e-02 1.779106e-01 2.187229e+01
1.780484e-01 8.488538e-03 9.839851e-01 3.381160e+01 8.553566e-02 9.960443e-01 -2.406992e-02 -1.427288e+00 -9.802971e-01 8.845143e-02 1.766180e-01 2.209443e+01
1.758672e-01 6.347503e-03 9.843934e-01 3.517557e+01 8.616477e-02 9.960420e-01 -2.181642e-02 -1.462051e+00 -9.806357e-01 8.865683e-02 1.746242e-01 2.232660e+01
1.747872e-01 4.807881e-03 9.845945e-01 3.656318e+01 8.550069e-02 9.961365e-01 -2.004250e-02 -1.495910e+00 -9.808869e-01 8.768668e-02 1.737009e-01 2.254411e+01
1.720008e-01 5.204392e-03 9.850831e-01 3.796552e+01 8.744377e-02 9.959579e-01 -2.053000e-02 -1.519228e+00 -9.812081e-01 8.967056e-02 1.708505e-01 2.279374e+01
1.712974e-01 4.863129e-03 9.852074e-01 3.939340e+01 8.609361e-02 9.960886e-01 -1.988589e-02 -1.550094e+00 -9.814505e-01 8.822646e-02 1.702087e-01 2.303367e+01
1.711488e-01 5.529188e-03 9.852297e-01 4.083749e+01 8.751430e-02 9.959463e-01 -2.079184e-02 -1.581531e+00 -9.813508e-01 8.978019e-02 1.699711e-01 2.327227e+01
1.707198e-01 6.180822e-03 9.853002e-01 4.230405e+01 8.598310e-02 9.960722e-01 -2.114641e-02 -1.606449e+00 -9.815608e-01 8.832929e-02 1.695178e-01 2.351620e+01
1.714924e-01 8.408752e-03 9.851496e-01 4.379146e+01 8.538257e-02 9.960742e-01 -2.336518e-02 -1.627086e+00 -9.814786e-01 8.812155e-02 1.701012e-01 2.377924e+01
1.724755e-01 8.210819e-03 9.849796e-01 4.529646e+01 8.561884e-02 9.960556e-01 -2.329549e-02 -1.668541e+00 -9.812857e-01 8.835072e-02 1.710922e-01 2.405226e+01
1.738298e-01 7.468757e-03 9.847474e-01 4.682151e+01 8.567273e-02 9.960652e-01 -2.267774e-02 -1.709320e+00 -9.810420e-01 8.830807e-02 1.725059e-01 2.433674e+01
1.758248e-01 8.163445e-03 9.843876e-01 4.836838e+01 8.727232e-02 9.958990e-01 -2.384691e-02 -1.753796e+00 -9.805453e-01 9.010267e-02 1.743913e-01 2.459593e+01
1.773278e-01 9.072078e-03 9.841100e-01 4.994547e+01 8.777750e-02 9.958264e-01 -2.499681e-02 -1.792178e+00 -9.802295e-01 9.081534e-02 1.757914e-01 2.485235e+01
1.791118e-01 9.621617e-03 9.837817e-01 5.153293e+01 8.956903e-02 9.956400e-01 -2.604494e-02 -1.830226e+00 -9.797430e-01 9.278133e-02 1.774691e-01 2.514726e+01
1.812972e-01 9.911589e-03 9.833784e-01 5.314550e+01 9.005180e-02 9.955808e-01 -2.663667e-02 -1.866788e+00 -9.792967e-01 9.338415e-02 1.796034e-01 2.541438e+01
1.822723e-01 7.694955e-03 9.832180e-01 5.476914e+01 9.289477e-02 9.953617e-01 -2.501114e-02 -1.919452e+00 -9.788500e-01 9.589464e-02 1.807121e-01 2.570637e+01
1.825955e-01 5.012703e-03 9.831753e-01 5.639082e+01 9.531849e-02 9.951862e-01 -2.277651e-02 -1.975556e+00 -9.785567e-01 9.787368e-02 1.812387e-01 2.605564e+01
1.835579e-01 5.543265e-03 9.829933e-01 5.804426e+01 9.630617e-02 9.950721e-01 -2.359498e-02 -2.024643e+00 -9.782799e-01 9.899936e-02 1.821195e-01 2.633256e+01
1.840686e-01 6.631328e-03 9.828910e-01 5.970455e+01 9.816765e-02 9.948534e-01 -2.509615e-02 -2.075994e+00 -9.779989e-01 1.011075e-01 1.824703e-01 2.664728e+01
1.845453e-01 6.773462e-03 9.828007e-01 6.138008e+01 9.660452e-02 9.950089e-01 -2.499750e-02 -2.113625e+00 -9.780647e-01 9.955616e-02 1.829698e-01 2.696083e+01
1.845743e-01 6.280398e-03 9.827985e-01 6.307192e+01 9.810332e-02 9.948676e-01 -2.478180e-02 -2.181063e+00 -9.779100e-01 1.009899e-01 1.830109e-01 2.729537e+01
1.850062e-01 5.433670e-03 9.827223e-01 6.478271e+01 9.849150e-02 9.948474e-01 -2.404261e-02 -2.227798e+00 -9.777894e-01 1.012378e-01 1.835177e-01 2.759989e+01
1.843692e-01 5.848334e-03 9.828397e-01 6.650961e+01 9.877744e-02 9.948092e-01 -2.444905e-02 -2.254449e+00 -9.778809e-01 1.015900e-01 1.828345e-01 2.791349e+01
1.844461e-01 6.203120e-03 9.828231e-01 6.825635e+01 9.846464e-02 9.948325e-01 -2.475775e-02 -2.279432e+00 -9.778979e-01 1.013398e-01 1.828822e-01 2.820778e+01
1.840391e-01 6.800265e-03 9.828954e-01 7.000365e+01 9.839867e-02 9.948252e-01 -2.530715e-02 -2.341697e+00 -9.779812e-01 1.013731e-01 1.824177e-01 2.855045e+01
1.829005e-01 7.331337e-03 9.831041e-01 7.176800e+01 9.803196e-02 9.948525e-01 -2.565719e-02 -2.407673e+00 -9.782316e-01 1.010683e-01 1.812403e-01 2.888125e+01
1.821838e-01 9.075029e-03 9.832226e-01 7.354759e+01 9.757904e-02 9.948543e-01 -2.726305e-02 -2.440859e+00 -9.784107e-01 1.009088e-01 1.803608e-01 2.921412e+01
1.808926e-01 9.448387e-03 9.834575e-01 7.534585e+01 9.715461e-02 9.948913e-01 -2.742841e-02 -2.515927e+00 -9.786924e-01 1.005090e-01 1.790506e-01 2.955627e+01
1.806379e-01 8.724248e-03 9.835110e-01 7.716129e+01 9.582752e-02 9.950471e-01 -2.642687e-02 -2.577293e+00 -9.788703e-01 9.902112e-02 1.789072e-01 2.986948e+01
1.795602e-01 8.110350e-03 9.837136e-01 7.899415e+01 9.587333e-02 9.950616e-01 -2.570396e-02 -2.649624e+00 -9.790641e-01 9.892730e-02 1.778959e-01 3.017953e+01
1.782747e-01 7.479928e-03 9.839523e-01 8.083021e+01 9.377500e-02 9.952905e-01 -2.455648e-02 -2.717207e+00 -9.795021e-01 9.664793e-02 1.767337e-01 3.053686e+01
1.764078e-01 8.126101e-03 9.842836e-01 8.268684e+01 9.447466e-02 9.952096e-01 -2.514848e-02 -2.786799e+00 -9.797728e-01 9.742624e-02 1.747950e-01 3.088740e+01
1.738913e-01 9.328363e-03 9.847207e-01 8.456211e+01 9.356976e-02 9.952744e-01 -2.595178e-02 -2.852134e+00 -9.803094e-01 9.665287e-02 1.721968e-01 3.120858e+01
1.696519e-01 1.039849e-02 9.854492e-01 8.644420e+01 9.414881e-02 9.951998e-01 -2.670974e-02 -2.899300e+00 -9.809966e-01 9.731022e-02 1.678585e-01 3.155952e+01
1.643096e-01 1.029328e-02 9.863551e-01 8.833379e+01 9.197538e-02 9.954293e-01 -2.570948e-02 -2.964142e+00 -9.821114e-01 9.494470e-02 1.626119e-01 3.192375e+01
1.596192e-01 1.040926e-02 9.871238e-01 9.024025e+01 9.035383e-02 9.955932e-01 -2.510891e-02 -3.017564e+00 -9.830350e-01 9.319828e-02 1.579753e-01 3.222594e+01
1.549560e-01 1.113536e-02 9.878586e-01 9.215776e+01 8.998967e-02 9.956203e-01 -2.533868e-02 -3.101912e+00 -9.838143e-01 9.282345e-02 1.532752e-01 3.254144e+01
1.507632e-01 1.363589e-02 9.884759e-01 9.409007e+01 9.115922e-02 9.954528e-01 -2.763582e-02 -3.145111e+00 -9.843579e-01 9.427515e-02 1.488346e-01 3.282608e+01
1.474921e-01 1.500142e-02 9.889495e-01 9.604061e+01 9.143821e-02 9.953960e-01 -2.873633e-02 -3.218472e+00 -9.848275e-01 9.466615e-02 1.454414e-01 3.307705e+01
1.400118e-01 1.648054e-02 9.900127e-01 9.798615e+01 8.936314e-02 9.955707e-01 -2.921118e-02 -3.270000e+00 -9.861090e-01 9.256055e-02 1.379189e-01 3.343746e+01
1.336553e-01 1.672945e-02 9.908867e-01 9.995280e+01 8.720287e-02 9.957807e-01 -2.857440e-02 -3.343604e+00 -9.871838e-01 9.022728e-02 1.316325e-01 3.373162e+01
1.266941e-01 1.722521e-02 9.917923e-01 1.019322e+02 8.513626e-02 9.959709e-01 -2.817331e-02 -3.396682e+00 -9.882815e-01 8.800687e-02 1.247172e-01 3.402138e+01
1.201708e-01 1.746734e-02 9.925996e-01 1.039181e+02 8.481606e-02 9.960089e-01 -2.779574e-02 -3.453907e+00 -9.891235e-01 8.752862e-02 1.182097e-01 3.432115e+01
1.126251e-01 1.768136e-02 9.934802e-01 1.059135e+02 8.443313e-02 9.960551e-01 -2.729887e-02 -3.508315e+00 -9.900438e-01 8.695718e-02 1.106879e-01 3.460466e+01
1.069507e-01 1.942582e-02 9.940745e-01 1.079258e+02 8.510050e-02 9.959613e-01 -2.861850e-02 -3.574962e+00 -9.906157e-01 8.765701e-02 1.048656e-01 3.483115e+01
1.020877e-01 2.083896e-02 9.945571e-01 1.099549e+02 8.492966e-02 9.959476e-01 -2.958581e-02 -3.647068e+00 -9.911433e-01 8.748774e-02 9.990412e-02 3.504579e+01
9.570102e-02 2.178244e-02 9.951718e-01 1.119934e+02 8.596373e-02 9.958446e-01 -3.006390e-02 -3.680249e+00 -9.916913e-01 8.842582e-02 9.343084e-02 3.525728e+01
9.056642e-02 2.212675e-02 9.956446e-01 1.140438e+02 8.552777e-02 9.958867e-01 -2.991196e-02 -3.752010e+00 -9.922110e-01 8.786428e-02 8.830144e-02 3.536580e+01
8.534263e-02 2.354149e-02 9.960735e-01 1.161045e+02 8.507215e-02 9.958978e-01 -3.082624e-02 -3.819038e+00 -9.927131e-01 8.736891e-02 8.298981e-02 3.553774e+01
7.951874e-02 2.437285e-02 9.965354e-01 1.181716e+02 8.401881e-02 9.959799e-01 -3.106356e-02 -3.898676e+00 -9.932863e-01 8.619785e-02 7.715129e-02 3.569804e+01
7.483974e-02 2.252215e-02 9.969412e-01 1.202548e+02 8.481714e-02 9.959783e-01 -2.886756e-02 -3.995522e+00 -9.935819e-01 8.671814e-02 7.262849e-02 3.582248e+01
7.073659e-02 2.186385e-02 9.972554e-01 1.223388e+02 8.768478e-02 9.957533e-01 -2.805051e-02 -4.072448e+00 -9.936336e-01 8.942832e-02 6.851907e-02 3.601191e+01
6.709904e-02 2.197427e-02 9.975043e-01 1.244402e+02 8.677437e-02 9.958407e-01 -2.777467e-02 -4.124245e+00 -9.939658e-01 8.842147e-02 6.491316e-02 3.613844e+01
6.434699e-02 2.207657e-02 9.976834e-01 1.265516e+02 8.873555e-02 9.956684e-01 -2.775511e-02 -4.213056e+00 -9.939746e-01 9.031594e-02 6.210929e-02 3.619026e+01
6.222517e-02 2.217199e-02 9.978158e-01 1.286784e+02 8.802756e-02 9.957352e-01 -2.761528e-02 -4.293934e+00 -9.941726e-01 8.955366e-02 6.000805e-02 3.625501e+01
6.032210e-02 2.324359e-02 9.979083e-01 1.308038e+02 8.696934e-02 9.958046e-01 -2.845176e-02 -4.364447e+00 -9.943830e-01 8.850369e-02 5.804754e-02 3.632456e+01
5.558852e-02 2.447393e-02 9.981538e-01 1.329401e+02 8.518473e-02 9.959383e-01 -2.916366e-02 -4.426214e+00 -9.948133e-01 8.664862e-02 5.327793e-02 3.647420e+01
5.085532e-02 2.458423e-02 9.984034e-01 1.350883e+02 8.407903e-02 9.960426e-01 -2.880880e-02 -4.497779e+00 -9.951605e-01 8.540987e-02 4.858704e-02 3.658781e+01
4.637104e-02 2.472388e-02 9.986183e-01 1.372373e+02 8.427054e-02 9.960332e-01 -2.857300e-02 -4.594753e+00 -9.953634e-01 8.547906e-02 4.410360e-02 3.671484e+01
4.207871e-02 2.514383e-02 9.987979e-01 1.394016e+02 8.318968e-02 9.961238e-01 -2.858124e-02 -4.663231e+00 -9.956449e-01 8.429234e-02 3.982389e-02 3.676094e+01
3.643882e-02 2.519737e-02 9.990182e-01 1.415786e+02 8.230899e-02 9.962098e-01 -2.812872e-02 -4.739798e+00 -9.959405e-01 8.325315e-02 3.422674e-02 3.690702e+01
3.457282e-02 2.414690e-02 9.991104e-01 1.437560e+02 8.343726e-02 9.961482e-01 -2.696254e-02 -4.834309e+00 -9.959131e-01 8.429521e-02 3.242491e-02 3.698042e+01
3.289220e-02 2.423749e-02 9.991650e-01 1.459481e+02 8.586342e-02 9.959414e-01 -2.698589e-02 -4.923001e+00 -9.957638e-01 8.667935e-02 3.067759e-02 3.699683e+01
3.040330e-02 2.475547e-02 9.992311e-01 1.481477e+02 8.698954e-02 9.958346e-01 -2.731813e-02 -4.990962e+00 -9.957452e-01 8.775322e-02 2.812319e-02 3.699868e+01
2.791740e-02 2.577179e-02 9.992780e-01 1.503506e+02 8.945552e-02 9.955922e-01 -2.817591e-02 -5.087795e+00 -9.955995e-01 9.017753e-02 2.548891e-02 3.705442e+01
2.367973e-02 2.707492e-02 9.993529e-01 1.525698e+02 8.879518e-02 9.956254e-01 -2.907794e-02 -5.170674e+00 -9.957684e-01 8.942628e-02 2.117202e-02 3.714522e+01
1.987051e-02 2.836041e-02 9.994002e-01 1.547954e+02 8.932255e-02 9.955500e-01 -3.002710e-02 -5.225838e+00 -9.958045e-01 8.986564e-02 1.724886e-02 3.722964e+01
1.632816e-02 2.922535e-02 9.994395e-01 1.570291e+02 8.954138e-02 9.955137e-01 -3.057343e-02 -5.313035e+00 -9.958493e-01 8.999040e-02 1.363803e-02 3.729622e+01
1.481793e-02 2.931627e-02 9.994603e-01 1.592722e+02 9.119977e-02 9.953640e-01 -3.054823e-02 -5.407220e+00 -9.957224e-01 9.160322e-02 1.207560e-02 3.733611e+01
1.092841e-02 2.950506e-02 9.995049e-01 1.615253e+02 9.137511e-02 9.953530e-01 -3.038158e-02 -5.487023e+00 -9.957566e-01 9.166189e-02 8.181596e-03 3.740006e+01
9.176148e-03 2.947887e-02 9.995233e-01 1.637859e+02 9.426864e-02 9.950882e-01 -3.021350e-02 -5.575822e+00 -9.955045e-01 9.450094e-02 6.352144e-03 3.735429e+01
5.839764e-03 2.909957e-02 9.995595e-01 1.660540e+02 9.645097e-02 9.948997e-01 -2.952741e-02 -5.661392e+00 -9.953206e-01 9.658091e-02 3.003298e-03 3.739697e+01
2.765688e-03 2.848944e-02 9.995903e-01 1.683319e+02 9.764133e-02 9.948100e-01 -2.862336e-02 -5.761530e+00 -9.952178e-01 9.768049e-02 -3.041352e-05 3.745836e+01
-3.071460e-04 2.792113e-02 9.996101e-01 1.706173e+02 9.755767e-02 9.948427e-01 -2.775799e-02 -5.850086e+00 -9.952298e-01 9.751110e-02 -3.029482e-03 3.745500e+01
-1.371008e-03 2.825385e-02 9.995998e-01 1.729091e+02 9.627453e-02 9.949612e-01 -2.799069e-02 -5.942314e+00 -9.953539e-01 9.619763e-02 -4.084226e-03 3.739846e+01
-4.436946e-03 3.045491e-02 9.995263e-01 1.752126e+02 9.535573e-02 9.949943e-01 -2.989353e-02 -6.032027e+00 -9.954334e-01 9.517792e-02 -7.318786e-03 3.738177e+01
-8.418866e-03 3.262536e-02 9.994322e-01 1.775251e+02 9.567374e-02 9.949088e-01 -3.167177e-02 -6.139108e+00 -9.953771e-01 9.535278e-02 -1.149739e-02 3.737676e+01
-1.134965e-02 3.416267e-02 9.993518e-01 1.798416e+02 9.495774e-02 9.949364e-01 -3.293329e-02 -6.217820e+00 -9.954166e-01 9.452241e-02 -1.453619e-02 3.729936e+01
-1.597543e-02 3.477464e-02 9.992675e-01 1.821621e+02 9.402091e-02 9.950190e-01 -3.312367e-02 -6.354031e+00 -9.954420e-01 9.342288e-02 -1.916540e-02 3.733333e+01
-2.116254e-02 3.545437e-02 9.991472e-01 1.845036e+02 9.474885e-02 9.949442e-01 -3.329839e-02 -6.427634e+00 -9.952762e-01 9.396337e-02 -2.441481e-02 3.733353e+01
-2.465344e-02 3.494348e-02 9.990852e-01 1.868508e+02 9.517286e-02 9.949317e-01 -3.244972e-02 -6.526104e+00 -9.951554e-01 9.428580e-02 -2.785416e-02 3.733790e+01
-2.653161e-02 3.408363e-02 9.990668e-01 1.891993e+02 9.666602e-02 9.948223e-01 -3.137172e-02 -6.644851e+00 -9.949632e-01 9.574346e-02 -2.968897e-02 3.726718e+01
-3.007451e-02 3.378062e-02 9.989767e-01 1.915634e+02 9.875366e-02 9.946394e-01 -3.066094e-02 -6.769968e+00 -9.946573e-01 9.773049e-02 -3.324925e-02 3.725385e+01
-3.261607e-02 3.393120e-02 9.988918e-01 1.939121e+02 9.833074e-02 9.946839e-01 -3.057754e-02 -6.875513e+00 -9.946192e-01 9.722445e-02 -3.577916e-02 3.721999e+01
-3.681030e-02 3.429770e-02 9.987335e-01 1.962889e+02 9.905432e-02 9.946143e-01 -3.050540e-02 -7.007105e+00 -9.944009e-01 9.780595e-02 -4.000939e-02 3.720609e+01
-4.057126e-02 3.433641e-02 9.985865e-01 1.986486e+02 9.996916e-02 9.945341e-01 -3.013545e-02 -7.132994e+00 -9.941630e-01 9.860522e-02 -4.378208e-02 3.714306e+01
-4.393028e-02 3.437166e-02 9.984431e-01 2.010235e+02 1.020199e-01 9.943377e-01 -2.974157e-02 -7.256591e+00 -9.938119e-01 1.005545e-01 -4.718812e-02 3.710374e+01
-4.667794e-02 3.336135e-02 9.983527e-01 2.034036e+02 1.037041e-01 9.942034e-01 -2.837401e-02 -7.370080e+00 -9.935123e-01 1.022088e-01 -4.986707e-02 3.704862e+01
-4.840457e-02 3.215914e-02 9.983100e-01 2.057829e+02 1.050307e-01 9.941042e-01 -2.693109e-02 -7.468248e+00 -9.932903e-01 1.035497e-01 -5.149689e-02 3.689432e+01
-5.062783e-02 3.243276e-02 9.981908e-01 2.081610e+02 1.064294e-01 9.939564e-01 -2.689712e-02 -7.560377e+00 -9.930305e-01 1.048751e-01 -5.377366e-02 3.676479e+01
-5.324743e-02 3.347070e-02 9.980203e-01 2.105498e+02 1.062214e-01 9.939575e-01 -2.766721e-02 -7.644657e+00 -9.929158e-01 1.045379e-01 -5.648099e-02 3.664105e+01
-5.481811e-02 3.342561e-02 9.979367e-01 2.129506e+02 1.055526e-01 9.940335e-01 -2.749672e-02 -7.753538e+00 -9.929016e-01 1.038275e-01 -5.801920e-02 3.647509e+01
-5.808186e-02 3.535723e-02 9.976855e-01 2.153344e+02 1.057094e-01 9.939720e-01 -2.907159e-02 -7.827614e+00 -9.926994e-01 1.037762e-01 -6.146934e-02 3.640826e+01
-6.104865e-02 3.670619e-02 9.974596e-01 2.177288e+02 1.059121e-01 9.939200e-01 -3.009367e-02 -7.920347e+00 -9.924997e-01 1.038059e-01 -6.456510e-02 3.629970e+01
-6.353678e-02 3.765993e-02 9.972687e-01 2.201250e+02 1.045222e-01 9.940431e-01 -3.087893e-02 -8.015996e+00 -9.924909e-01 1.022748e-01 -6.709460e-02 3.614961e+01
-6.628049e-02 3.863384e-02 9.970528e-01 2.225157e+02 1.051683e-01 9.939547e-01 -3.152258e-02 -8.088115e+00 -9.922432e-01 1.027691e-01 -6.994287e-02 3.593347e+01
-6.650141e-02 3.762882e-02 9.970765e-01 2.249076e+02 1.073604e-01 9.937570e-01 -3.034299e-02 -8.192197e+00 -9.919936e-01 1.050287e-01 -7.012609e-02 3.568869e+01
-6.626615e-02 3.683829e-02 9.971217e-01 2.273054e+02 1.088024e-01 9.936262e-01 -2.947842e-02 -8.263051e+00 -9.918522e-01 1.065358e-01 -6.985188e-02 3.552243e+01
-6.504071e-02 3.614331e-02 9.972278e-01 2.296965e+02 1.085903e-01 9.936655e-01 -2.893178e-02 -8.359449e+00 -9.919566e-01 1.064075e-01 -6.855352e-02 3.529365e+01
-6.412394e-02 3.684085e-02 9.972617e-01 2.320940e+02 1.089199e-01 9.936067e-01 -2.970227e-02 -8.447849e+00 -9.919801e-01 1.067170e-01 -6.772668e-02 3.505512e+01
-6.381778e-02 3.624458e-02 9.973032e-01 2.344869e+02 1.093708e-01 9.935747e-01 -2.911040e-02 -8.524740e+00 -9.919503e-01 1.072180e-01 -6.737182e-02 3.479890e+01
-6.357303e-02 3.620212e-02 9.973203e-01 2.368809e+02 1.106477e-01 9.934363e-01 -2.900802e-02 -8.621747e+00 -9.918244e-01 1.085071e-01 -6.716144e-02 3.455022e+01
-6.250824e-02 3.584774e-02 9.974005e-01 2.392774e+02 1.107534e-01 9.934316e-01 -2.876405e-02 -8.736971e+00 -9.918802e-01 1.086675e-01 -6.606792e-02 3.436812e+01
-6.120905e-02 3.489616e-02 9.975148e-01 2.416634e+02 1.116525e-01 9.933556e-01 -2.789949e-02 -8.821374e+00 -9.918605e-01 1.096673e-01 -6.469860e-02 3.409099e+01
-6.461934e-02 3.572955e-02 9.972701e-01 2.440565e+02 1.107462e-01 9.934424e-01 -2.841648e-02 -8.826596e+00 -9.917457e-01 1.086076e-01 -6.815250e-02 3.385963e+01
-7.038173e-02 3.589497e-02 9.968741e-01 2.464542e+02 1.098719e-01 9.935508e-01 -2.801808e-02 -8.929677e+00 -9.914507e-01 1.075565e-01 -7.387167e-02 3.375946e+01
-7.579640e-02 3.812553e-02 9.963942e-01 2.488589e+02 1.110496e-01 9.933751e-01 -2.956239e-02 -8.987333e+00 -9.909202e-01 1.084085e-01 -7.952808e-02 3.370934e+01
-7.884676e-02 3.863121e-02 9.961380e-01 2.512479e+02 1.117019e-01 9.932984e-01 -2.967962e-02 -9.067988e+00 -9.906088e-01 1.089303e-01 -8.263355e-02 3.352051e+01
-8.370023e-02 3.928695e-02 9.957162e-01 2.536516e+02 1.115957e-01 9.933065e-01 -2.981110e-02 -9.139686e+00 -9.902225e-01 1.086224e-01 -8.752423e-02 3.341339e+01
-8.912219e-02 3.983480e-02 9.952238e-01 2.560580e+02 1.101090e-01 9.934695e-01 -2.990433e-02 -9.248338e+00 -9.899158e-01 1.069180e-01 -9.292635e-02 3.329630e+01
-9.410141e-02 3.953769e-02 9.947772e-01 2.584638e+02 1.104937e-01 9.934527e-01 -2.903285e-02 -9.354156e+00 -9.894120e-01 1.071846e-01 -9.785396e-02 3.314548e+01
-9.707038e-02 3.986263e-02 9.944789e-01 2.608639e+02 1.108308e-01 9.934160e-01 -2.900190e-02 -9.438921e+00 -9.890874e-01 1.074037e-01 -1.008493e-01 3.286613e+01
-9.959440e-02 4.107972e-02 9.941798e-01 2.632555e+02 1.115935e-01 9.933051e-01 -2.986443e-02 -9.476383e+00 -9.887507e-01 1.079696e-01 -1.035119e-01 3.253396e+01
-1.026602e-01 4.343975e-02 9.937675e-01 2.656702e+02 1.133251e-01 9.930521e-01 -3.170153e-02 -9.511423e+00 -9.882400e-01 1.093643e-01 -1.068698e-01 3.219925e+01
-1.055415e-01 4.409994e-02 9.934366e-01 2.680663e+02 1.142207e-01 9.929417e-01 -3.194330e-02 -9.588088e+00 -9.878333e-01 1.100997e-01 -1.098336e-01 3.190039e+01
-1.089997e-01 4.632954e-02 9.929615e-01 2.704883e+02 1.163092e-01 9.926463e-01 -3.354729e-02 -9.663374e+00 -9.872139e-01 1.118339e-01 -1.135867e-01 3.162776e+01
-1.111410e-01 4.873898e-02 9.926088e-01 2.729193e+02 1.181092e-01 9.923657e-01 -3.550251e-02 -9.741982e+00 -9.867613e-01 1.132905e-01 -1.160491e-01 3.130976e+01
-1.130251e-01 4.941660e-02 9.923625e-01 2.753523e+02 1.200503e-01 9.921246e-01 -3.573162e-02 -9.841580e+00 -9.863130e-01 1.150949e-01 -1.180675e-01 3.100260e+01
-1.171475e-01 5.085355e-02 9.918117e-01 2.778060e+02 1.190702e-01 9.922033e-01 -3.680969e-02 -9.915536e+00 -9.859507e-01 1.137830e-01 -1.222892e-01 3.067705e+01
-1.211772e-01 5.165096e-02 9.912862e-01 2.802651e+02 1.177383e-01 9.923434e-01 -3.731343e-02 -9.999414e+00 -9.856235e-01 1.121909e-01 -1.263307e-01 3.036675e+01
-1.247011e-01 5.335523e-02 9.907587e-01 2.827436e+02 1.190171e-01 9.921474e-01 -3.845003e-02 -1.009492e+01 -9.850302e-01 1.131224e-01 -1.300720e-01 3.000942e+01
-1.276224e-01 5.365071e-02 9.903707e-01 2.852068e+02 1.183190e-01 9.922288e-01 -3.850440e-02 -1.022454e+01 -9.847401e-01 1.122656e-01 -1.329786e-01 2.966786e+01
-1.305818e-01 5.526591e-02 9.898960e-01 2.876947e+02 1.170714e-01 9.923193e-01 -3.995777e-02 -1.031133e+01 -9.845012e-01 1.106708e-01 -1.360489e-01 2.934769e+01
-1.335755e-01 5.545218e-02 9.894861e-01 2.902027e+02 1.186229e-01 9.921499e-01 -3.958800e-02 -1.041772e+01 -9.839137e-01 1.120877e-01 -1.391048e-01 2.902343e+01
-1.358682e-01 5.522441e-02 9.891866e-01 2.927152e+02 1.209526e-01 9.919012e-01 -3.876270e-02 -1.053761e+01 -9.833160e-01 1.143780e-01 -1.414474e-01 2.868800e+01
-1.364780e-01 5.582290e-02 9.890690e-01 2.952321e+02 1.234277e-01 9.915895e-01 -3.893382e-02 -1.065147e+01 -9.829239e-01 1.167649e-01 -1.422203e-01 2.827572e+01
-1.379418e-01 5.673020e-02 9.888143e-01 2.977565e+02 1.234976e-01 9.915521e-01 -3.965909e-02 -1.073735e+01 -9.827107e-01 1.166455e-01 -1.437825e-01 2.787408e+01
-1.397583e-01 5.761182e-02 9.885082e-01 3.003007e+02 1.241813e-01 9.914438e-01 -4.022578e-02 -1.082268e+01 -9.823679e-01 1.171323e-01 -1.457168e-01 2.747182e+01
-1.423013e-01 5.760489e-02 9.881457e-01 3.028464e+02 1.268064e-01 9.911400e-01 -3.951826e-02 -1.095628e+01 -9.816672e-01 1.196797e-01 -1.483452e-01 2.710591e+01
-1.448058e-01 5.711759e-02 9.878101e-01 3.054099e+02 1.276950e-01 9.910626e-01 -3.858650e-02 -1.109499e+01 -9.811856e-01 1.205509e-01 -1.508052e-01 2.673945e+01
-1.466915e-01 5.933388e-02 9.874012e-01 3.079737e+02 1.260184e-01 9.911869e-01 -4.083966e-02 -1.115744e+01 -9.811223e-01 1.184399e-01 -1.528759e-01 2.630392e+01
-1.491684e-01 6.226197e-02 9.868497e-01 3.105546e+02 1.263699e-01 9.910323e-01 -4.342427e-02 -1.129518e+01 -9.807035e-01 1.182305e-01 -1.556987e-01 2.590852e+01
-1.528939e-01 6.173540e-02 9.863124e-01 3.131485e+02 1.244225e-01 9.913075e-01 -4.276062e-02 -1.142929e+01 -9.803788e-01 1.161816e-01 -1.592461e-01 2.550377e+01
-1.577048e-01 6.086317e-02 9.856089e-01 3.157513e+02 1.212957e-01 9.917345e-01 -4.183322e-02 -1.153018e+01 -9.800084e-01 1.129529e-01 -1.637837e-01 2.507193e+01
-1.646113e-01 5.957314e-02 9.845578e-01 3.183633e+02 1.155540e-01 9.924657e-01 -4.073178e-02 -1.159866e+01 -9.795664e-01 1.070647e-01 -1.702550e-01 2.462461e+01
-1.695048e-01 5.830050e-02 9.838034e-01 3.209665e+02 1.115976e-01 9.929635e-01 -3.961559e-02 -1.168815e+01 -9.791905e-01 1.030750e-01 -1.748183e-01 2.409418e+01
-1.761410e-01 5.798701e-02 9.826555e-01 3.235966e+02 1.105672e-01 9.931116e-01 -3.878487e-02 -1.179844e+01 -9.781356e-01 1.018178e-01 -1.813391e-01 2.368083e+01
-1.804949e-01 5.938552e-02 9.817815e-01 3.262360e+02 1.135345e-01 9.927613e-01 -3.917700e-02 -1.190594e+01 -9.770013e-01 1.043948e-01 -1.859306e-01 2.323469e+01
-1.821343e-01 6.039110e-02 9.814173e-01 3.288547e+02 1.149035e-01 9.925809e-01 -3.975391e-02 -1.200399e+01 -9.765369e-01 1.055277e-01 -1.877222e-01 2.261687e+01
-1.855650e-01 6.003379e-02 9.807964e-01 3.314874e+02 1.153952e-01 9.925569e-01 -3.892108e-02 -1.212878e+01 -9.758328e-01 1.059568e-01 -1.911114e-01 2.207855e+01
-1.857714e-01 5.875350e-02 9.808349e-01 3.340942e+02 1.149121e-01 9.926601e-01 -3.769734e-02 -1.222022e+01 -9.758505e-01 1.057067e-01 -1.911594e-01 2.140716e+01
-1.868465e-01 5.838006e-02 9.806529e-01 3.367059e+02 1.166592e-01 9.924879e-01 -3.685721e-02 -1.236099e+01 -9.754379e-01 1.075156e-01 -1.922534e-01 2.076978e+01
-1.858880e-01 5.863485e-02 9.808199e-01 3.393178e+02 1.170666e-01 9.924293e-01 -3.714205e-02 -1.249436e+01 -9.755722e-01 1.079170e-01 -1.913449e-01 2.010291e+01
-1.912882e-01 5.867271e-02 9.797787e-01 3.419722e+02 1.171740e-01 9.924384e-01 -3.655422e-02 -1.260606e+01 -9.745148e-01 1.078122e-01 -1.967167e-01 1.961026e+01
-1.933557e-01 5.885915e-02 9.793616e-01 3.446000e+02 1.211311e-01 9.919942e-01 -3.570341e-02 -1.275718e+01 -9.736225e-01 1.117277e-01 -1.989374e-01 1.899747e+01
-1.953051e-01 5.889025e-02 9.789729e-01 3.472482e+02 1.223175e-01 9.918644e-01 -3.526340e-02 -1.285848e+01 -9.730850e-01 1.128584e-01 -2.009194e-01 1.845490e+01
-1.978780e-01 5.911134e-02 9.784427e-01 3.498914e+02 1.229782e-01 9.917903e-01 -3.504689e-02 -1.297712e+01 -9.724817e-01 1.133921e-01 -2.035229e-01 1.789396e+01
-2.001365e-01 5.812437e-02 9.780424e-01 3.525438e+02 1.246548e-01 9.916370e-01 -3.342422e-02 -1.310904e+01 -9.718058e-01 1.152282e-01 -2.057082e-01 1.732606e+01
-2.024002e-01 5.687749e-02 9.776498e-01 3.551875e+02 1.255631e-01 9.915793e-01 -3.169289e-02 -1.323235e+01 -9.712199e-01 1.163421e-01 -2.078375e-01 1.672016e+01
-2.046396e-01 5.710735e-02 9.771701e-01 3.578343e+02 1.241239e-01 9.917517e-01 -3.196541e-02 -1.334942e+01 -9.709356e-01 1.147488e-01 -2.100401e-01 1.612212e+01
-2.067299e-01 5.789550e-02 9.766836e-01 3.604812e+02 1.201789e-01 9.921910e-01 -3.337705e-02 -1.345686e+01 -9.709891e-01 1.104767e-01 -2.120734e-01 1.550487e+01
-2.099681e-01 5.886508e-02 9.759346e-01 3.631391e+02 1.180240e-01 9.924124e-01 -3.446662e-02 -1.356745e+01 -9.705585e-01 1.079468e-01 -2.153224e-01 1.495951e+01
-2.099355e-01 5.696370e-02 9.760544e-01 3.657832e+02 1.156626e-01 9.927382e-01 -3.305999e-02 -1.368226e+01 -9.708498e-01 1.059525e-01 -2.149995e-01 1.429433e+01
-2.130519e-01 5.590447e-02 9.754402e-01 3.684382e+02 1.172295e-01 9.926120e-01 -3.128380e-02 -1.379649e+01 -9.699825e-01 1.076853e-01 -2.180315e-01 1.371572e+01
-2.139917e-01 5.685721e-02 9.751794e-01 3.710772e+02 1.179201e-01 9.925076e-01 -3.199134e-02 -1.391330e+01 -9.696919e-01 1.081474e-01 -2.190930e-01 1.306803e+01
-2.166835e-01 5.695330e-02 9.745792e-01 3.737462e+02 1.180692e-01 9.924977e-01 -3.174948e-02 -1.402884e+01 -9.690758e-01 1.081882e-01 -2.217823e-01 1.249974e+01
-2.193605e-01 5.408527e-02 9.741436e-01 3.764015e+02 1.173379e-01 9.926775e-01 -2.869180e-02 -1.412636e+01 -9.685622e-01 1.080101e-01 -2.241005e-01 1.191384e+01
-2.207875e-01 5.203276e-02 9.739330e-01 3.790277e+02 1.152003e-01 9.929770e-01 -2.693466e-02 -1.425367e+01 -9.684946e-01 1.062505e-01 -2.252311e-01 1.121094e+01
-2.181587e-01 5.359268e-02 9.744407e-01 3.816523e+02 1.170262e-01 9.927227e-01 -2.839823e-02 -1.434458e+01 -9.688713e-01 1.078398e-01 -2.228429e-01 1.050517e+01
-2.194523e-01 5.542353e-02 9.740477e-01 3.843165e+02 1.194980e-01 9.923948e-01 -2.954467e-02 -1.442432e+01 -9.682773e-01 1.099131e-01 -2.244063e-01 9.957714e+00
-2.222580e-01 5.567752e-02 9.733968e-01 3.869728e+02 1.215662e-01 9.921598e-01 -2.899326e-02 -1.451181e+01 -9.673795e-01 1.118881e-01 -2.272839e-01 9.412475e+00
-2.243653e-01 5.519274e-02 9.729409e-01 3.896051e+02 1.215999e-01 9.921773e-01 -2.824241e-02 -1.461659e+01 -9.668887e-01 1.119729e-01 -2.293216e-01 8.744640e+00
-2.267556e-01 5.561539e-02 9.723625e-01 3.922564e+02 1.195667e-01 9.924061e-01 -2.887876e-02 -1.474143e+01 -9.665845e-01 1.097138e-01 -2.316834e-01 8.148431e+00
-2.316603e-01 5.629608e-02 9.711664e-01 3.948260e+02 1.091095e-01 9.935284e-01 -3.156556e-02 -1.479864e+01 -9.666585e-01 9.865101e-02 -2.363035e-01 7.349688e+00
-2.431586e-01 6.007195e-02 9.681246e-01 3.975091e+02 9.815083e-02 9.944814e-01 -3.705538e-02 -1.510745e+01 -9.650079e-01 8.601189e-02 -2.477128e-01 7.189731e+00
-2.592338e-01 6.286082e-02 9.637667e-01 4.000829e+02 1.027470e-01 9.940118e-01 -3.719665e-02 -1.562349e+01 -9.603337e-01 8.938154e-02 -2.641402e-01 7.853367e+00
-2.799676e-01 5.388477e-02 9.584960e-01 4.025430e+02 1.035454e-01 9.942939e-01 -2.565263e-02 -1.620192e+01 -9.544090e-01 9.206593e-02 -2.839496e-01 8.845876e+00
-2.807600e-01 4.310769e-02 9.588094e-01 4.051639e+02 1.003854e-01 9.948305e-01 -1.533218e-02 -1.624752e+01 -9.545138e-01 9.194581e-02 -2.836360e-01 8.137821e+00
-2.808560e-01 3.334975e-02 9.591703e-01 4.077377e+02 9.464534e-02 9.954871e-01 -6.899225e-03 -1.628567e+01 -9.550718e-01 8.884331e-02 -2.827450e-01 7.293795e+00
-2.809560e-01 2.935452e-02 9.592716e-01 4.102970e+02 9.040981e-02 9.958966e-01 -3.995619e-03 -1.629583e+01 -9.554527e-01 8.560497e-02 -2.824571e-01 6.434167e+00
-2.924903e-01 2.670292e-02 9.558956e-01 4.123836e+02 9.096322e-02 9.958543e-01 1.427608e-05 -1.710868e+01 -9.519323e-01 8.695552e-02 -2.937067e-01 7.929915e+00
-2.924625e-01 3.113776e-02 9.557699e-01 4.120169e+02 9.744826e-02 9.952372e-01 -2.604708e-03 -1.769978e+01 -9.512989e-01 9.237633e-02 -2.941039e-01 1.053347e+01
-2.869081e-01 3.955342e-02 9.571412e-01 4.123593e+02 1.030690e-01 9.946218e-01 -1.020682e-02 -1.697438e+01 -9.523972e-01 9.572315e-02 -2.894418e-01 7.958670e+00
-2.930002e-01 4.227518e-02 9.551773e-01 4.149753e+02 1.033734e-01 9.945665e-01 -1.230876e-02 -1.703492e+01 -9.505077e-01 9.513349e-02 -2.957783e-01 7.305474e+00
-3.051845e-01 4.223892e-02 9.513560e-01 4.175913e+02 1.037724e-01 9.945417e-01 -1.086728e-02 -1.708085e+01 -9.466223e-01 9.540793e-02 -3.079019e-01 6.663513e+00
-3.051845e-01 4.223892e-02 9.513560e-01 4.175913e+02 1.037724e-01 9.945417e-01 -1.086728e-02 -1.708085e+01 -9.466223e-01 9.540793e-02 -3.079019e-01 6.663513e+00
-3.310000e-01 3.493618e-02 9.429838e-01 4.201934e+02 1.006782e-01 9.949179e-01 -1.520873e-03 -1.749905e+01 -9.382446e-01 9.443447e-02 -3.328352e-01 7.177788e+00
-3.378448e-01 3.554053e-02 9.405306e-01 4.228707e+02 1.008422e-01 9.949015e-01 -1.371883e-03 -1.755312e+01 -9.357840e-01 9.438172e-02 -3.397063e-01 6.840287e+00
-3.442207e-01 3.635706e-02 9.381846e-01 4.254880e+02 1.015283e-01 9.948318e-01 -1.301460e-03 -1.759908e+01 -9.333832e-01 9.480433e-02 -3.461329e-01 6.215737e+00
-3.476740e-01 3.595942e-02 9.369257e-01 4.280319e+02 1.000690e-01 9.949799e-01 -1.053992e-03 -1.764370e+01 -9.322601e-01 9.339078e-02 -3.495271e-01 5.329576e+00
-3.531621e-01 3.458529e-02 9.349227e-01 4.305959e+02 1.002399e-01 9.949627e-01 1.058770e-03 -1.766511e+01 -9.301766e-01 9.409052e-02 -3.548499e-01 4.500800e+00
-3.589107e-01 3.347710e-02 9.327713e-01 4.331243e+02 1.019648e-01 9.947817e-01 3.531259e-03 -1.767362e+01 -9.277857e-01 9.637727e-02 -3.604513e-01 3.599450e+00
-3.615579e-01 3.205779e-02 9.317984e-01 4.356557e+02 1.033313e-01 9.946296e-01 5.875326e-03 -1.771946e+01 -9.266059e-01 9.840820e-02 -3.629288e-01 2.667460e+00
-3.690636e-01 3.361722e-02 9.287960e-01 4.382249e+02 1.039425e-01 9.945692e-01 5.304435e-03 -1.779586e+01 -9.235735e-01 9.849903e-02 -3.705536e-01 1.886244e+00
-3.760787e-01 3.550541e-02 9.259072e-01 4.406658e+02 9.981819e-02 9.950028e-01 2.388486e-03 -1.772917e+01 -9.211955e-01 9.332064e-02 -3.777435e-01 7.731752e-01
-3.852833e-01 3.606249e-02 9.220934e-01 4.432486e+02 9.665492e-02 9.953169e-01 1.459634e-03 -1.776563e+01 -9.177225e-01 8.968724e-02 -3.869645e-01 4.549968e-02
-3.968757e-01 3.628891e-02 9.171547e-01 4.458199e+02 9.539773e-02 9.954374e-01 1.894661e-03 -1.775245e+01 -9.129014e-01 8.824642e-02 -3.985268e-01 -7.250189e-01
-4.083290e-01 3.645808e-02 9.121065e-01 4.482616e+02 9.130583e-02 9.958223e-01 1.071204e-03 -1.766771e+01 -9.082569e-01 8.371805e-02 -4.099520e-01 -1.845241e+00
-4.125176e-01 3.696847e-02 9.101992e-01 4.506677e+02 8.582114e-02 9.963093e-01 -1.570316e-03 -1.759469e+01 -9.068980e-01 7.746655e-02 -4.141678e-01 -3.025257e+00
-4.240943e-01 3.195605e-02 9.050540e-01 4.533064e+02 7.706376e-02 9.970258e-01 9.074620e-04 -1.792487e+01 -9.023332e-01 7.013172e-02 -4.252956e-01 -2.665847e+00
-4.245872e-01 3.087439e-02 9.048605e-01 4.557199e+02 7.782377e-02 9.969640e-01 2.500191e-03 -1.791410e+01 -9.020361e-01 7.148121e-02 -4.257009e-01 -3.818198e+00
-4.248442e-01 2.864902e-02 9.048130e-01 4.582146e+02 7.969734e-02 9.968019e-01 5.859283e-03 -1.794651e+01 -9.017515e-01 7.460047e-02 -4.257688e-01 -4.797416e+00
-4.260364e-01 2.556567e-02 9.043447e-01 4.606946e+02 8.405745e-02 9.963953e-01 1.143150e-02 -1.795916e+01 -9.007926e-01 8.088715e-02 -4.266497e-01 -5.791853e+00
-4.249036e-01 2.293735e-02 9.049479e-01 4.631437e+02 8.706300e-02 9.960802e-01 1.563178e-02 -1.794824e+01 -9.010421e-01 8.542948e-02 -4.252351e-01 -6.866647e+00
-4.274113e-01 2.192668e-02 9.037914e-01 4.656588e+02 8.089345e-02 9.966234e-01 1.407640e-02 -1.795041e+01 -9.004309e-01 7.912721e-02 -4.277418e-01 -7.767939e+00
-4.260943e-01 2.339965e-02 9.043761e-01 4.680619e+02 7.341225e-02 9.972630e-01 8.784988e-03 -1.796483e+01 -9.016952e-01 7.013552e-02 -4.266459e-01 -8.912215e+00
-4.281859e-01 2.288431e-02 9.034009e-01 4.705449e+02 6.939506e-02 9.975601e-01 7.621760e-03 -1.798617e+01 -9.010223e-01 6.595509e-02 -4.287292e-01 -9.918947e+00
