1.000000e+00 0.000000e+00 0.000000e+00 0.000000e+00 0.000000e+00 1.000000e+00 0.000000e+00 0.000000e+00 0.000000e+00 0.000000e+00 1.000000e+00 0.000000e+00
9.990798e-01 5.853910e-04 4.288625e-02 4.621095e-02 -5.068159e-04 9.999982e-01 -1.843024e-03 -2.772488e-02 -4.288725e-02 1.819593e-03 9.990783e-01 9.983430e-01
9.960963e-01 -4.374894e-03 8.816429e-02 1.355769e-01 4.978154e-03 9.999657e-01 -6.623744e-03 -5.041581e-02 -8.813228e-02 7.036783e-03 9.960839e-01 1.995572e+00
9.910927e-01 -3.230421e-03 1.331345e-01 2.772615e-01 4.715737e-03 9.999301e-01 -1.084270e-02 -6.252760e-02 -1.330902e-01 1.137395e-02 9.910387e-01 2.979040e+00
9.836503e-01 -9.083085e-05 1.800889e-01 4.283754e-01 2.567065e-03 9.999053e-01 -1.351706e-02 -6.822012e-02 -1.800706e-01 1.375836e-02 9.835575e-01 3.966083e+00
9.741809e-01 -3.002126e-03 2.257487e-01 6.679096e-01 6.267926e-03 9.998858e-01 -1.375118e-02 -8.161234e-02 -2.256817e-01 1.481111e-02 9.740885e-01 4.929045e+00
9.624817e-01 -3.450736e-03 2.713245e-01 9.232790e-01 7.967203e-03 9.998474e-01 -1.554625e-02 -1.059593e-01 -2.712295e-01 1.712468e-02 9.623624e-01 5.886497e+00
9.489804e-01 -6.087667e-03 3.152762e-01 1.252661e+00 1.256538e-02 9.997496e-01 -1.851758e-02 -1.148417e-01 -3.150845e-01 2.153439e-02 9.488193e-01 6.817603e+00
9.340727e-01 -7.821475e-03 3.569973e-01 1.620259e+00 1.589415e-02 9.996799e-01 -1.968452e-02 -1.642207e-01 -3.567291e-01 2.406094e-02 9.338980e-01 7.732631e+00
9.166209e-01 -7.211284e-03 3.996926e-01 1.977769e+00 1.667889e-02 9.996565e-01 -2.021407e-02 -2.106474e-01 -3.994095e-01 2.519507e-02 9.164264e-01 8.649140e+00
8.971807e-01 -8.274458e-03 4.415861e-01 2.436306e+00 1.847967e-02 9.996522e-01 -1.881404e-02 -2.473086e-01 -4.412768e-01 2.503996e-02 8.970216e-01 9.516367e+00
8.753443e-01 -8.614346e-03 4.834234e-01 2.908708e+00 1.971931e-02 9.996454e-01 -1.789299e-02 -2.822936e-01 -4.830979e-01 2.519530e-02 8.752038e-01 1.037395e+01
8.515968e-01 -9.665475e-03 5.241083e-01 3.427880e+00 2.164709e-02 9.996255e-01 -1.673841e-02 -3.170545e-01 -5.237502e-01 2.559980e-02 8.514871e-01 1.119985e+01
8.263700e-01 -9.773915e-03 5.630427e-01 3.993691e+00 2.338957e-02 9.995823e-01 -1.697670e-02 -3.404832e-01 -5.626416e-01 2.719836e-02 8.262534e-01 1.199303e+01
7.988340e-01 -1.122003e-02 6.014468e-01 4.565188e+00 2.654316e-02 9.995097e-01 -1.660837e-02 -3.680367e-01 -6.009656e-01 2.923163e-02 7.987402e-01 1.277242e+01
7.703242e-01 -1.117804e-02 6.375544e-01 5.180131e+00 2.836819e-02 9.994571e-01 -1.675265e-02 -3.910540e-01 -6.370211e-01 3.099124e-02 7.702231e-01 1.352022e+01
7.397617e-01 -1.338980e-02 6.727357e-01 5.825916e+00 3.267780e-02 9.993372e-01 -1.604325e-02 -4.066995e-01 -6.720750e-01 3.385171e-02 7.397089e-01 1.423723e+01
7.079921e-01 -1.248469e-02 7.061100e-01 6.508506e+00 3.339030e-02 9.993173e-01 -1.581043e-02 -4.394436e-01 -7.054305e-01 3.477088e-02 7.079257e-01 1.491241e+01
6.736679e-01 -1.159466e-02 7.389432e-01 7.209321e+00 3.456352e-02 9.992771e-01 -1.583079e-02 -5.035783e-01 -7.382255e-01 3.620517e-02 6.735817e-01 1.555951e+01
6.388121e-01 -1.357514e-02 7.692430e-01 7.956817e+00 4.029884e-02 9.990622e-01 -1.583502e-02 -5.365487e-01 -7.683066e-01 4.111521e-02 6.387601e-01 1.614931e+01
6.019695e-01 -1.226128e-02 7.984249e-01 8.734020e+00 3.993504e-02 9.990932e-01 -1.476596e-02 -5.934704e-01 -7.975198e-01 4.077379e-02 6.019133e-01 1.669611e+01
5.649304e-01 -1.285197e-02 8.250384e-01 9.524481e+00 4.485720e-02 9.988784e-01 -1.515522e-02 -6.265883e-01 -8.239183e-01 4.557056e-02 5.648733e-01 1.722707e+01
5.271791e-01 -1.105805e-02 8.496823e-01 1.037338e+01 4.919401e-02 9.986355e-01 -1.752549e-02 -6.630889e-01 -8.483291e-01 5.103835e-02 5.270037e-01 1.765755e+01
4.862338e-01 -9.934996e-03 8.737723e-01 1.112873e+01 5.132252e-02 9.985339e-01 -1.720622e-02 -6.678278e-01 -8.723203e-01 5.321044e-02 4.860308e-01 1.825097e+01
4.488678e-01 -1.206068e-02 8.935168e-01 1.199500e+01 5.665952e-02 9.982810e-01 -1.498874e-02 -6.970475e-01 -8.918001e-01 5.735419e-02 4.487796e-01 1.867210e+01
4.114444e-01 -1.219798e-02 9.113532e-01 1.288061e+01 6.044316e-02 9.980744e-01 -1.392930e-02 -7.150102e-01 -9.094285e-01 6.081620e-02 4.113894e-01 1.905527e+01
3.756716e-01 -9.112024e-03 9.267081e-01 1.377984e+01 6.106341e-02 9.980221e-01 -1.494083e-02 -7.271539e-01 -9.247390e-01 6.220080e-02 3.754849e-01 1.943720e+01
3.411813e-01 -8.904565e-03 9.399553e-01 1.469970e+01 6.003392e-02 9.981201e-01 -1.233529e-02 -7.430627e-01 -9.380785e-01 6.063778e-02 3.410745e-01 1.979522e+01
3.087813e-01 -1.008875e-02 9.510795e-01 1.565625e+01 6.275367e-02 9.979811e-01 -9.787595e-03 -7.358811e-01 -9.490606e-01 6.270596e-02 3.087910e-01 2.006172e+01
2.752166e-01 -1.046875e-02 9.613253e-01 1.659714e+01 6.402064e-02 9.979207e-01 -7.461115e-03 -7.515851e-01 -9.592482e-01 6.359808e-02 2.753145e-01 2.037811e+01
2.430385e-01 -6.692416e-03 9.699936e-01 1.756663e+01 6.104678e-02 9.980995e-01 -8.409354e-03 -7.601697e-01 -9.680938e-01 6.125878e-02 2.429851e-01 2.062548e+01
2.116485e-01 -4.974852e-03 9.773332e-01 1.856216e+01 6.047880e-02 9.981373e-01 -8.016369e-03 -7.671358e-01 -9.754728e-01 6.080459e-02 2.115552e-01 2.082588e+01
1.805353e-01 -4.321752e-03 9.835590e-01 1.955676e+01 6.297941e-02 9.979890e-01 -7.174908e-03 -7.769507e-01 -9.815501e-01 6.323929e-02 1.804444e-01 2.108184e+01
1.491055e-01 -4.569888e-03 9.888107e-01 2.058294e+01 6.422316e-02 9.979227e-01 -5.072386e-03 -7.987370e-01 -9.867335e-01 6.426087e-02 1.490892e-01 2.124528e+01
1.185017e-01 -5.409619e-03 9.929391e-01 2.162844e+01 6.312458e-02 9.980035e-01 -2.096356e-03 -8.149075e-01 -9.909453e-01 6.292728e-02 1.186066e-01 2.136782e+01
8.907486e-02 -5.122544e-03 9.960118e-01 2.268136e+01 6.440366e-02 9.979237e-01 -6.273413e-04 -8.246096e-01 -9.939406e-01 6.420269e-02 8.921983e-02 2.152237e+01
6.272218e-02 -4.514045e-03 9.980208e-01 2.375795e+01 6.693135e-02 9.977575e-01 3.064485e-04 -8.248315e-01 -9.957842e-01 6.677966e-02 6.288366e-02 2.157292e+01
3.728179e-02 -2.851731e-03 9.993007e-01 2.484791e+01 6.859804e-02 9.976443e-01 2.877572e-04 -7.686497e-01 -9.969475e-01 6.853934e-02 3.738959e-02 2.152718e+01
1.523307e-02 -2.234228e-03 9.998815e-01 2.595186e+01 7.294341e-02 9.973355e-01 1.117255e-03 -7.810077e-01 -9.972197e-01 7.291774e-02 1.535545e-02 2.152926e+01
-5.072830e-03 -1.747474e-03 9.999856e-01 2.706790e+01 7.853019e-02 9.969094e-01 2.140475e-03 -7.631935e-01 -9.968988e-01 7.853992e-02 -4.919923e-03 2.152106e+01
-2.242977e-02 -2.341120e-03 9.997457e-01 2.819633e+01 8.191907e-02 9.966303e-01 4.171718e-03 -7.510146e-01 -9.963866e-01 8.199181e-02 -2.216240e-02 2.147440e+01
-3.684859e-02 -1.450346e-03 9.993198e-01 2.932496e+01 8.424644e-02 9.964345e-01 4.552634e-03 -7.114235e-01 -9.957634e-01 8.435689e-02 -3.659502e-02 2.135742e+01
-5.129181e-02 -2.978390e-03 9.986793e-01 3.046696e+01 8.633484e-02 9.962387e-01 7.405238e-03 -7.362572e-01 -9.949449e-01 8.660064e-02 -5.084175e-02 2.132985e+01
-6.411752e-02 -3.817311e-03 9.979351e-01 3.161430e+01 8.583992e-02 9.962653e-01 9.326155e-03 -7.225086e-01 -9.942437e-01 8.626063e-02 -6.355039e-02 2.126070e+01
-7.695040e-02 -2.146823e-03 9.970326e-01 3.277085e+01 8.467726e-02 9.963706e-01 8.680740e-03 -6.667049e-01 -9.934326e-01 8.509398e-02 -7.648933e-02 2.116819e+01
-8.891986e-02 7.003774e-05 9.960388e-01 3.394807e+01 8.321469e-02 9.965045e-01 7.358796e-03 -6.680614e-01 -9.925566e-01 8.353941e-02 -8.861487e-02 2.108710e+01
-9.920296e-02 3.489293e-03 9.950611e-01 3.514633e+01 8.413049e-02 9.964427e-01 4.893281e-03 -6.694018e-01 -9.915043e-01 8.420041e-02 -9.914362e-02 2.097353e+01
-1.087778e-01 7.289894e-03 9.940394e-01 3.636745e+01 8.532237e-02 9.963513e-01 2.029982e-03 -6.523145e-01 -9.903976e-01 8.503461e-02 -1.090029e-01 2.084538e+01
-1.172624e-01 9.032251e-03 9.930599e-01 3.760623e+01 8.227839e-02 9.966092e-01 6.510566e-04 -5.936917e-01 -9.896867e-01 8.178371e-02 -1.176080e-01 2.067433e+01
-1.244927e-01 9.096232e-03 9.921788e-01 3.887145e+01 8.333391e-02 9.965208e-01 1.320208e-03 -6.406618e-01 -9.887148e-01 8.284650e-02 -1.248176e-01 2.058364e+01
-1.295581e-01 1.032352e-02 9.915181e-01 4.016085e+01 8.491604e-02 9.963878e-01 7.214468e-04 -6.723563e-01 -9.879291e-01 8.428926e-02 -1.299667e-01 2.046814e+01
-1.342588e-01 1.282041e-02 9.908634e-01 4.146025e+01 8.178514e-02 9.966483e-01 -1.813639e-03 -6.282020e-01 -9.875656e-01 8.079440e-02 -1.348573e-01 2.026472e+01
-1.387605e-01 1.363961e-02 9.902320e-01 4.279371e+01 8.236021e-02 9.966002e-01 -2.186249e-03 -6.407553e-01 -9.868953e-01 8.125235e-02 -1.394121e-01 2.011921e+01
-1.416156e-01 1.276554e-02 9.898394e-01 4.415099e+01 8.262331e-02 9.965803e-01 -1.031620e-03 -6.519831e-01 -9.864676e-01 8.163771e-02 -1.421860e-01 1.997537e+01
-1.448510e-01 1.147423e-02 9.893870e-01 4.552068e+01 8.341045e-02 9.965151e-01 6.547904e-04 -6.481726e-01 -9.859315e-01 8.262006e-02 -1.453032e-01 1.977669e+01
-1.466388e-01 1.100434e-02 9.891289e-01 4.691053e+01 8.435208e-02 9.964350e-01 1.419610e-03 -6.455203e-01 -9.855870e-01 8.364325e-02 -1.470443e-01 1.957116e+01
-1.481873e-01 1.162962e-02 9.888909e-01 4.832280e+01 8.716531e-02 9.961930e-01 1.346402e-03 -6.513447e-01 -9.851105e-01 8.639651e-02 -1.486368e-01 1.938443e+01
-1.504438e-01 1.070009e-02 9.885607e-01 4.975103e+01 8.278875e-02 9.965655e-01 1.812449e-03 -6.234647e-01 -9.851460e-01 8.211437e-02 -1.508129e-01 1.914620e+01
-1.518948e-01 1.172544e-02 9.883271e-01 5.120533e+01 8.533629e-02 9.963514e-01 1.294596e-03 -6.482327e-01 -9.847059e-01 8.453681e-02 -1.523412e-01 1.897982e+01
-1.536995e-01 1.251212e-02 9.880384e-01 5.268244e+01 8.368567e-02 9.964921e-01 3.989853e-04 -6.259383e-01 -9.845675e-01 8.274598e-02 -1.542074e-01 1.881071e+01
-1.540107e-01 1.368878e-02 9.879744e-01 5.418456e+01 8.359661e-02 9.964994e-01 -7.754125e-04 -6.315727e-01 -9.845264e-01 8.247189e-02 -1.546159e-01 1.865073e+01
-1.537214e-01 1.329468e-02 9.880248e-01 5.570108e+01 8.505275e-02 9.963764e-01 -1.741698e-04 -6.667059e-01 -9.844469e-01 8.400745e-02 -1.542951e-01 1.845020e+01
-1.521429e-01 1.198485e-02 9.882858e-01 5.723648e+01 8.764754e-02 9.961505e-01 1.412786e-03 -7.192041e-01 -9.844645e-01 8.683576e-02 -1.526077e-01 1.823069e+01
-1.507697e-01 1.343466e-02 9.884776e-01 5.878365e+01 8.823558e-02 9.960996e-01 -7.992406e-05 -7.125717e-01 -9.846233e-01 8.720685e-02 -1.513671e-01 1.796958e+01
-1.495150e-01 1.367886e-02 9.886648e-01 6.036201e+01 8.913601e-02 9.960194e-01 -3.006413e-04 -7.290305e-01 -9.847335e-01 8.808068e-02 -1.501391e-01 1.771871e+01
-1.492966e-01 1.296757e-02 9.887074e-01 6.195745e+01 8.993696e-02 9.959473e-01 5.181217e-04 -7.636063e-01 -9.846938e-01 8.899870e-02 -1.498578e-01 1.747008e+01
-1.490578e-01 1.291085e-02 9.887442e-01 6.357726e+01 8.978954e-02 9.959606e-01 5.311151e-04 -7.746041e-01 -9.847434e-01 8.885805e-02 -1.496150e-01 1.724826e+01
-1.486651e-01 1.123923e-02 9.888237e-01 6.521696e+01 9.284467e-02 9.956771e-01 2.641639e-03 -8.019413e-01 -9.845195e-01 9.219974e-02 -1.490659e-01 1.706153e+01
-1.487778e-01 8.875072e-03 9.888308e-01 6.686431e+01 9.396403e-02 9.955620e-01 5.202183e-03 -8.084806e-01 -9.843962e-01 9.368850e-02 -1.489515e-01 1.685860e+01
-1.480462e-01 1.011634e-02 9.889287e-01 6.852270e+01 9.427646e-02 9.955383e-01 3.929574e-03 -7.846043e-01 -9.844766e-01 9.381445e-02 -1.483394e-01 1.660937e+01
-1.485147e-01 1.202633e-02 9.888371e-01 7.020376e+01 9.514987e-02 9.954606e-01 2.183794e-03 -7.782705e-01 -9.843220e-01 9.441205e-02 -1.489849e-01 1.642985e+01
-1.500285e-01 1.102628e-02 9.886202e-01 7.189620e+01 9.139352e-02 9.958110e-01 2.762984e-03 -7.604578e-01 -9.844484e-01 9.076800e-02 -1.504077e-01 1.622380e+01
-1.474878e-01 1.223514e-02 9.889882e-01 7.358912e+01 9.387182e-02 9.955829e-01 1.682375e-03 -7.595096e-01 -9.845991e-01 9.308625e-02 -1.479848e-01 1.588793e+01
-1.462665e-01 1.204427e-02 9.891719e-01 7.530063e+01 9.235024e-02 9.957254e-01 1.531542e-03 -7.147782e-01 -9.849251e-01 9.157427e-02 -1.467535e-01 1.558716e+01
-1.464156e-01 1.308207e-02 9.891367e-01 7.703104e+01 9.314415e-02 9.956524e-01 6.192911e-04 -6.883400e-01 -9.848282e-01 9.222297e-02 -1.469975e-01 1.529352e+01
-1.478153e-01 1.173383e-02 9.889454e-01 7.878936e+01 9.278514e-02 9.956840e-01 2.054589e-03 -7.048987e-01 -9.846530e-01 9.206314e-02 -1.482661e-01 1.507827e+01
-1.493411e-01 1.299557e-02 9.887003e-01 8.054364e+01 8.750266e-02 9.961643e-01 1.234102e-04 -6.299366e-01 -9.849064e-01 8.653234e-02 -1.499054e-01 1.477615e+01
-1.506710e-01 1.290787e-02 9.884997e-01 8.232290e+01 8.653391e-02 9.962489e-01 1.807872e-04 -6.561441e-01 -9.847894e-01 8.556599e-02 -1.512228e-01 1.453069e+01
-1.517655e-01 1.304917e-02 9.883304e-01 8.410584e+01 8.609943e-02 9.962865e-01 6.699367e-05 -6.881743e-01 -9.846594e-01 8.510485e-02 -1.523255e-01 1.421608e+01
-1.514285e-01 1.291950e-02 9.883838e-01 8.590379e+01 8.790366e-02 9.961289e-01 4.468205e-04 -7.575396e-01 -9.845519e-01 8.695021e-02 -1.519780e-01 1.387120e+01
-1.515083e-01 1.199667e-02 9.883832e-01 8.772671e+01 8.815952e-02 9.961054e-01 1.423495e-03 -7.824645e-01 -9.845167e-01 8.735105e-02 -1.519759e-01 1.359910e+01
-1.502731e-01 1.221749e-02 9.885690e-01 8.955695e+01 8.989164e-02 9.959506e-01 1.355777e-03 -8.029578e-01 -9.845494e-01 8.906783e-02 -1.507629e-01 1.326655e+01
-1.500544e-01 1.217949e-02 9.886027e-01 9.140066e+01 8.537763e-02 9.963484e-01 6.840687e-04 -7.541742e-01 -9.849844e-01 8.450721e-02 -1.505463e-01 1.294768e+01
-1.531986e-01 1.234859e-02 9.881183e-01 9.327323e+01 7.943446e-02 9.968401e-01 -1.420061e-04 -6.874040e-01 -9.849976e-01 7.846889e-02 -1.536954e-01 1.269495e+01
-1.564481e-01 1.388876e-02 9.875885e-01 9.515550e+01 7.760790e-02 9.969825e-01 -1.726671e-03 -6.644234e-01 -9.846324e-01 7.637454e-02 -1.570538e-01 1.241112e+01
-1.605643e-01 1.511591e-02 9.869096e-01 9.704390e+01 7.653612e-02 9.970628e-01 -2.819447e-03 -6.505047e-01 -9.840535e-01 7.508153e-02 -1.612496e-01 1.209265e+01
-1.660793e-01 1.482098e-02 9.860010e-01 9.895729e+01 7.524873e-02 9.971621e-01 -2.314065e-03 -6.489083e-01 -9.832372e-01 7.381100e-02 -1.667232e-01 1.187743e+01
-1.684813e-01 1.340669e-02 9.856137e-01 1.008452e+02 7.362513e-02 9.972855e-01 -9.799380e-04 -6.681841e-01 -9.829514e-01 7.240083e-02 -1.690110e-01 1.147242e+01
-1.725703e-01 1.319933e-02 9.849088e-01 1.027580e+02 7.132718e-02 9.974526e-01 -8.698805e-04 -6.914981e-01 -9.824113e-01 7.010065e-02 -1.730722e-01 1.111997e+01
-1.804049e-01 1.642330e-02 9.834553e-01 1.046968e+02 7.157863e-02 9.974287e-01 -3.526273e-03 -6.798216e-01 -9.809845e-01 6.975822e-02 -1.811166e-01 1.087963e+01
-1.789178e-01 1.789626e-02 9.837012e-01 1.065919e+02 7.131671e-02 9.974403e-01 -5.174962e-03 -6.994729e-01 -9.812759e-01 6.922845e-02 -1.797361e-01 1.034942e+01
-1.844727e-01 1.803993e-02 9.826721e-01 1.085366e+02 6.997747e-02 9.975351e-01 -5.176228e-03 -7.284881e-01 -9.803433e-01 6.781003e-02 -1.852804e-01 9.981740e+00
-1.883707e-01 1.746994e-02 9.819426e-01 1.104763e+02 6.874690e-02 9.976237e-01 -4.560882e-03 -7.606380e-01 -9.796889e-01 6.664638e-02 -1.891241e-01 9.538946e+00
-1.929852e-01 1.631929e-02 9.810660e-01 1.124345e+02 6.481029e-02 9.978902e-01 -3.850340e-03 -7.576842e-01 -9.790589e-01 6.284011e-02 -1.936357e-01 9.126183e+00
-1.962084e-01 1.623323e-02 9.804278e-01 1.143944e+02 6.385588e-02 9.979521e-01 -3.744204e-03 -7.575790e-01 -9.784808e-01 6.187144e-02 -1.968432e-01 8.684214e+00
-2.052863e-01 1.692411e-02 9.785556e-01 1.163873e+02 6.361268e-02 9.979670e-01 -3.914847e-03 -7.614625e-01 -9.766325e-01 6.144488e-02 -2.059455e-01 8.378339e+00
-2.100554e-01 1.801787e-02 9.775234e-01 1.183607e+02 6.218925e-02 9.980517e-01 -5.032698e-03 -7.707672e-01 -9.757096e-01 5.973430e-02 -2.107667e-01 7.919349e+00
-2.150057e-01 1.909285e-02 9.764261e-01 1.203579e+02 6.212671e-02 9.980512e-01 -5.835611e-03 -8.106320e-01 -9.746347e-01 5.940746e-02 -2.157729e-01 7.497733e+00
-2.219339e-01 1.992723e-02 9.748581e-01 1.223569e+02 6.412034e-02 9.979253e-01 -5.801272e-03 -8.376353e-01 -9.729512e-01 6.122074e-02 -2.227511e-01 7.045147e+00
-2.274141e-01 1.974010e-02 9.735980e-01 1.243764e+02 6.222098e-02 9.980461e-01 -5.702146e-03 -8.387295e-01 -9.718083e-01 5.928148e-02 -2.281980e-01 6.667572e+00
-2.341428e-01 2.108305e-02 9.719736e-01 1.264030e+02 6.264752e-02 9.980142e-01 -6.556470e-03 -8.710670e-01 -9.701817e-01 5.935659e-02 -2.349986e-01 6.252370e+00
-2.372975e-01 2.112961e-02 9.712072e-01 1.283794e+02 6.165931e-02 9.980751e-01 -6.648770e-03 -9.035261e-01 -9.694782e-01 5.830623e-02 -2.381436e-01 5.621729e+00
-2.398174e-01 2.030710e-02 9.706056e-01 1.303932e+02 6.210564e-02 9.980542e-01 -5.536313e-03 -9.205279e-01 -9.688295e-01 5.895238e-02 -2.406119e-01 5.065567e+00
-2.429837e-01 2.085374e-02 9.698062e-01 1.324043e+02 6.449258e-02 9.979041e-01 -5.299397e-03 -9.373235e-01 -9.678841e-01 6.125763e-02 -2.438194e-01 4.482546e+00
-2.454755e-01 2.138839e-02 9.691668e-01 1.344371e+02 6.614668e-02 9.977960e-01 -5.266237e-03 -9.785598e-01 -9.671434e-01 6.281443e-02 -2.463493e-01 3.934029e+00
-2.486223e-01 2.250066e-02 9.683391e-01 1.364871e+02 6.711788e-02 9.977273e-01 -5.950934e-03 -1.003350e+00 -9.662723e-01 6.351334e-02 -2.495675e-01 3.418990e+00
-2.510636e-01 2.224878e-02 9.677149e-01 1.385462e+02 6.651480e-02 9.977693e-01 -5.683182e-03 -1.038804e+00 -9.656826e-01 6.294052e-02 -2.519835e-01 2.878088e+00
-2.536167e-01 2.325629e-02 9.670252e-01 1.405867e+02 6.590382e-02 9.978034e-01 -6.712233e-03 -1.066420e+00 -9.650571e-01 6.202832e-02 -2.545923e-01 2.275797e+00
-2.577101e-01 2.444478e-02 9.659130e-01 1.426631e+02 6.574597e-02 9.978066e-01 -7.710593e-03 -1.102475e+00 -9.639829e-01 6.151779e-02 -2.587520e-01 1.749325e+00
-2.632603e-01 2.403473e-02 9.644254e-01 1.447480e+02 6.312177e-02 9.979766e-01 -7.640445e-03 -1.100727e+00 -9.626576e-01 5.886482e-02 -2.642447e-01 1.214451e+00
-2.677894e-01 2.501867e-02 9.631526e-01 1.468316e+02 6.375533e-02 9.979319e-01 -8.195922e-03 -1.118032e+00 -9.613657e-01 5.921133e-02 -2.688307e-01 6.645584e-01
-2.713816e-01 2.573472e-02 9.621277e-01 1.488893e+02 6.294934e-02 9.979767e-01 -8.937858e-03 -1.118794e+00 -9.604111e-01 5.813973e-02 -2.724525e-01 -1.118493e-02
-2.726760e-01 2.540860e-02 9.617703e-01 1.509484e+02 6.238583e-02 9.980144e-01 -8.678815e-03 -1.144475e+00 -9.600811e-01 5.763433e-02 -2.737197e-01 -7.363531e-01
-2.774399e-01 2.475339e-02 9.604241e-01 1.530613e+02 6.119076e-02 9.980936e-01 -8.047952e-03 -1.144398e+00 -9.587924e-01 5.653625e-02 -2.784257e-01 -1.275841e+00
-2.835461e-01 2.455365e-02 9.586442e-01 1.551957e+02 5.992607e-02 9.981720e-01 -7.841240e-03 -1.149869e+00 -9.570844e-01 5.522443e-02 -2.844992e-01 -1.783962e+00
-2.863860e-01 2.562672e-02 9.577716e-01 1.572987e+02 6.194033e-02 9.980463e-01 -8.183384e-03 -1.181118e+00 -9.561101e-01 5.698108e-02 -2.874138e-01 -2.431375e+00
-2.888254e-01 2.692727e-02 9.570030e-01 1.593995e+02 6.215104e-02 9.980232e-01 -9.324149e-03 -1.219915e+00 -9.553623e-01 5.678568e-02 -2.899281e-01 -3.102517e+00
-2.920011e-01 2.925712e-02 9.559704e-01 1.615435e+02 6.310388e-02 9.979434e-01 -1.126661e-02 -1.249166e+00 -9.543339e-01 5.703558e-02 -2.932468e-01 -3.687461e+00
-2.951011e-01 3.084642e-02 9.549680e-01 1.636585e+02 6.434465e-02 9.978513e-01 -1.234802e-02 -1.267802e+00 -9.532970e-01 5.780316e-02 -2.964518e-01 -4.387201e+00
-3.017140e-01 3.254582e-02 9.528428e-01 1.658611e+02 6.563296e-02 9.977552e-01 -1.329745e-02 -1.328758e+00 -9.511367e-01 5.852587e-02 -3.031728e-01 -4.769918e+00
-3.041939e-01 3.339221e-02 9.520247e-01 1.679913e+02 6.704378e-02 9.976577e-01 -1.357075e-02 -1.375745e+00 -9.502480e-01 5.969920e-02 -3.057201e-01 -5.478582e+00
-3.090811e-01 3.294222e-02 9.504650e-01 1.701375e+02 6.629671e-02 9.977150e-01 -1.302088e-02 -1.446979e+00 -9.487221e-01 5.898819e-02 -3.105588e-01 -6.168038e+00
-3.130668e-01 3.386166e-02 9.491273e-01 1.722979e+02 6.964903e-02 9.974918e-01 -1.261361e-02 -1.525206e+00 -9.471738e-01 6.215689e-02 -3.146400e-01 -6.836739e+00
-3.177314e-01 3.387647e-02 9.475754e-01 1.744612e+02 7.091382e-02 9.974117e-01 -1.188004e-02 -1.560195e+00 -9.455252e-01 6.342153e-02 -3.193114e-01 -7.523979e+00
-3.189919e-01 3.336382e-02 9.471700e-01 1.766097e+02 7.270668e-02 9.972966e-01 -1.064305e-02 -1.638813e+00 -9.449645e-01 6.547054e-02 -3.205553e-01 -8.285704e+00
-3.210875e-01 3.314445e-02 9.464694e-01 1.787729e+02 7.270948e-02 9.973004e-01 -1.025798e-02 -1.664055e+00 -9.442543e-01 6.552358e-02 -3.226306e-01 -9.027932e+00
-3.246865e-01 3.183564e-02 9.452858e-01 1.809301e+02 6.546537e-02 9.977929e-01 -1.111796e-02 -1.592026e+00 -9.435534e-01 5.827364e-02 -3.260540e-01 -9.805867e+00
-3.278526e-01 3.423347e-02 9.441084e-01 1.831109e+02 6.223448e-02 9.979551e-01 -1.457431e-02 -1.542023e+00 -9.426768e-01 5.397787e-02 -3.293127e-01 -1.055182e+01
-3.305580e-01 3.585363e-02 9.431044e-01 1.852708e+02 5.988964e-02 9.980611e-01 -1.695159e-02 -1.544653e+00 -9.418836e-01 5.087870e-02 -3.320643e-01 -1.138471e+01
-3.339289e-01 3.711294e-02 9.418673e-01 1.874701e+02 5.799937e-02 9.981402e-01 -1.876724e-02 -1.550462e+00 -9.408122e-01 4.836078e-02 -3.354604e-01 -1.212054e+01
-3.369017e-01 3.823814e-02 9.407630e-01 1.896578e+02 5.544114e-02 9.982469e-01 -2.072031e-02 -1.580964e+00 -9.399061e-01 4.517627e-02 -3.384310e-01 -1.290626e+01
-3.399348e-01 3.933886e-02 9.396259e-01 1.918649e+02 5.734680e-02 9.981326e-01 -2.104159e-02 -1.643925e+00 -9.386989e-01 4.673177e-02 -3.415559e-01 -1.368920e+01
-3.425322e-01 3.894292e-02 9.386986e-01 1.940775e+02 5.738982e-02 9.981420e-01 -2.046738e-02 -1.697277e+00 -9.377516e-01 4.686101e-02 -3.441307e-01 -1.447688e+01
-3.455923e-01 3.860728e-02 9.375902e-01 1.962808e+02 5.817436e-02 9.981129e-01 -1.965657e-02 -1.757681e+00 -9.365798e-01 4.775055e-02 -3.471861e-01 -1.529940e+01
-3.497704e-01 3.818001e-02 9.360571e-01 1.985001e+02 5.875467e-02 9.980962e-01 -1.875599e-02 -1.826682e+00 -9.349912e-01 4.843743e-02 -3.513478e-01 -1.612075e+01
-3.534899e-01 3.853531e-02 9.346443e-01 2.006925e+02 5.644479e-02 9.982092e-01 -1.980822e-02 -1.852614e+00 -9.337338e-01 4.575379e-02 -3.550320e-01 -1.697016e+01
-3.581324e-01 3.924850e-02 9.328455e-01 2.029604e+02 5.680800e-02 9.981810e-01 -2.018804e-02 -1.931353e+00 -9.319410e-01 4.576309e-02 -3.597106e-01 -1.768930e+01
-3.622551e-01 3.982394e-02 9.312278e-01 2.051711e+02 5.698170e-02 9.981643e-01 -2.052014e-02 -2.010843e+00 -9.303356e-01 4.562942e-02 -3.638594e-01 -1.852244e+01
-3.649573e-01 4.060563e-02 9.301383e-01 2.074017e+02 5.830275e-02 9.980844e-01 -2.069566e-02 -2.098501e+00 -9.291969e-01 4.667659e-02 -3.666256e-01 -1.934338e+01
-3.672308e-01 4.044614e-02 9.292500e-01 2.095947e+02 5.943160e-02 9.980329e-01 -1.995315e-02 -2.161466e+00 -9.282292e-01 4.789940e-02 -3.689122e-01 -2.027488e+01
-3.694819e-01 4.085341e-02 9.283395e-01 2.118125e+02 6.037177e-02 9.979778e-01 -1.988984e-02 -2.188067e+00 -9.272747e-01 4.869656e-02 -3.712011e-01 -2.115540e+01
-3.722654e-01 4.108419e-02 9.272166e-01 2.140303e+02 6.063338e-02 9.979622e-01 -1.987536e-02 -2.265004e+00 -9.261436e-01 4.882137e-02 -3.739979e-01 -2.202466e+01
-3.726854e-01 4.160640e-02 9.270246e-01 2.162184e+02 6.082739e-02 9.979411e-01 -2.033523e-02 -2.353285e+00 -9.259620e-01 4.880984e-02 -3.744489e-01 -2.299076e+01
-3.748315e-01 4.111530e-02 9.261808e-01 2.184424e+02 6.024583e-02 9.979848e-01 -1.992096e-02 -2.445879e+00 -9.251334e-01 4.833153e-02 -3.765532e-01 -2.391201e+01
-3.771635e-01 4.236022e-02 9.251775e-01 2.206272e+02 6.023547e-02 9.979604e-01 -2.113671e-02 -2.525266e+00 -9.241858e-01 4.775651e-02 -3.789458e-01 -2.486737e+01
-3.812994e-01 4.308399e-02 9.234471e-01 2.228521e+02 5.958921e-02 9.979815e-01 -2.195653e-02 -2.603942e+00 -9.225291e-01 4.665547e-02 -3.830970e-01 -2.576005e+01
-3.839646e-01 4.294632e-02 9.223485e-01 2.250697e+02 5.769592e-02 9.980817e-01 -2.245436e-02 -2.701511e+00 -9.215435e-01 4.459406e-02 -3.857058e-01 -2.668004e+01
-3.847416e-01 4.374746e-02 9.219870e-01 2.272525e+02 5.908332e-02 9.979950e-01 -2.269873e-02 -2.787092e+00 -9.211314e-01 4.574091e-02 -3.865549e-01 -2.767770e+01
-3.860493e-01 4.369009e-02 9.214429e-01 2.294580e+02 6.083074e-02 9.979094e-01 -2.182999e-02 -2.858377e+00 -9.204703e-01 4.762460e-02 -3.878999e-01 -2.863842e+01
-3.849245e-01 4.275785e-02 9.219571e-01 2.315447e+02 6.137976e-02 9.979008e-01 -2.065337e-02 -2.925138e+00 -9.209048e-01 4.863952e-02 -3.867410e-01 -2.983139e+01
-3.884790e-01 4.145687e-02 9.205245e-01 2.337708e+02 5.954718e-02 9.980288e-01 -1.981731e-02 -3.013941e+00 -9.195315e-01 4.711603e-02 -3.901819e-01 -3.073446e+01
-3.913302e-01 4.198051e-02 9.192923e-01 2.359955e+02 5.935076e-02 9.980305e-01 -2.031136e-02 -3.103637e+00 -9.183344e-01 4.661225e-02 -3.930511e-01 -3.165937e+01
-3.932491e-01 4.212623e-02 9.184664e-01 2.381852e+02 5.834295e-02 9.980799e-01 -2.079774e-02 -3.143425e+00 -9.175790e-01 4.540735e-02 -3.949518e-01 -3.265986e+01
-3.942346e-01 4.230998e-02 9.180354e-01 2.402476e+02 5.664811e-02 9.981589e-01 -2.167612e-02 -3.116273e+00 -9.172623e-01 4.345950e-02 -3.959055e-01 -3.390432e+01
-3.958566e-01 4.262881e-02 9.173224e-01 2.423542e+02 5.655107e-02 9.981577e-01 -2.198154e-02 -3.207469e+00 -9.165694e-01 4.317403e-02 -3.975381e-01 -3.506322e+01
-4.000632e-01 4.404254e-02 9.154287e-01 2.446386e+02 5.776629e-02 9.980704e-01 -2.277336e-02 -3.245041e+00 -9.146652e-01 4.377013e-02 -4.018354e-01 -3.580963e+01
-4.035582e-01 4.423740e-02 9.138839e-01 2.468142e+02 5.685459e-02 9.981127e-01 -2.320839e-02 -3.261323e+00 -9.131858e-01 4.259256e-02 -4.053117e-01 -3.683283e+01
-4.116123e-01 4.550385e-02 9.102223e-01 2.491615e+02 5.794407e-02 9.980387e-01 -2.369103e-02 -3.354734e+00 -9.095151e-01 4.299046e-02 -4.134417e-01 -3.733375e+01
-4.128360e-01 4.628262e-02 9.096287e-01 2.512428e+02 5.728521e-02 9.980502e-01 -2.478262e-02 -3.392583e+00 -9.090021e-01 4.187711e-02 -4.146823e-01 -3.854001e+01
-4.152722e-01 4.680269e-02 9.084925e-01 2.533787e+02 5.750497e-02 9.980289e-01 -2.512979e-02 -3.435452e+00 -9.078779e-01 4.180713e-02 -4.171450e-01 -3.962900e+01
-4.154918e-01 4.702975e-02 9.083803e-01 2.554274e+02 5.714685e-02 9.980392e-01 -2.553280e-02 -3.466927e+00 -9.078000e-01 4.130241e-02 -4.173647e-01 -4.089235e+01
-4.177744e-01 4.752023e-02 9.073072e-01 2.575947e+02 5.598000e-02 9.980802e-01 -2.649818e-02 -3.537989e+00 -9.068246e-01 3.972079e-02 -4.196325e-01 -4.194793e+01
-4.203367e-01 4.733657e-02 9.061326e-01 2.597804e+02 5.661085e-02 9.980609e-01 -2.587829e-02 -3.662229e+00 -9.056005e-01 4.041935e-02 -4.222013e-01 -4.296257e+01
-4.249861e-01 4.763850e-02 9.039455e-01 2.619890e+02 5.643399e-02 9.980660e-01 -2.606652e-02 -3.738801e+00 -9.034390e-01 3.993534e-02 -4.268526e-01 -4.394313e+01
-4.282728e-01 4.836334e-02 9.023544e-01 2.641385e+02 5.693167e-02 9.980271e-01 -2.647035e-02 -3.825750e+00 -9.018543e-01 4.003601e-02 -4.301813e-01 -4.504026e+01
-4.279573e-01 5.015567e-02 9.024062e-01 2.661644e+02 5.746391e-02 9.979488e-01 -2.821423e-02 -3.885593e+00 -9.019703e-01 3.978131e-02 -4.299616e-01 -4.639525e+01
-4.308133e-01 5.144253e-02 9.009737e-01 2.683733e+02 5.954179e-02 9.978188e-01 -2.850131e-02 -3.954642e+00 -9.004747e-01 4.136684e-02 -4.329366e-01 -4.737122e+01
-4.311023e-01 5.254092e-02 9.007720e-01 2.704917e+02 6.067301e-02 9.977317e-01 -2.915884e-02 -4.061819e+00 -9.002608e-01 4.208210e-02 -4.333123e-01 -4.857410e+01
-4.346483e-01 5.463994e-02 8.989412e-01 2.727224e+02 6.179867e-02 9.976146e-01 -3.075720e-02 -4.126358e+00 -8.984775e-01 4.218480e-02 -4.369882e-01 -4.959233e+01
-4.372258e-01 5.617593e-02 8.975956e-01 2.749014e+02 6.204059e-02 9.975537e-01 -3.221134e-02 -4.143021e+00 -8.972093e-01 4.160373e-02 -4.396414e-01 -5.072194e+01
-4.383347e-01 5.837754e-02 8.969140e-01 2.770607e+02 6.214196e-02 9.974690e-01 -3.455271e-02 -4.162413e+00 -8.966611e-01 4.059034e-02 -4.408530e-01 -5.193381e+01
-4.376927e-01 5.869518e-02 8.972068e-01 2.791715e+02 6.138801e-02 9.974893e-01 -3.530817e-02 -4.241638e+00 -8.970265e-01 3.962361e-02 -4.401970e-01 -5.323352e+01
-4.407401e-01 5.960497e-02 8.956536e-01 2.813980e+02 6.126712e-02 9.974636e-01 -3.623154e-02 -4.310893e+00 -8.955415e-01 3.890543e-02 -4.432740e-01 -5.438134e+01
-4.437811e-01 6.155361e-02 8.940187e-01 2.836264e+02 6.078114e-02 9.974083e-01 -3.850094e-02 -4.353977e+00 -8.940716e-01 3.725348e-02 -4.463723e-01 -5.549173e+01
-4.476388e-01 6.136348e-02 8.921065e-01 2.858606e+02 5.755638e-02 9.975512e-01 -3.973599e-02 -4.410957e+00 -8.923602e-01 3.355905e-02 -4.500745e-01 -5.663420e+01
-4.509166e-01 6.202886e-02 8.904081e-01 2.881461e+02 5.961688e-02 9.974476e-01 -3.929467e-02 -4.531762e+00 -8.905729e-01 3.536474e-02 -4.534637e-01 -5.771492e+01
-4.530104e-01 6.139560e-02 8.893887e-01 2.904086e+02 5.927867e-02 9.974924e-01 -3.866453e-02 -4.608146e+00 -8.895323e-01 3.520635e-02 -4.555139e-01 -5.886164e+01
-4.523637e-01 6.068271e-02 8.897666e-01 2.926131e+02 6.016783e-02 9.974859e-01 -3.743948e-02 -4.754720e+00 -8.898016e-01 3.659906e-02 -4.548776e-01 -6.014080e+01
-4.539920e-01 5.981070e-02 8.889960e-01 2.948451e+02 5.903734e-02 9.975711e-01 -3.696635e-02 -4.866096e+00 -8.890477e-01 3.570153e-02 -4.564204e-01 -6.138456e+01
-4.546391e-01 5.927143e-02 8.887014e-01 2.970871e+02 5.930889e-02 9.975834e-01 -3.619220e-02 -4.981477e+00 -8.886989e-01 3.625350e-02 -4.570557e-01 -6.265043e+01
-4.573808e-01 5.961874e-02 8.872702e-01 2.993866e+02 5.906519e-02 9.975836e-01 -3.658344e-02 -5.011710e+00 -8.873072e-01 3.567422e-02 -4.597969e-01 -6.380972e+01
-4.612301e-01 5.954253e-02 8.852805e-01 3.016791e+02 5.704337e-02 9.976716e-01 -3.738225e-02 -5.066185e+00 -8.854450e-01 3.325756e-02 -4.635527e-01 -6.502062e+01
-4.606121e-01 6.062984e-02 8.855284e-01 3.039459e+02 5.686020e-02 9.976307e-01 -3.872907e-02 -5.177477e+00 -8.857784e-01 3.251225e-02 -4.629682e-01 -6.629168e+01
-4.615124e-01 6.288692e-02 8.849020e-01 3.061972e+02 5.435837e-02 9.976146e-01 -4.254692e-02 -5.255649e+00 -8.854668e-01 2.846590e-02 -4.638300e-01 -6.761921e+01
-4.639354e-01 6.329720e-02 8.836048e-01 3.084947e+02 5.185828e-02 9.976740e-01 -4.424046e-02 -5.328006e+00 -8.843499e-01 2.529751e-02 -4.661388e-01 -6.889438e+01
-4.670598e-01 6.058814e-02 8.821475e-01 3.107888e+02 4.997625e-02 9.978637e-01 -4.207551e-02 -5.493037e+00 -8.828123e-01 2.443464e-02 -4.690900e-01 -7.019093e+01
-4.721333e-01 5.825216e-02 8.796004e-01 3.131050e+02 4.573656e-02 9.980891e-01 -4.154966e-02 -5.566869e+00 -8.803399e-01 2.061292e-02 -4.738953e-01 -7.147842e+01
-4.796799e-01 5.728061e-02 8.755719e-01 3.154955e+02 4.431251e-02 9.981750e-01 -4.102491e-02 -5.661606e+00 -8.763239e-01 1.911997e-02 -4.813427e-01 -7.263685e+01
-4.833073e-01 5.649281e-02 8.736261e-01 3.177901e+02 4.315042e-02 9.982401e-01 -4.067926e-02 -5.773373e+00 -8.743867e-01 1.803675e-02 -4.848944e-01 -7.398721e+01
-4.872676e-01 5.764998e-02 8.713477e-01 3.201692e+02 4.612107e-02 9.981248e-01 -4.024636e-02 -5.893736e+00 -8.720339e-01 2.057674e-02 -4.890127e-01 -7.521272e+01
-4.918501e-01 5.754998e-02 8.687759e-01 3.225237e+02 4.550640e-02 9.981485e-01 -4.035690e-02 -6.005517e+00 -8.694899e-01 1.968532e-02 -4.935583e-01 -7.651382e+01
-4.961836e-01 5.964865e-02 8.661662e-01 3.248874e+02 5.055292e-02 9.979295e-01 -3.976329e-02 -6.171787e+00 -8.667446e-01 2.405733e-02 -4.981717e-01 -7.778730e+01
-5.015357e-01 5.774746e-02 8.632075e-01 3.272304e+02 4.866064e-02 9.980732e-01 -3.849729e-02 -6.272005e+00 -8.637674e-01 2.269647e-02 -5.033794e-01 -7.911206e+01
-5.058672e-01 5.583491e-02 8.608025e-01 3.295573e+02 4.507697e-02 9.982506e-01 -3.825996e-02 -6.347640e+00 -8.614328e-01 1.944791e-02 -5.074991e-01 -8.046358e+01
-5.096196e-01 5.640091e-02 8.585492e-01 3.318797e+02 4.603510e-02 9.982073e-01 -3.824988e-02 -6.486420e+00 -8.591674e-01 2.003051e-02 -5.113024e-01 -8.183181e+01
-5.121467e-01 5.713022e-02 8.569959e-01 3.341719e+02 4.677261e-02 9.981599e-01 -3.858905e-02 -6.605747e+00 -8.576235e-01 2.032068e-02 -5.138764e-01 -8.325735e+01
-5.171391e-01 5.706922e-02 8.539966e-01 3.365171e+02 4.563169e-02 9.981939e-01 -3.907300e-02 -6.671830e+00 -8.546841e-01 1.876313e-02 -5.188093e-01 -8.459874e+01
-5.191661e-01 5.634791e-02 8.528139e-01 3.387865e+02 4.624915e-02 9.982145e-01 -3.779994e-02 -6.801917e+00 -8.534211e-01 1.981747e-02 -5.208451e-01 -8.606525e+01
-5.247094e-01 5.458649e-02 8.495295e-01 3.411305e+02 4.492740e-02 9.983270e-01 -3.639819e-02 -6.965723e+00 -8.500951e-01 1.906868e-02 -5.262839e-01 -8.740467e+01
-5.294267e-01 5.369251e-02 8.466549e-01 3.434543e+02 4.450737e-02 9.983787e-01 -3.548325e-02 -7.081406e+00 -8.471874e-01 1.889660e-02 -5.309581e-01 -8.880529e+01
-5.353956e-01 5.172981e-02 8.430158e-01 3.457766e+02 4.400235e-02 9.984755e-01 -3.332355e-02 -7.232971e+00 -8.434544e-01 1.925339e-02 -5.368556e-01 -9.020374e+01
-5.387479e-01 4.992695e-02 8.409863e-01 3.480620e+02 3.960608e-02 9.986397e-01 -3.391416e-02 -7.330151e+00 -8.415355e-01 1.503699e-02 -5.399924e-01 -9.166811e+01
-5.430493e-01 4.849253e-02 8.382994e-01 3.503466e+02 3.626644e-02 9.987540e-01 -3.428088e-02 -7.477894e+00 -8.389173e-01 1.178592e-02 -5.441313e-01 -9.313679e+01
-5.443181e-01 4.857642e-02 8.374713e-01 3.525932e+02 3.342349e-02 9.987851e-01 -3.620948e-02 -7.604458e+00 -8.382128e-01 8.281739e-03 -5.452804e-01 -9.465700e+01
-5.456729e-01 4.587335e-02 8.367417e-01 3.548301e+02 3.050745e-02 9.989261e-01 -3.486978e-02 -7.714616e+00 -8.374427e-01 6.499363e-03 -5.464864e-01 -9.621616e+01
-5.486872e-01 4.511181e-02 8.348097e-01 3.571166e+02 3.202853e-02 9.989443e-01 -3.293031e-02 -7.846863e+00 -8.354140e-01 8.669288e-03 -5.495528e-01 -9.768300e+01
-5.523088e-01 4.451482e-02 8.324503e-01 3.593953e+02 3.096955e-02 9.989796e-01 -3.287241e-02 -7.990188e+00 -8.330642e-01 7.624888e-03 -5.531238e-01 -9.916086e+01
-5.527834e-01 4.346281e-02 8.321908e-01 3.616428e+02 2.849544e-02 9.990408e-01 -3.324876e-02 -8.113479e+00 -8.328377e-01 5.334283e-03 -5.534916e-01 -1.007080e+02
-5.559386e-01 3.995246e-02 8.302627e-01 3.639241e+02 2.711080e-02 9.991843e-01 -2.992780e-02 -8.233752e+00 -8.307811e-01 5.871065e-03 -5.565683e-01 -1.021861e+02
-5.559327e-01 3.830984e-02 8.303440e-01 3.661424e+02 2.599808e-02 9.992500e-01 -2.869645e-02 -8.347152e+00 -8.308207e-01 5.634059e-03 -5.565117e-01 -1.037589e+02
-5.582398e-01 3.832791e-02 8.287939e-01 3.683927e+02 2.611021e-02 9.992492e-01 -2.862397e-02 -8.455949e+00 -8.292687e-01 5.660942e-03 -5.588214e-01 -1.052817e+02
-5.586709e-01 3.834082e-02 8.285027e-01 3.706347e+02 2.560595e-02 9.992521e-01 -2.897618e-02 -8.569539e+00 -8.289941e-01 5.026450e-03 -5.592348e-01 -1.068194e+02
-5.567569e-01 3.875818e-02 8.297708e-01 3.728122e+02 2.609272e-02 9.992340e-01 -2.916611e-02 -8.654394e+00 -8.302656e-01 5.412538e-03 -5.573417e-01 -1.084356e+02
-5.595082e-01 3.820083e-02 8.279440e-01 3.750886e+02 2.618990e-02 9.992533e-01 -2.840631e-02 -8.789453e+00 -8.284110e-01 5.790210e-03 -5.600909e-01 -1.099141e+02
-5.623758e-01 3.731488e-02 8.260394e-01 3.772743e+02 2.340700e-02 9.992993e-01 -2.920587e-02 -8.877861e+00 -8.265504e-01 2.910430e-03 -5.628552e-01 -1.115313e+02
-5.647359e-01 3.485704e-02 8.245352e-01 3.794352e+02 1.387739e-02 9.993674e-01 -3.274321e-02 -8.976358e+00 -8.251550e-01 -7.048871e-03 -5.648624e-01 -1.131328e+02
-5.752904e-01 3.753912e-02 8.170874e-01 3.818172e+02 6.504133e-03 9.991247e-01 -4.132299e-02 -9.112611e+00 -8.179234e-01 -1.845827e-02 -5.750309e-01 -1.144084e+02
-5.954611e-01 4.166562e-02 8.023030e-01 3.844926e+02 1.165894e-02 9.989972e-01 -4.322730e-02 -9.366341e+00 -8.032996e-01 -1.638617e-02 -5.953497e-01 -1.147394e+02
-5.936732e-01 4.226467e-02 8.035956e-01 3.865290e+02 1.893810e-02 9.990770e-01 -3.855499e-02 -9.487089e+00 -8.044834e-01 -7.670488e-03 -5.939256e-01 -1.165311e+02
-5.952086e-01 3.258283e-02 8.029104e-01 3.887648e+02 1.660135e-02 9.994630e-01 -2.825230e-02 -9.565922e+00 -8.033997e-01 -3.486620e-03 -5.954298e-01 -1.180697e+02
-5.967742e-01 2.104372e-02 8.021332e-01 3.909137e+02 9.766454e-03 9.997725e-01 -1.896264e-02 -9.693257e+00 -8.023498e-01 -3.482419e-03 -5.968439e-01 -1.197141e+02
-5.979923e-01 1.415365e-02 8.013768e-01 3.930202e+02 3.353490e-03 9.998795e-01 -1.515714e-02 -9.787986e+00 -8.014948e-01 -6.376444e-03 -5.979677e-01 -1.214002e+02
-6.011343e-01 1.451120e-02 7.990163e-01 3.951387e+02 3.944692e-03 9.998768e-01 -1.519133e-02 -9.871457e+00 -7.991383e-01 -5.980155e-03 -6.011175e-01 -1.230606e+02
-6.051734e-01 1.990002e-02 7.958449e-01 3.973076e+02 1.069044e-02 9.998005e-01 -1.687073e-02 -9.972022e+00 -7.960219e-01 -1.701784e-03 -6.052655e-01 -1.246568e+02
-6.075438e-01 2.533145e-02 7.938821e-01 3.994919e+02 1.424172e-02 9.996781e-01 -2.099912e-02 -1.007415e+01 -7.941585e-01 -1.451638e-03 -6.077090e-01 -1.262352e+02
-6.114081e-01 2.832800e-02 7.908082e-01 4.016521e+02 1.558385e-02 9.995963e-01 -2.375857e-02 -1.016095e+01 -7.911620e-01 -2.202350e-03 -6.116027e-01 -1.278477e+02
-6.147707e-01 2.705222e-02 7.882418e-01 4.038337e+02 1.359107e-02 9.996266e-01 -2.370684e-02 -1.025565e+01 -7.885888e-01 -3.861220e-03 -6.149088e-01 -1.294254e+02
-6.184644e-01 2.494993e-02 7.854167e-01 4.060526e+02 1.245043e-02 9.996815e-01 -2.195247e-02 -1.033211e+01 -7.857142e-01 -3.798046e-03 -6.185780e-01 -1.309357e+02
-6.223871e-01 2.396227e-02 7.823427e-01 4.082469e+02 1.188045e-02 9.997053e-01 -2.116843e-02 -1.039206e+01 -7.826194e-01 -3.880378e-03 -6.224884e-01 -1.325062e+02
-6.260098e-01 2.405443e-02 7.794441e-01 4.103840e+02 1.190433e-02 9.997024e-01 -2.129087e-02 -1.047207e+01 -7.797243e-01 -4.049539e-03 -6.261099e-01 -1.341398e+02
-6.301599e-01 2.454938e-02 7.760772e-01 4.125093e+02 1.252551e-02 9.996914e-01 -2.145241e-02 -1.056237e+01 -7.763644e-01 -3.797679e-03 -6.302729e-01 -1.357932e+02
-6.326889e-01 2.414242e-02 7.740297e-01 4.146366e+02 1.173149e-02 9.996980e-01 -2.159186e-02 -1.064227e+01 -7.743172e-01 -4.580409e-03 -6.327811e-01 -1.374452e+02
-6.376225e-01 2.324843e-02 7.699981e-01 4.167575e+02 1.253869e-02 9.997253e-01 -1.980146e-02 -1.071561e+01 -7.702469e-01 -2.971089e-03 -6.377388e-01 -1.390891e+02
-6.397720e-01 2.114820e-02 7.682737e-01 4.189200e+02 1.246239e-02 9.997754e-01 -1.714280e-02 -1.080413e+01 -7.684637e-01 -1.392957e-03 -6.398919e-01 -1.406997e+02
-6.441922e-01 2.019371e-02 7.645970e-01 4.210603e+02 1.360582e-02 9.997958e-01 -1.494228e-02 -1.089021e+01 -7.647426e-01 7.772736e-04 -6.443354e-01 -1.423210e+02
-6.466839e-01 2.025111e-02 7.624893e-01 4.231079e+02 1.245077e-02 9.997946e-01 -1.599398e-02 -1.096632e+01 -7.626565e-01 -8.494704e-04 -6.468031e-01 -1.440539e+02
-6.522685e-01 2.035821e-02 7.577146e-01 4.252752e+02 8.569354e-03 9.997734e-01 -1.948501e-02 -1.104174e+01 -7.579396e-01 -6.216335e-03 -6.522951e-01 -1.456348e+02
-6.563543e-01 1.964019e-02 7.541971e-01 4.274315e+02 5.557377e-03 9.997598e-01 -2.119853e-02 -1.112179e+01 -7.544323e-01 -9.722386e-03 -6.563058e-01 -1.472315e+02
-6.614773e-01 1.867566e-02 7.497326e-01 4.296398e+02 3.734649e-03 9.997595e-01 -2.160874e-02 -1.115236e+01 -7.499558e-01 -1.149371e-02 -6.613880e-01 -1.487633e+02
-6.625569e-01 1.708507e-02 7.488167e-01 4.316748e+02 6.618222e-04 9.997528e-01 -2.222486e-02 -1.125970e+01 -7.490113e-01 -1.422965e-02 -6.624044e-01 -1.505052e+02
-6.634100e-01 1.657106e-02 7.480726e-01 4.336975e+02 -1.793530e-03 9.997167e-01 -2.373595e-02 -1.133324e+01 -7.482539e-01 -1.708836e-02 -6.631923e-01 -1.522671e+02
-6.639134e-01 1.658152e-02 7.476256e-01 4.357339e+02 -1.841111e-03 9.997149e-01 -2.380755e-02 -1.142073e+01 -7.478072e-01 -1.718261e-02 -6.636936e-01 -1.539987e+02
-6.643192e-01 1.604479e-02 7.472767e-01 4.377014e+02 -1.807797e-04 9.997661e-01 -2.162671e-02 -1.152857e+01 -7.474489e-01 -1.450213e-02 -6.641610e-01 -1.558154e+02
-6.641128e-01 1.501649e-02 7.474816e-01 4.397472e+02 2.295028e-03 9.998345e-01 -1.804707e-02 -1.157868e+01 -7.476289e-01 -1.026980e-02 -6.640373e-01 -1.575335e+02
-6.635546e-01 1.383275e-02 7.480000e-01 4.417984e+02 6.939063e-03 9.998998e-01 -1.233546e-02 -1.167632e+01 -7.480957e-01 -2.994829e-03 -6.635841e-01 -1.592471e+02
-6.637913e-01 1.263325e-02 7.478112e-01 4.438242e+02 9.897192e-03 9.999182e-01 -8.107060e-03 -1.174025e+01 -7.478524e-01 2.019835e-03 -6.638620e-01 -1.609879e+02
-6.619283e-01 9.885696e-03 7.495020e-01 4.457875e+02 3.702595e-03 9.999440e-01 -9.918973e-03 -1.178484e+01 -7.495580e-01 -3.790547e-03 -6.619278e-01 -1.627845e+02
