1.000000e+00 0.000000e+00 0.000000e+00 0.000000e+00 0.000000e+00 1.000000e+00 0.000000e+00 0.000000e+00 0.000000e+00 0.000000e+00 1.000000e+00 0.000000e+00
9.999877e-01 -3.069636e-03 -3.903491e-03 8.446990e-03 3.062783e-03 9.999938e-01 -1.760543e-03 -1.569518e-02 3.908871e-03 1.748566e-03 9.999908e-01 8.591424e-01
9.999556e-01 -1.390471e-03 -9.324652e-03 3.773129e-02 1.358756e-03 9.999933e-01 -3.406656e-03 -2.410348e-02 9.329326e-03 3.393835e-03 9.999507e-01 1.719040e+00
9.999169e-01 -8.496774e-04 -1.286446e-02 1.595614e-02 7.857389e-04 9.999873e-01 -4.974405e-03 -2.978785e-02 1.286853e-02 4.963884e-03 9.999049e-01 2.578176e+00
9.998451e-01 8.049055e-04 -1.758232e-02 -1.139241e-02 -9.016680e-04 9.999845e-01 -5.496167e-03 -3.826914e-02 1.757763e-02 5.511169e-03 9.998303e-01 3.438135e+00
9.997790e-01 4.661384e-04 -2.101814e-02 -5.506440e-02 -5.890386e-04 9.999828e-01 -5.841527e-03 -5.016732e-02 2.101506e-02 5.852616e-03 9.997620e-01 4.296340e+00
9.996852e-01 2.306059e-03 -2.498377e-02 -9.956464e-02 -2.485732e-03 9.999713e-01 -7.162918e-03 -6.131173e-02 2.496653e-02 7.222766e-03 9.996622e-01 5.155655e+00
9.995433e-01 4.875719e-03 -2.982293e-02 -1.360397e-01 -5.105327e-03 9.999579e-01 -7.627730e-03 -7.696712e-02 2.978448e-02 7.776502e-03 9.995261e-01 6.014183e+00
9.994322e-01 5.179996e-03 -3.329312e-02 -1.838379e-01 -5.372462e-03 9.999694e-01 -5.694109e-03 -9.042324e-02 3.326260e-02 5.869742e-03 9.994294e-01 6.873056e+00
9.992515e-01 5.147944e-03 -3.833949e-02 -1.929440e-01 -5.263487e-03 9.999819e-01 -2.913343e-03 -1.055624e-01 3.832380e-02 3.112962e-03 9.992605e-01 7.733472e+00
9.991265e-01 4.671547e-03 -4.152674e-02 -2.342176e-01 -4.689695e-03 9.999889e-01 -3.396041e-04 -1.133530e-01 4.152469e-02 5.340552e-04 9.991373e-01 8.591579e+00
9.989959e-01 7.003850e-03 -4.425153e-02 -2.767726e-01 -7.064545e-03 9.999743e-01 -1.215367e-03 -1.251577e-01 4.424188e-02 1.526763e-03 9.990197e-01 9.450877e+00
9.989498e-01 6.033170e-03 -4.541985e-02 -3.527656e-01 -6.084399e-03 9.999810e-01 -9.897315e-04 -1.437876e-01 4.541301e-02 1.265045e-03 9.989675e-01 1.030767e+01
9.988408e-01 3.056994e-03 -4.803866e-02 -3.907274e-01 -3.123244e-03 9.999943e-01 -1.304089e-03 -1.573848e-01 4.803440e-02 1.452614e-03 9.988446e-01 1.116632e+01
9.987834e-01 3.798549e-03 -4.916617e-02 -4.590276e-01 -3.808220e-03 9.999927e-01 -1.030266e-04 -1.806600e-01 4.916542e-02 2.901368e-04 9.987906e-01 1.201914e+01
9.987121e-01 2.864786e-03 -5.065591e-02 -4.983327e-01 -2.887787e-03 9.999958e-01 -3.808713e-04 -1.897686e-01 5.065461e-02 5.266643e-04 9.987161e-01 1.288186e+01
9.985808e-01 5.723156e-03 -5.294961e-02 -5.351661e-01 -5.864240e-03 9.999797e-01 -2.509521e-03 -1.936237e-01 5.293417e-02 2.816469e-03 9.985940e-01 1.375180e+01
9.984933e-01 5.721620e-03 -5.457421e-02 -5.760172e-01 -6.023478e-03 9.999674e-01 -5.368261e-03 -1.956477e-01 5.454172e-02 5.688899e-03 9.984953e-01 1.463246e+01
9.983718e-01 8.397236e-03 -5.641957e-02 -6.444157e-01 -8.807646e-03 9.999365e-01 -7.029530e-03 -1.947577e-01 5.635696e-02 7.515009e-03 9.983824e-01 1.552176e+01
9.982904e-01 9.206695e-03 -5.771915e-02 -6.998131e-01 -9.599800e-03 9.999326e-01 -6.537072e-03 -2.012265e-01 5.765508e-02 7.079988e-03 9.983115e-01 1.642175e+01
9.982039e-01 9.321765e-03 -5.917783e-02 -7.524193e-01 -9.636266e-03 9.999409e-01 -5.031351e-03 -2.266085e-01 5.912743e-02 5.592567e-03 9.982348e-01 1.732604e+01
9.981146e-01 1.188737e-02 -6.021621e-02 -8.049728e-01 -1.212559e-02 9.999200e-01 -3.592179e-03 -2.479265e-01 6.016869e-02 4.315563e-03 9.981789e-01 1.823732e+01
9.980479e-01 1.165710e-02 -6.135565e-02 -8.592456e-01 -1.189196e-02 9.999233e-01 -3.464006e-03 -2.656324e-01 6.131056e-02 4.186883e-03 9.981100e-01 1.915064e+01
9.979359e-01 1.280057e-02 -6.292895e-02 -9.280950e-01 -1.311486e-02 9.999035e-01 -4.583882e-03 -2.775265e-01 6.286420e-02 5.399725e-03 9.980075e-01 2.006648e+01
9.978884e-01 9.998125e-03 -6.417765e-02 -9.952466e-01 -1.037431e-02 9.999309e-01 -5.531008e-03 -2.724478e-01 6.411792e-02 6.185127e-03 9.979232e-01 2.099273e+01
9.978348e-01 1.070628e-02 -6.489278e-02 -1.040889e+00 -1.095437e-02 9.999340e-01 -3.468467e-03 -2.951846e-01 6.485136e-02 4.171816e-03 9.978862e-01 2.192749e+01
9.978272e-01 1.237713e-02 -6.471306e-02 -1.118018e+00 -1.240027e-02 9.999231e-01 4.399622e-05 -3.177114e-01 6.470863e-02 7.585590e-04 9.979039e-01 2.286137e+01
9.978401e-01 1.433232e-02 -6.410654e-02 -1.165820e+00 -1.414648e-02 9.998943e-01 3.351954e-03 -3.291925e-01 6.414781e-02 -2.437833e-03 9.979374e-01 2.380410e+01
9.978996e-01 1.465100e-02 -6.310132e-02 -1.199416e+00 -1.429731e-02 9.998795e-01 6.053129e-03 -3.434652e-01 6.318239e-02 -5.138236e-03 9.979888e-01 2.475028e+01
9.978533e-01 1.496267e-02 -6.375633e-02 -1.173616e+00 -1.453021e-02 9.998682e-01 7.241320e-03 -3.655956e-01 6.385628e-02 -6.299383e-03 9.979392e-01 2.569910e+01
9.979305e-01 1.538909e-02 -6.243302e-02 -1.239141e+00 -1.514343e-02 9.998756e-01 4.405960e-03 -3.676407e-01 6.249306e-02 -3.451392e-03 9.980394e-01 2.665014e+01
9.979362e-01 1.652664e-02 -6.205023e-02 -1.304010e+00 -1.658722e-02 9.998623e-01 -4.612299e-04 -3.716508e-01 6.203407e-02 1.489519e-03 9.980729e-01 2.760798e+01
9.979950e-01 1.503235e-02 -6.148100e-02 -1.344207e+00 -1.526804e-02 9.998778e-01 -3.365608e-03 -3.797122e-01 6.142289e-02 4.297555e-03 9.981026e-01 2.857698e+01
9.980229e-01 1.426651e-02 -6.121151e-02 -1.390280e+00 -1.446390e-02 9.998915e-01 -2.782724e-03 -3.948841e-01 6.116517e-02 3.662579e-03 9.981209e-01 2.955281e+01
9.980562e-01 1.097576e-02 -6.134688e-02 -1.456800e+00 -1.086040e-02 9.999386e-01 2.213443e-03 -4.001241e-01 6.136741e-02 -1.542888e-03 9.981141e-01 3.053136e+01
9.980361e-01 7.347902e-03 -6.220822e-02 -1.515925e+00 -7.005154e-03 9.999591e-01 5.725996e-03 -4.156222e-01 6.224774e-02 -5.278972e-03 9.980468e-01 3.151007e+01
9.980235e-01 4.078717e-04 -6.284092e-02 -1.578153e+00 -1.290035e-04 9.999901e-01 4.441679e-03 -4.049560e-01 6.284211e-02 -4.424793e-03 9.980137e-01 3.248861e+01
9.979195e-01 -7.575917e-04 -6.446771e-02 -1.629378e+00 8.056556e-04 9.999994e-01 7.195571e-04 -4.343866e-01 6.446712e-02 -7.699988e-04 9.979195e-01 3.347267e+01
9.977893e-01 -9.730205e-04 -6.645046e-02 -1.691266e+00 7.582903e-04 9.999944e-01 -3.256579e-03 -4.394330e-01 6.645326e-02 3.198991e-03 9.977844e-01 3.448412e+01
9.976858e-01 8.792265e-04 -6.798793e-02 -1.772136e+00 -1.097703e-03 9.999944e-01 -3.176174e-03 -4.689361e-01 6.798475e-02 3.243454e-03 9.976811e-01 3.554107e+01
9.975991e-01 1.912419e-03 -6.922643e-02 -1.827067e+00 -2.045719e-03 9.999962e-01 -1.854717e-03 -4.935608e-01 6.922262e-02 1.991882e-03 9.975992e-01 3.658396e+01
9.975045e-01 5.213369e-03 -7.040998e-02 -1.902959e+00 -5.146664e-03 9.999861e-01 1.128759e-03 -5.161531e-01 7.041489e-02 -7.635654e-04 9.975175e-01 3.762750e+01
9.973993e-01 5.311457e-03 -7.187741e-02 -1.975522e+00 -5.140694e-03 9.999835e-01 2.560545e-03 -5.337691e-01 7.188983e-02 -2.184386e-03 9.974102e-01 3.865987e+01
9.973120e-01 8.879457e-03 -7.273208e-02 -2.034834e+00 -8.531185e-03 9.999506e-01 5.097684e-03 -5.591807e-01 7.277375e-02 -4.463490e-03 9.973385e-01 3.969574e+01
9.973334e-01 1.000579e-02 -7.229108e-02 -2.117250e+00 -9.427593e-03 9.999208e-01 8.334996e-03 -5.802715e-01 7.236876e-02 -7.631239e-03 9.973487e-01 4.071798e+01
9.971837e-01 1.532848e-02 -7.341459e-02 -2.169090e+00 -1.462792e-02 9.998423e-01 1.007079e-02 -5.622838e-01 7.355738e-02 -8.968526e-03 9.972507e-01 4.174138e+01
9.971564e-01 1.504406e-02 -7.384290e-02 -2.252617e+00 -1.435073e-02 9.998479e-01 9.910878e-03 -5.793022e-01 7.398077e-02 -8.822996e-03 9.972206e-01 4.275030e+01
9.971431e-01 1.467903e-02 -7.409534e-02 -2.324659e+00 -1.410978e-02 9.998668e-01 8.200246e-03 -5.808963e-01 7.420585e-02 -7.131350e-03 9.972174e-01 4.375564e+01
9.971668e-01 1.628828e-02 -7.343798e-02 -2.425565e+00 -1.587126e-02 9.998545e-01 6.258572e-03 -5.885392e-01 7.352923e-02 -5.075287e-03 9.972801e-01 4.475418e+01
9.971012e-01 1.607266e-02 -7.436962e-02 -2.504127e+00 -1.565200e-02 9.998581e-01 6.235746e-03 -5.922057e-01 7.445929e-02 -5.053636e-03 9.972112e-01 4.575278e+01
9.970204e-01 1.523218e-02 -7.562005e-02 -2.574194e+00 -1.472786e-02 9.998655e-01 7.222400e-03 -6.004010e-01 7.571989e-02 -6.087158e-03 9.971105e-01 4.674791e+01
9.969798e-01 1.452282e-02 -7.629191e-02 -2.659947e+00 -1.393300e-02 9.998688e-01 8.257737e-03 -6.014831e-01 7.640183e-02 -7.169822e-03 9.970513e-01 4.773322e+01
9.969102e-01 1.840668e-02 -7.636283e-02 -2.746288e+00 -1.809480e-02 9.998249e-01 4.774109e-03 -6.296122e-01 7.643734e-02 -3.377587e-03 9.970687e-01 4.870955e+01
9.968691e-01 1.929989e-02 -7.667805e-02 -2.837506e+00 -1.928832e-02 9.998136e-01 8.915761e-04 -6.461679e-01 7.668097e-02 5.902060e-04 9.970555e-01 4.968966e+01
9.968589e-01 2.174064e-02 -7.615581e-02 -2.924009e+00 -2.186182e-02 9.997607e-01 -7.578151e-04 -6.612230e-01 7.612112e-02 2.420339e-03 9.970956e-01 5.066930e+01
9.968534e-01 2.132610e-02 -7.634408e-02 -3.005328e+00 -2.119072e-02 9.997721e-01 2.583078e-03 -6.736697e-01 7.638177e-02 -9.571646e-04 9.970782e-01 5.164498e+01
9.969115e-01 1.802384e-02 -7.643700e-02 -3.084436e+00 -1.762195e-02 9.998271e-01 5.929055e-03 -6.808999e-01 7.653065e-02 -4.563774e-03 9.970568e-01 5.261433e+01
9.969536e-01 1.761787e-02 -7.598111e-02 -3.184680e+00 -1.718383e-02 9.998321e-01 6.362552e-03 -6.912655e-01 7.608045e-02 -5.037522e-03 9.970890e-01 5.357448e+01
9.969832e-01 1.369544e-02 -7.639953e-02 -3.255889e+00 -1.334261e-02 9.998978e-01 5.126717e-03 -6.937595e-01 7.646193e-02 -4.091882e-03 9.970641e-01 5.453770e+01
9.969601e-01 1.124600e-02 -7.709786e-02 -3.310664e+00 -1.098474e-02 9.999324e-01 3.811982e-03 -7.047268e-01 7.713551e-02 -2.953494e-03 9.970162e-01 5.549709e+01
9.968937e-01 9.849399e-03 -7.814008e-02 -3.391061e+00 -9.496500e-03 9.999430e-01 4.886561e-03 -7.102433e-01 7.818376e-02 -4.129325e-03 9.969304e-01 5.645805e+01
9.968336e-01 6.563995e-03 -7.924402e-02 -3.458898e+00 -5.892327e-03 9.999447e-01 8.706809e-03 -7.054711e-01 7.929679e-02 -8.212308e-03 9.968172e-01 5.741968e+01
9.968606e-01 6.368902e-03 -7.892031e-02 -3.573700e+00 -5.264207e-03 9.998853e-01 1.419775e-02 -7.280341e-01 7.900168e-02 -1.373772e-02 9.967798e-01 5.836682e+01
9.968123e-01 9.015270e-03 -7.927123e-02 -3.638681e+00 -7.710133e-03 9.998299e-01 1.675489e-02 -7.498363e-01 7.940880e-02 -1.609029e-02 9.967123e-01 5.930796e+01
9.966438e-01 1.203133e-02 -8.097100e-02 -3.699284e+00 -1.104524e-02 9.998594e-01 1.261522e-02 -7.662502e-01 8.111140e-02 -1.167854e-02 9.966366e-01 6.023316e+01
9.965181e-01 1.386531e-02 -8.221567e-02 -3.790011e+00 -1.351115e-02 9.998969e-01 4.862433e-03 -7.713717e-01 8.227461e-02 -3.734674e-03 9.966027e-01 6.114621e+01
9.964558e-01 1.560779e-02 -8.265767e-02 -3.884413e+00 -1.566848e-02 9.998772e-01 -8.564661e-05 -7.734323e-01 8.264619e-02 1.380463e-03 9.965780e-01 6.205513e+01
9.963405e-01 1.993204e-02 -8.311681e-02 -3.987372e+00 -1.992339e-02 9.998011e-01 9.335616e-04 -7.796547e-01 8.311889e-02 7.258232e-04 9.965394e-01 6.295083e+01
9.962327e-01 2.267164e-02 -8.370451e-02 -4.087484e+00 -2.247769e-02 9.997420e-01 3.258837e-03 -7.992874e-01 8.375680e-02 -1.365075e-03 9.964853e-01 6.383089e+01
9.960714e-01 2.558828e-02 -8.477602e-02 -4.168862e+00 -2.530337e-02 9.996700e-01 4.433799e-03 -8.004811e-01 8.486150e-02 -2.271262e-03 9.963902e-01 6.469889e+01
9.959637e-01 2.724446e-02 -8.552238e-02 -4.249459e+00 -2.699065e-02 9.996272e-01 4.122906e-03 -8.056005e-01 8.560282e-02 -1.797960e-03 9.963277e-01 6.555316e+01
9.957501e-01 2.873061e-02 -8.749978e-02 -4.307631e+00 -2.841359e-02 9.995844e-01 4.866652e-03 -8.053635e-01 8.760324e-02 -2.359786e-03 9.961527e-01 6.639732e+01
9.955608e-01 3.000895e-02 -8.920832e-02 -4.376562e+00 -2.960939e-02 9.995447e-01 5.799268e-03 -8.324121e-01 8.934173e-02 -3.132120e-03 9.959961e-01 6.722579e+01
9.954669e-01 3.087801e-02 -8.995716e-02 -4.469935e+00 -3.045018e-02 9.995175e-01 6.124835e-03 -8.394850e-01 9.010288e-02 -3.357859e-03 9.959268e-01 6.804003e+01
9.953106e-01 3.113824e-02 -9.158133e-02 -4.523147e+00 -3.059463e-02 9.995050e-01 7.333998e-03 -8.577736e-01 9.176436e-02 -4.497709e-03 9.957706e-01 6.884563e+01
9.951658e-01 3.230624e-02 -9.274351e-02 -4.618366e+00 -3.152465e-02 9.994541e-01 9.880562e-03 -8.383431e-01 9.301209e-02 -6.909091e-03 9.956410e-01 6.963671e+01
9.951035e-01 3.255843e-02 -9.332204e-02 -4.740218e+00 -3.139329e-02 9.994101e-01 1.392652e-02 -8.403461e-01 9.372041e-02 -1.092864e-02 9.955386e-01 7.040653e+01
9.948306e-01 3.603997e-02 -9.493764e-02 -4.819026e+00 -3.469826e-02 9.992738e-01 1.574619e-02 -8.482914e-01 9.543618e-02 -1.237063e-02 9.953587e-01 7.115901e+01
9.945231e-01 3.995293e-02 -9.657971e-02 -4.892221e+00 -3.904697e-02 9.991740e-01 1.125310e-02 -8.498752e-01 9.694953e-02 -7.420318e-03 9.952616e-01 7.188935e+01
9.943929e-01 3.990691e-02 -9.792979e-02 -4.981376e+00 -3.969721e-02 9.992034e-01 4.089601e-03 -8.622026e-01 9.801498e-02 -1.791304e-04 9.951849e-01 7.259967e+01
9.943328e-01 3.764223e-02 -9.942482e-02 -5.060900e+00 -3.797081e-02 9.992778e-01 -1.413964e-03 -8.850363e-01 9.929980e-02 5.181192e-03 9.950441e-01 7.329304e+01
9.942446e-01 4.027846e-02 -9.927425e-02 -5.153649e+00 -4.078568e-02 9.991632e-01 -3.084297e-03 -8.868951e-01 9.906694e-02 7.115513e-03 9.950553e-01 7.396670e+01
9.941117e-01 4.318262e-02 -9.938442e-02 -5.243715e+00 -4.335110e-02 9.990598e-01 4.647722e-04 -8.946789e-01 9.931105e-02 3.846388e-03 9.950490e-01 7.462031e+01
9.940550e-01 4.255911e-02 -1.002169e-01 -5.330921e+00 -4.249807e-02 9.990928e-01 2.744920e-03 -9.035028e-01 1.002428e-01 1.530423e-03 9.949618e-01 7.524815e+01
9.940957e-01 3.833896e-02 -1.015076e-01 -5.401339e+00 -3.860281e-02 9.992544e-01 -6.355369e-04 -9.052933e-01 1.014076e-01 4.550264e-03 9.948346e-01 7.585830e+01
9.943364e-01 3.094804e-02 -1.016728e-01 -5.451060e+00 -3.168988e-02 9.994816e-01 -5.688890e-03 -9.285698e-01 1.014440e-01 8.878670e-03 9.948016e-01 7.645253e+01
9.945464e-01 2.730443e-02 -1.006576e-01 -5.512020e+00 -2.849856e-02 9.995393e-01 -1.044418e-02 -9.496576e-01 1.003260e-01 1.325582e-02 9.948663e-01 7.703337e+01
9.948234e-01 2.973142e-02 -9.717174e-02 -5.573440e+00 -3.090115e-02 9.994667e-01 -1.055473e-02 -9.720182e-01 9.680611e-02 1.350281e-02 9.952117e-01 7.760223e+01
9.951080e-01 3.376972e-02 -9.284240e-02 -5.642262e+00 -3.466773e-02 9.993663e-01 -8.076302e-03 -9.707952e-01 9.251083e-02 1.125543e-02 9.956481e-01 7.815498e+01
9.955513e-01 3.288923e-02 -8.829390e-02 -5.672258e+00 -3.347958e-02 9.994258e-01 -5.213196e-03 -9.771240e-01 8.807175e-02 8.146047e-03 9.960808e-01 7.869819e+01
9.961282e-01 2.838481e-02 -8.320462e-02 -5.685213e+00 -2.857602e-02 9.995910e-01 -1.107929e-03 -9.818335e-01 8.313914e-02 3.481296e-03 9.965319e-01 7.922999e+01
9.968792e-01 2.418441e-02 -7.514605e-02 -5.705481e+00 -2.408260e-02 9.997074e-01 2.260741e-03 -9.945754e-01 7.517873e-02 -4.439733e-04 9.971700e-01 7.974208e+01
9.975407e-01 2.784630e-02 -6.432102e-02 -5.735733e+00 -2.778633e-02 9.996122e-01 1.826965e-03 -1.000722e+00 6.434696e-02 -3.522686e-05 9.979276e-01 8.024315e+01
9.981816e-01 3.327675e-02 -5.026107e-02 -5.724491e+00 -3.327940e-02 9.994458e-01 7.841874e-04 -1.001864e+00 5.025931e-02 8.898970e-04 9.987358e-01 8.073112e+01
9.987352e-01 3.835834e-02 -3.250724e-02 -5.735782e+00 -3.837057e-02 9.992635e-01 2.477349e-04 -9.959368e-01 3.249281e-02 9.998999e-04 9.994715e-01 8.120558e+01
9.992836e-01 3.629354e-02 -1.072319e-02 -5.723777e+00 -3.629338e-02 9.993412e-01 2.102181e-04 -1.006216e+00 1.072375e-02 1.791130e-04 9.999425e-01 8.166559e+01
9.993483e-01 3.219353e-02 1.632389e-02 -5.726037e+00 -3.221560e-02 9.994803e-01 1.090861e-03 -1.017789e+00 -1.628028e-02 -1.616034e-03 9.998662e-01 8.212047e+01
9.985239e-01 3.107713e-02 4.454455e-02 -5.664658e+00 -3.119929e-02 9.995111e-01 2.049563e-03 -1.028161e+00 -4.445908e-02 -3.436296e-03 9.990053e-01 8.256632e+01
9.963809e-01 3.065696e-02 7.927910e-02 -5.633610e+00 -3.096555e-02 9.995169e-01 2.665669e-03 -1.035691e+00 -7.915908e-02 -5.110942e-03 9.968489e-01 8.300287e+01
9.936528e-01 3.123152e-02 1.080677e-01 -5.446201e+00 -3.152668e-02 9.995024e-01 1.023411e-03 -1.025400e+00 -1.079819e-01 -4.423930e-03 9.941430e-01 8.339940e+01
9.892145e-01 3.127823e-02 1.430955e-01 -5.270296e+00 -3.165553e-02 9.994988e-01 3.603071e-04 -1.037553e+00 -1.430125e-01 -4.886185e-03 9.897088e-01 8.379364e+01
9.823131e-01 3.123641e-02 1.846219e-01 -5.124953e+00 -3.151443e-02 9.995023e-01 -1.429025e-03 -1.037145e+00 -1.845746e-01 -4.414502e-03 9.828086e-01 8.418038e+01
9.714886e-01 3.297067e-02 2.347823e-01 -5.008454e+00 -3.284755e-02 9.994505e-01 -4.436151e-03 -1.053384e+00 -2.347996e-01 -3.402354e-03 9.720378e-01 8.458008e+01
9.571426e-01 3.408563e-02 2.876043e-01 -4.864249e+00 -3.301192e-02 9.994181e-01 -8.583601e-03 -1.064198e+00 -2.877295e-01 -1.278640e-03 9.577109e-01 8.494975e+01
9.383848e-01 3.348455e-02 3.439663e-01 -4.708496e+00 -3.153738e-02 9.994392e-01 -1.125569e-02 -1.082339e+00 -3.441503e-01 -2.856333e-04 9.389145e-01 8.532123e+01
9.155212e-01 3.366942e-02 4.008581e-01 -4.515425e+00 -3.051799e-02 9.994327e-01 -1.424557e-02 -1.088027e+00 -4.011104e-01 8.087341e-04 9.160294e-01 8.566791e+01
8.892358e-01 3.298930e-02 4.562581e-01 -4.280458e+00 -2.850642e-02 9.994540e-01 -1.670624e-02 -1.102636e+00 -4.565601e-01 1.849508e-03 8.896907e-01 8.596440e+01
8.561882e-01 3.242926e-02 5.156453e-01 -4.063808e+00 -2.555475e-02 9.994647e-01 -2.042533e-02 -1.118070e+00 -5.160317e-01 4.310736e-03 8.565586e-01 8.628505e+01
8.205723e-01 3.162496e-02 5.706671e-01 -3.820173e+00 -2.317393e-02 9.994879e-01 -2.206694e-02 -1.138921e+00 -5.710727e-01 4.882927e-03 8.208850e-01 8.656748e+01
7.811920e-01 3.040139e-02 6.235502e-01 -3.558839e+00 -2.159788e-02 9.995318e-01 -2.167439e-02 -1.161586e+00 -6.239172e-01 3.464499e-03 7.814828e-01 8.685361e+01
7.383212e-01 3.075413e-02 6.737478e-01 -3.287658e+00 -2.300672e-02 9.995269e-01 -2.041302e-02 -1.180065e+00 -6.740568e-01 -4.293626e-04 7.386794e-01 8.712421e+01
6.945812e-01 3.029285e-02 7.187762e-01 -2.986812e+00 -2.132520e-02 9.995410e-01 -2.151833e-02 -1.190635e+00 -7.190981e-01 -3.818226e-04 6.949084e-01 8.734956e+01
6.489918e-01 2.822033e-02 7.602718e-01 -2.671989e+00 -1.706367e-02 9.996004e-01 -2.253782e-02 -1.214622e+00 -7.606040e-01 1.653829e-03 6.492140e-01 8.756162e+01
6.048229e-01 2.570041e-02 7.959452e-01 -2.340705e+00 -1.096614e-02 9.996531e-01 -2.394502e-02 -1.234684e+00 -7.962845e-01 5.754049e-03 6.048949e-01 8.772741e+01
5.585103e-01 2.783846e-02 8.290303e-01 -2.009899e+00 -1.183115e-02 9.996024e-01 -2.559565e-02 -1.250525e+00 -8.294132e-01 4.487053e-03 5.586176e-01 8.791429e+01
5.116295e-01 3.038638e-02 8.586687e-01 -1.670871e+00 -1.438119e-02 9.995373e-01 -2.680252e-02 -1.270495e+00 -8.590858e-01 1.364284e-03 5.118298e-01 8.808728e+01
4.670536e-01 3.208861e-02 8.836466e-01 -1.324492e+00 -1.289010e-02 9.994822e-01 -2.948195e-02 -1.279729e+00 -8.841351e-01 2.379356e-03 4.672253e-01 8.823450e+01
4.242236e-01 2.877084e-02 9.051003e-01 -9.607393e-01 -4.688284e-03 9.995515e-01 -2.957579e-02 -1.301517e+00 -9.055453e-01 8.303384e-03 4.241683e-01 8.836895e+01
3.847894e-01 2.086618e-02 9.227685e-01 -5.927271e-01 1.107723e-02 9.995680e-01 -2.722196e-02 -1.315730e+00 -9.229379e-01 2.069644e-02 3.843921e-01 8.848320e+01
3.499445e-01 1.823955e-02 9.365928e-01 -2.203980e-01 1.515975e-02 9.995692e-01 -2.513020e-02 -1.323699e+00 -9.366477e-01 2.299269e-02 3.495173e-01 8.858353e+01
3.171281e-01 2.177575e-02 9.481327e-01 1.533853e-01 1.345986e-02 9.995323e-01 -2.745825e-02 -1.342867e+00 -9.482872e-01 2.146952e-02 3.166867e-01 8.868803e+01
2.864734e-01 2.938321e-02 9.576375e-01 5.318441e-01 2.583071e-03 9.995023e-01 -3.144046e-02 -1.375243e+00 -9.580847e-01 1.148050e-02 2.862549e-01 8.879142e+01
2.581028e-01 3.296790e-02 9.655548e-01 9.234863e-01 -3.058936e-03 9.994405e-01 -3.330721e-02 -1.415054e+00 -9.661126e-01 5.643113e-03 2.580592e-01 8.888301e+01
2.321494e-01 3.407119e-02 9.720832e-01 1.325500e+00 -2.030423e-03 9.994011e-01 -3.454378e-02 -1.447898e+00 -9.726780e-01 6.045576e-03 2.320795e-01 8.896377e+01
2.089733e-01 3.514575e-02 9.772896e-01 1.744626e+00 5.690718e-03 9.992934e-01 -3.715391e-02 -1.469247e+00 -9.779048e-01 1.332566e-02 2.086257e-01 8.902530e+01
1.887997e-01 4.010403e-02 9.811964e-01 2.170079e+00 1.454506e-02 9.989420e-01 -4.362806e-02 -1.478199e+00 -9.819079e-01 2.250853e-02 1.880167e-01 8.908402e+01
1.693815e-01 4.683744e-02 9.844370e-01 2.617363e+00 1.618952e-02 9.986031e-01 -5.029699e-02 -1.489888e+00 -9.854176e-01 2.445694e-02 1.683866e-01 8.913544e+01
1.521314e-01 4.732561e-02 9.872266e-01 3.080360e+00 1.453655e-02 9.986378e-01 -5.011272e-02 -1.513502e+00 -9.882534e-01 2.197458e-02 1.512362e-01 8.920243e+01
1.371463e-01 4.321715e-02 9.896076e-01 3.551147e+00 1.405768e-02 9.988623e-01 -4.556952e-02 -1.538919e+00 -9.904510e-01 2.016128e-02 1.363827e-01 8.926416e+01
1.232566e-01 3.968373e-02 9.915811e-01 4.034861e+00 1.580093e-02 9.989950e-01 -4.194454e-02 -1.566992e+00 -9.922490e-01 2.083784e-02 1.225057e-01 8.932100e+01
1.099367e-01 3.678519e-02 9.932577e-01 4.530349e+00 1.872417e-02 9.990609e-01 -3.907256e-02 -1.592925e+00 -9.937622e-01 2.289344e-02 1.091447e-01 8.936643e+01
9.839642e-02 3.606836e-02 9.944934e-01 5.043653e+00 2.267761e-02 9.990022e-01 -3.847563e-02 -1.612907e+00 -9.948889e-01 2.633859e-02 9.748029e-02 8.940463e+01
8.805752e-02 3.657104e-02 9.954438e-01 5.571422e+00 2.587702e-02 9.989046e-01 -3.898728e-02 -1.639351e+00 -9.957792e-01 2.919224e-02 8.701471e-02 8.945298e+01
8.017621e-02 3.685125e-02 9.960993e-01 6.115150e+00 2.854492e-02 9.988216e-01 -3.924955e-02 -1.665679e+00 -9.963719e-01 3.158046e-02 7.902981e-02 8.949859e+01
7.477947e-02 3.684873e-02 9.965190e-01 6.678039e+00 3.065634e-02 9.987597e-01 -3.923206e-02 -1.692683e+00 -9.967288e-01 3.348338e-02 7.355708e-02 8.952524e+01
6.916644e-02 3.784454e-02 9.968871e-01 7.260440e+00 3.234435e-02 9.986698e-01 -4.015635e-02 -1.718379e+00 -9.970807e-01 3.502113e-02 6.785038e-02 8.956421e+01
6.228393e-02 3.834144e-02 9.973217e-01 7.861778e+00 3.123065e-02 9.986976e-01 -4.034473e-02 -1.749395e+00 -9.975697e-01 3.365984e-02 6.100539e-02 8.960243e+01
5.904602e-02 3.860717e-02 9.975084e-01 8.481223e+00 3.478125e-02 9.985656e-01 -4.070691e-02 -1.759939e+00 -9.976492e-01 3.709817e-02 5.761852e-02 8.960785e+01
5.634457e-02 3.853339e-02 9.976675e-01 9.120022e+00 3.653673e-02 9.985061e-01 -4.062924e-02 -1.786597e+00 -9.977426e-01 3.874074e-02 5.485251e-02 8.963335e+01
5.336489e-02 3.813970e-02 9.978465e-01 9.773829e+00 3.768312e-02 9.984817e-01 -4.017928e-02 -1.810613e+00 -9.978638e-01 3.974613e-02 5.184664e-02 8.966549e+01
5.128194e-02 3.744295e-02 9.979821e-01 1.044638e+01 4.155930e-02 9.983513e-01 -3.959235e-02 -1.825201e+00 -9.978191e-01 4.350581e-02 4.964128e-02 8.970759e+01
5.071532e-02 3.682461e-02 9.980340e-01 1.113094e+01 4.755083e-02 9.980976e-01 -3.924326e-02 -1.847173e+00 -9.975805e-01 4.944758e-02 4.886780e-02 8.975341e+01
5.213285e-02 3.630121e-02 9.979802e-01 1.183750e+01 5.179114e-02 9.978960e-01 -3.900363e-02 -1.874339e+00 -9.972963e-01 5.371990e-02 5.014308e-02 8.977922e+01
5.603414e-02 3.684810e-02 9.977487e-01 1.255950e+01 5.134632e-02 9.978900e-01 -3.973696e-02 -1.895617e+00 -9.971077e-01 5.345735e-02 5.402390e-02 8.973849e+01
6.140174e-02 3.720863e-02 9.974193e-01 1.329838e+01 5.330421e-02 9.977566e-01 -4.050265e-02 -1.911507e+00 -9.966888e-01 5.565358e-02 5.928061e-02 8.971712e+01
6.575222e-02 3.679281e-02 9.971574e-01 1.405582e+01 5.375274e-02 9.977384e-01 -4.035869e-02 -1.940414e+00 -9.963871e-01 5.625362e-02 6.362580e-02 8.976406e+01
7.016432e-02 3.568201e-02 9.968971e-01 1.482683e+01 5.665266e-02 9.976045e-01 -3.969470e-02 -1.941220e+00 -9.959254e-01 5.926202e-02 6.797477e-02 8.980441e+01
7.495371e-02 3.464493e-02 9.965850e-01 1.561479e+01 5.599431e-02 9.976732e-01 -3.889413e-02 -1.954681e+00 -9.956137e-01 5.871835e-02 7.283940e-02 8.981651e+01
7.897539e-02 3.270756e-02 9.963399e-01 1.640624e+01 5.280069e-02 9.979214e-01 -3.694476e-02 -1.991830e+00 -9.954773e-01 5.552516e-02 7.708426e-02 8.988827e+01
8.311891e-02 3.180688e-02 9.960319e-01 1.720590e+01 5.222438e-02 9.979781e-01 -3.622715e-02 -2.020965e+00 -9.951703e-01 5.502831e-02 8.128975e-02 8.996143e+01
8.716395e-02 3.332914e-02 9.956363e-01 1.800451e+01 5.244367e-02 9.979008e-01 -3.799618e-02 -2.026650e+00 -9.948126e-01 5.552671e-02 8.523307e-02 9.006678e+01
9.055174e-02 3.786166e-02 9.951718e-01 1.881160e+01 5.129469e-02 9.977734e-01 -4.262800e-02 -2.048856e+00 -9.945699e-01 5.490707e-02 8.840801e-02 9.013971e+01
9.201873e-02 4.314428e-02 9.948222e-01 1.962333e+01 4.490028e-02 9.978649e-01 -4.742942e-02 -2.093466e+00 -9.947444e-01 4.903218e-02 8.988507e-02 9.020805e+01
9.198905e-02 4.619722e-02 9.946878e-01 2.043861e+01 4.190757e-02 9.978586e-01 -5.022011e-02 -2.138410e+00 -9.948778e-01 4.630465e-02 8.985605e-02 9.028313e+01
9.198382e-02 4.581239e-02 9.947061e-01 2.125349e+01 3.991402e-02 9.979686e-01 -4.965363e-02 -2.185948e+00 -9.949602e-01 4.427005e-02 8.996841e-02 9.036612e+01
9.229493e-02 4.397345e-02 9.947603e-01 2.206757e+01 3.640252e-02 9.982075e-01 -4.750331e-02 -2.239050e+00 -9.950661e-01 4.059609e-02 9.052876e-02 9.043997e+01
9.301663e-02 4.297656e-02 9.947366e-01 2.288316e+01 3.922538e-02 9.981342e-01 -4.679127e-02 -2.267548e+00 -9.948916e-01 4.337129e-02 9.115731e-02 9.051381e+01
9.296126e-02 4.237560e-02 9.947676e-01 2.369362e+01 3.595707e-02 9.982993e-01 -4.588624e-02 -2.324630e+00 -9.950202e-01 4.003457e-02 9.127946e-02 9.060376e+01
9.200382e-02 4.308405e-02 9.948261e-01 2.449847e+01 3.402747e-02 9.983440e-01 -4.638334e-02 -2.385050e+00 -9.951771e-01 3.811886e-02 9.038542e-02 9.071045e+01
9.220327e-02 4.452344e-02 9.947443e-01 2.530588e+01 3.219278e-02 9.983443e-01 -4.766854e-02 -2.410811e+00 -9.952197e-01 3.641878e-02 9.061727e-02 9.079943e+01
9.087944e-02 4.581514e-02 9.948075e-01 2.611444e+01 2.763863e-02 9.984404e-01 -4.850734e-02 -2.471160e+00 -9.954783e-01 3.190344e-02 8.947143e-02 9.086632e+01
8.813081e-02 4.556637e-02 9.950662e-01 2.692132e+01 2.546436e-02 9.985237e-01 -4.798002e-02 -2.518119e+00 -9.957834e-01 2.956724e-02 8.684038e-02 9.094259e+01
8.548958e-02 4.298953e-02 9.954112e-01 2.773142e+01 2.179064e-02 9.987491e-01 -4.500515e-02 -2.593302e+00 -9.961007e-01 2.553811e-02 8.444587e-02 9.095982e+01
8.003067e-02 4.043533e-02 9.959719e-01 2.853910e+01 1.919034e-02 9.989292e-01 -4.209742e-02 -2.646112e+00 -9.966077e-01 2.248213e-02 7.916900e-02 9.103751e+01
7.434070e-02 3.830585e-02 9.964969e-01 2.934361e+01 1.833580e-02 9.990406e-01 -3.977151e-02 -2.690778e+00 -9.970643e-01 2.122821e-02 7.356700e-02 9.109756e+01
6.726337e-02 3.865005e-02 9.969864e-01 3.014299e+01 1.949161e-02 9.990078e-01 -4.004345e-02 -2.726301e+00 -9.975448e-01 2.212633e-02 6.644328e-02 9.115973e+01
5.860350e-02 3.976507e-02 9.974890e-01 3.094251e+01 1.964942e-02 9.989668e-01 -4.097841e-02 -2.762342e+00 -9.980879e-01 2.200156e-02 5.776159e-02 9.120990e+01
4.871035e-02 4.018928e-02 9.980041e-01 3.173876e+01 2.039167e-02 9.989419e-01 -4.122232e-02 -2.801358e+00 -9.986048e-01 2.235893e-02 4.783928e-02 9.124972e+01
3.944095e-02 3.866428e-02 9.984736e-01 3.252975e+01 2.159455e-02 9.989847e-01 -3.953709e-02 -2.854945e+00 -9.989885e-01 2.312097e-02 3.856596e-02 9.124660e+01
2.802678e-02 3.778789e-02 9.988927e-01 3.332033e+01 1.982565e-02 9.990676e-01 -3.835077e-02 -2.904366e+00 -9.994105e-01 2.087855e-02 2.725148e-02 9.127073e+01
1.650547e-02 3.685153e-02 9.991844e-01 3.410622e+01 2.037892e-02 9.991006e-01 -3.718507e-02 -2.950757e+00 -9.996561e-01 2.097606e-02 1.573963e-02 9.128482e+01
6.089963e-03 3.700834e-02 9.992964e-01 3.488492e+01 2.070155e-02 9.990961e-01 -3.712708e-02 -2.998686e+00 -9.997672e-01 2.091309e-02 5.318328e-03 9.126798e+01
-5.427575e-03 3.793834e-02 9.992653e-01 3.566064e+01 2.161027e-02 9.990511e-01 -3.781284e-02 -3.031986e+00 -9.997517e-01 2.138916e-02 -6.242283e-03 9.127798e+01
-1.603164e-02 3.930048e-02 9.990988e-01 3.642980e+01 2.207970e-02 9.989975e-01 -3.894220e-02 -3.061826e+00 -9.996277e-01 2.143549e-02 -1.688331e-02 9.127449e+01
-2.683215e-02 4.078895e-02 9.988074e-01 3.719103e+01 2.414564e-02 9.989021e-01 -4.014416e-02 -3.094080e+00 -9.993483e-01 2.303969e-02 -2.778757e-02 9.127235e+01
-3.663053e-02 4.148602e-02 9.984674e-01 3.794455e+01 2.507288e-02 9.988616e-01 -4.058256e-02 -3.135824e+00 -9.990143e-01 2.354789e-02 -3.762900e-02 9.125204e+01
-4.631682e-02 4.286903e-02 9.980065e-01 3.869124e+01 2.736748e-02 9.987582e-01 -4.163121e-02 -3.165072e+00 -9.985518e-01 2.538470e-02 -4.743252e-02 9.123392e+01
-5.756281e-02 4.330288e-02 9.974023e-01 3.943066e+01 2.850426e-02 9.987229e-01 -4.171515e-02 -3.203740e+00 -9.979349e-01 2.602897e-02 -5.872361e-02 9.124640e+01
-6.610698e-02 4.290976e-02 9.968895e-01 4.016065e+01 3.025217e-02 9.987018e-01 -4.098165e-02 -3.238556e+00 -9.973538e-01 2.744889e-02 -6.731928e-02 9.119083e+01
-7.333938e-02 4.121442e-02 9.964551e-01 4.088063e+01 3.139984e-02 9.987458e-01 -3.899813e-02 -3.281927e+00 -9.968126e-01 2.842843e-02 -7.454153e-02 9.112755e+01
-7.855989e-02 3.966575e-02 9.961200e-01 4.159318e+01 3.325217e-02 9.987564e-01 -3.714827e-02 -3.313370e+00 -9.963547e-01 3.020479e-02 -7.978116e-02 9.104313e+01
-8.306455e-02 3.864737e-02 9.957945e-01 4.229713e+01 3.575159e-02 9.987200e-01 -3.577868e-02 -3.341050e+00 -9.959027e-01 3.262930e-02 -8.433993e-02 9.099373e+01
-8.610088e-02 3.745716e-02 9.955820e-01 4.298529e+01 3.741332e-02 9.987097e-01 -3.433922e-02 -3.372816e+00 -9.955837e-01 3.429139e-02 -8.739118e-02 9.093917e+01
-8.756636e-02 3.675165e-02 9.954805e-01 4.365904e+01 3.868359e-02 9.986909e-01 -3.346741e-02 -3.405551e+00 -9.954073e-01 3.557814e-02 -8.887341e-02 9.087285e+01
-8.807017e-02 3.646450e-02 9.954466e-01 4.431282e+01 3.825259e-02 9.987164e-01 -3.319995e-02 -3.460170e+00 -9.953795e-01 3.515449e-02 -8.935199e-02 9.080235e+01
-8.698074e-02 3.779928e-02 9.954926e-01 4.495346e+01 3.948297e-02 9.986256e-01 -3.446843e-02 -3.483327e+00 -9.954273e-01 3.630691e-02 -8.835362e-02 9.074745e+01
-8.413465e-02 3.896373e-02 9.956923e-01 4.557371e+01 3.965013e-02 9.985747e-01 -3.572614e-02 -3.525675e+00 -9.956652e-01 3.647352e-02 -8.555965e-02 9.068996e+01
-7.908478e-02 3.944804e-02 9.960871e-01 4.617656e+01 3.933787e-02 9.985619e-01 -3.642280e-02 -3.558956e+00 -9.960914e-01 3.630345e-02 -8.052286e-02 9.065163e+01
-7.208119e-02 4.022857e-02 9.965872e-01 4.676046e+01 3.989434e-02 9.985030e-01 -3.742043e-02 -3.594840e+00 -9.966006e-01 3.706088e-02 -7.357817e-02 9.064387e+01
-6.091687e-02 4.003116e-02 9.973398e-01 4.732292e+01 3.833523e-02 9.985521e-01 -3.773833e-02 -3.631200e+00 -9.974064e-01 3.593435e-02 -6.236327e-02 9.061384e+01
-4.692359e-02 4.084016e-02 9.980633e-01 4.786586e+01 3.893412e-02 9.984794e-01 -3.902671e-02 -3.657349e+00 -9.981394e-01 3.702744e-02 -4.844231e-02 9.059850e+01
-2.943340e-02 4.201183e-02 9.986835e-01 4.840002e+01 3.790951e-02 9.984445e-01 -4.088450e-02 -3.695912e+00 -9.988476e-01 3.665623e-02 -3.098026e-02 9.058304e+01
-7.695058e-03 4.440064e-02 9.989842e-01 4.892701e+01 3.625579e-02 9.983693e-01 -4.409403e-02 -3.730782e+00 -9.993129e-01 3.587965e-02 -9.292290e-03 9.058490e+01
1.672030e-02 4.789601e-02 9.987124e-01 4.944986e+01 3.442528e-02 9.982322e-01 -4.844932e-02 -3.751559e+00 -9.992674e-01 3.519104e-02 1.504191e-02 9.061124e+01
4.570629e-02 5.039830e-02 9.976828e-01 4.997417e+01 3.375416e-02 9.980783e-01 -5.196464e-02 -3.766819e+00 -9.983845e-01 3.605105e-02 4.391731e-02 9.063765e+01
7.662513e-02 4.983767e-02 9.958136e-01 5.048774e+01 2.981778e-02 9.981887e-01 -5.225094e-02 -3.799844e+00 -9.966140e-01 3.369669e-02 7.500029e-02 9.072553e+01
1.130359e-01 4.779249e-02 9.924408e-01 5.099087e+01 2.760652e-02 9.983058e-01 -5.121922e-02 -3.829642e+00 -9.932073e-01 3.318745e-02 1.115250e-01 9.082680e+01
1.555852e-01 4.452236e-02 9.868186e-01 5.149533e+01 2.502474e-02 9.984855e-01 -4.899422e-02 -3.855390e+00 -9.875054e-01 3.231766e-02 1.542354e-01 9.092275e+01
1.970232e-01 4.047356e-02 9.795630e-01 5.198193e+01 1.989305e-02 9.987768e-01 -4.526860e-02 -3.885845e+00 -9.801970e-01 2.840547e-02 1.959771e-01 9.109321e+01
2.481837e-01 3.685828e-02 9.680115e-01 5.246462e+01 1.463723e-02 9.990191e-01 -4.179170e-02 -3.932310e+00 -9.686024e-01 2.454102e-02 2.474008e-01 9.120373e+01
2.974462e-01 3.593589e-02 9.540620e-01 5.292108e+01 1.001034e-02 9.991191e-01 -4.075392e-02 -3.954843e+00 -9.546861e-01 2.167258e-02 2.968244e-01 9.140461e+01
3.530673e-01 3.532338e-02 9.349309e-01 5.337556e+01 8.440721e-03 9.991261e-01 -4.093634e-02 -3.987917e+00 -9.355599e-01 2.234477e-02 3.524606e-01 9.159556e+01
4.154703e-01 3.461538e-02 9.089479e-01 5.380651e+01 8.239996e-03 9.990914e-01 -4.181472e-02 -4.026991e+00 -9.095694e-01 2.486250e-02 4.148076e-01 9.176808e+01
4.637108e-01 3.858999e-02 8.851458e-01 5.413377e+01 6.501126e-03 9.988759e-01 -4.695413e-02 -4.047291e+00 -8.859628e-01 2.752758e-02 4.629386e-01 9.211878e+01
5.066199e-01 4.129028e-02 8.611802e-01 5.439787e+01 6.375888e-03 9.986458e-01 -5.163207e-02 -4.077014e+00 -8.621460e-01 3.164862e-02 5.056706e-01 9.248910e+01
5.640515e-01 4.425251e-02 8.245530e-01 5.475524e+01 1.907579e-03 9.984905e-01 -5.489239e-02 -4.113084e+00 -8.257374e-01 3.253503e-02 5.631156e-01 9.280370e+01
6.192803e-01 4.766322e-02 7.837220e-01 5.509423e+01 -3.822205e-03 9.983270e-01 -5.769452e-02 -4.134440e+00 -7.851607e-01 3.273353e-02 6.184264e-01 9.313744e+01
6.730336e-01 4.813460e-02 7.380439e-01 5.540839e+01 -6.978743e-03 9.982489e-01 -5.874093e-02 -4.164379e+00 -7.395790e-01 3.438400e-02 6.721909e-01 9.346159e+01
7.219786e-01 4.632110e-02 6.903631e-01 5.570652e+01 -9.286734e-03 9.983154e-01 -5.727167e-02 -4.199321e+00 -6.918530e-01 3.493770e-02 7.211926e-01 9.383291e+01
7.669912e-01 4.246477e-02 6.402510e-01 5.597669e+01 -1.234021e-02 9.985994e-01 -5.144929e-02 -4.228641e+00 -6.415390e-01 3.156033e-02 7.664409e-01 9.422610e+01
8.084866e-01 3.504367e-02 5.874703e-01 5.621401e+01 -1.224589e-02 9.990112e-01 -4.273983e-02 -4.266092e+00 -5.883872e-01 2.736048e-02 8.081163e-01 9.461498e+01
8.442943e-01 3.395946e-02 5.348027e-01 5.640679e+01 -1.737672e-02 9.992001e-01 -3.601560e-02 -4.284967e+00 -5.355980e-01 2.111465e-02 8.442091e-01 9.505551e+01
8.752230e-01 3.428389e-02 4.825032e-01 5.660729e+01 -2.207284e-02 9.992767e-01 -3.096443e-02 -4.265488e+00 -4.832158e-01 1.645057e-02 8.753467e-01 9.549369e+01
9.007889e-01 3.229785e-02 4.330545e-01 5.676380e+01 -2.425765e-02 9.994157e-01 -2.408000e-02 -4.302439e+00 -4.335792e-01 1.118611e-02 9.010460e-01 9.593538e+01
9.209983e-01 3.674245e-02 3.878300e-01 5.691455e+01 -3.149375e-02 9.993062e-01 -1.988311e-02 -4.314284e+00 -3.882914e-01 6.098090e-03 9.215165e-01 9.640237e+01
9.363186e-01 4.247628e-02 3.485730e-01 5.704074e+01 -3.911909e-02 9.990955e-01 -1.666777e-02 -4.326167e+00 -3.489658e-01 1.970485e-03 9.371334e-01 9.686465e+01
9.483313e-01 4.624466e-02 3.138935e-01 5.714059e+01 -4.313488e-02 9.989272e-01 -1.684931e-02 -4.343050e+00 -3.143360e-01 2.438972e-03 9.493087e-01 9.734575e+01
9.578852e-01 4.819855e-02 2.830774e-01 5.726782e+01 -4.551454e-02 9.988347e-01 -1.605456e-02 -4.349942e+00 -2.835213e-01 2.494287e-03 9.589627e-01 9.782143e+01
9.643128e-01 4.256358e-02 2.613219e-01 5.737506e+01 -3.981155e-02 9.990820e-01 -1.581847e-02 -4.353600e+00 -2.617553e-01 4.850321e-03 9.651221e-01 9.830575e+01
9.685503e-01 4.002246e-02 2.455780e-01 5.750013e+01 -3.755103e-02 9.991860e-01 -1.473999e-02 -4.370359e+00 -2.459680e-01 5.054717e-03 9.692648e-01 9.879714e+01
9.714794e-01 4.469730e-02 2.328731e-01 5.760298e+01 -4.241667e-02 9.989905e-01 -1.479457e-02 -4.382163e+00 -2.332993e-01 4.494919e-03 9.723946e-01 9.930491e+01
9.733077e-01 5.028828e-02 2.239268e-01 5.768047e+01 -4.830541e-02 9.987298e-01 -1.432780e-02 -4.392687e+00 -2.243629e-01 3.128480e-03 9.745006e-01 9.982474e+01
9.742620e-01 5.813554e-02 2.177931e-01 5.777586e+01 -5.615291e-02 9.983051e-01 -1.528682e-02 -4.405961e+00 -2.183127e-01 2.663654e-03 9.758752e-01 1.003521e+02
9.745373e-01 6.367493e-02 2.149941e-01 5.787731e+01 -6.102687e-02 9.979564e-01 -1.893931e-02 -4.416845e+00 -2.157607e-01 5.336653e-03 9.764317e-01 1.008883e+02
9.745838e-01 6.475574e-02 2.144601e-01 5.799021e+01 -6.159912e-02 9.978720e-01 -2.137666e-02 -4.438420e+00 -2.153880e-01 7.622791e-03 9.764988e-01 1.014328e+02
9.742029e-01 6.308575e-02 2.166767e-01 5.811856e+01 -5.905346e-02 9.979407e-01 -2.504091e-02 -4.453794e+00 -2.178102e-01 1.159942e-02 9.759222e-01 1.019824e+02
9.735006e-01 6.101153e-02 2.203954e-01 5.825746e+01 -5.541005e-02 9.979662e-01 -3.151485e-02 -4.468360e+00 -2.218699e-01 1.846760e-02 9.749014e-01 1.025418e+02
9.727384e-01 6.098231e-02 2.237436e-01 5.840914e+01 -5.425331e-02 9.978742e-01 -3.610559e-02 -4.490737e+00 -2.254698e-01 2.298246e-02 9.739790e-01 1.031195e+02
9.713417e-01 6.574735e-02 2.284132e-01 5.851806e+01 -5.921315e-02 9.976192e-01 -3.535092e-02 -4.521522e+00 -2.301936e-01 2.081276e-02 9.729223e-01 1.037178e+02
9.697542e-01 6.904733e-02 2.341139e-01 5.865853e+01 -6.343713e-02 9.974911e-01 -3.141924e-02 -4.547750e+00 -2.356960e-01 1.561742e-02 9.717013e-01 1.043246e+02
9.688056e-01 6.631065e-02 2.387857e-01 5.883481e+01 -6.172465e-02 9.977376e-01 -2.664080e-02 -4.575309e+00 -2.400120e-01 1.107080e-02 9.707068e-01 1.049325e+02
9.678878e-01 6.322128e-02 2.433028e-01 5.898351e+01 -5.985141e-02 9.979816e-01 -2.122549e-02 -4.598447e+00 -2.441536e-01 5.981873e-03 9.697181e-01 1.055614e+02
9.670244e-01 6.039960e-02 2.474179e-01 5.913613e+01 -5.803904e-02 9.981724e-01 -1.683000e-02 -4.618102e+00 -2.479823e-01 1.915115e-03 9.687627e-01 1.061959e+02
9.665684e-01 5.557835e-02 2.503129e-01 5.931013e+01 -5.320214e-02 9.984515e-01 -1.625478e-02 -4.635947e+00 -2.508287e-01 2.394175e-03 9.680285e-01 1.068342e+02
9.667103e-01 5.172726e-02 2.505903e-01 5.947245e+01 -4.844998e-02 9.986404e-01 -1.923392e-02 -4.660233e+00 -2.512445e-01 6.452528e-03 9.679021e-01 1.074797e+02
9.669668e-01 5.112024e-02 2.497236e-01 5.965968e+01 -4.603759e-02 9.985972e-01 -2.615575e-02 -4.685584e+00 -2.507104e-01 1.379507e-02 9.679638e-01 1.081316e+02
9.669923e-01 5.376349e-02 2.490690e-01 5.981358e+01 -4.703592e-02 9.983516e-01 -3.288846e-02 -4.700498e+00 -2.504266e-01 2.008769e-02 9.679272e-01 1.088071e+02
9.673939e-01 5.741430e-02 2.466831e-01 5.996924e+01 -4.990530e-02 9.980835e-01 -3.659015e-02 -4.719496e+00 -2.483111e-01 2.308630e-02 9.684052e-01 1.095033e+02
9.679105e-01 5.540289e-02 2.451117e-01 6.012590e+01 -4.882688e-02 9.982676e-01 -3.282935e-02 -4.734759e+00 -2.465059e-01 1.980784e-02 9.689388e-01 1.102159e+02
9.683120e-01 5.128851e-02 2.444205e-01 6.027837e+01 -4.660434e-02 9.986027e-01 -2.491325e-02 -4.767901e+00 -2.453567e-01 1.273274e-02 9.693492e-01 1.109389e+02
9.688071e-01 5.146039e-02 2.424143e-01 6.044858e+01 -4.826025e-02 9.986517e-01 -1.912481e-02 -4.791951e+00 -2.430716e-01 6.829279e-03 9.699843e-01 1.116620e+02
9.687351e-01 5.597856e-02 2.416995e-01 6.060044e+01 -5.270173e-02 9.984099e-01 -2.000637e-02 -4.812651e+00 -2.424351e-01 6.642896e-03 9.701449e-01 1.123952e+02
9.689701e-01 6.169143e-02 2.393558e-01 6.077371e+01 -5.746464e-02 9.980443e-01 -2.460461e-02 -4.830993e+00 -2.404056e-01 1.008663e-02 9.706201e-01 1.131363e+02
9.699375e-01 6.266170e-02 2.351485e-01 6.095939e+01 -5.723177e-02 9.979145e-01 -2.985254e-02 -4.854916e+00 -2.365287e-01 1.549713e-02 9.715009e-01 1.138870e+02
9.709456e-01 6.156103e-02 2.312464e-01 6.113275e+01 -5.553823e-02 9.979284e-01 -3.247143e-02 -4.888595e+00 -2.327663e-01 1.868498e-02 9.723532e-01 1.146565e+02
9.719457e-01 5.961574e-02 2.275247e-01 6.131407e+01 -5.400113e-02 9.980649e-01 -3.082838e-02 -4.913311e+00 -2.289222e-01 1.767692e-02 9.732842e-01 1.154332e+02
9.729271e-01 5.534737e-02 2.243868e-01 6.150744e+01 -5.027494e-02 9.983355e-01 -2.826097e-02 -4.952170e+00 -2.255775e-01 1.621483e-02 9.740903e-01 1.162207e+02
9.733950e-01 5.444965e-02 2.225701e-01 6.170335e+01 -5.002914e-02 9.984233e-01 -2.545576e-02 -4.984154e+00 -2.236053e-01 1.364352e-02 9.745843e-01 1.170273e+02
9.739142e-01 5.051211e-02 2.212231e-01 6.189465e+01 -4.654210e-02 9.986486e-01 -2.312522e-02 -5.014523e+00 -2.220923e-01 1.222579e-02 9.749490e-01 1.178356e+02
