1.000000e+00 0.000000e+00 0.000000e+00 0.000000e+00 0.000000e+00 1.000000e+00 0.000000e+00 0.000000e+00 0.000000e+00 0.000000e+00 1.000000e+00 0.000000e+00
9.999995e-01 1.349076e-04 9.547235e-04 -7.278719e-03 -1.304434e-04 9.999891e-01 -4.674436e-03 -8.636692e-03 -9.553437e-04 4.674310e-03 9.999886e-01 9.632559e-01
9.999939e-01 -2.062720e-03 2.831370e-03 -4.138301e-02 2.077567e-03 9.999841e-01 -5.251015e-03 -7.299355e-03 -2.820493e-03 5.256865e-03 9.999822e-01 1.926402e+00
9.999862e-01 -4.501711e-03 2.713376e-03 -3.206316e-02 4.506763e-03 9.999881e-01 -1.858600e-03 2.308556e-03 -2.704977e-03 1.870803e-03 9.999946e-01 2.887183e+00
9.999834e-01 -5.547999e-03 1.523941e-03 -7.156864e-04 5.541187e-03 9.999748e-01 4.438413e-03 -8.483934e-03 -1.548527e-03 -4.429896e-03 9.999890e-01 3.845274e+00
9.999579e-01 -8.965134e-03 -1.934001e-03 4.995227e-02 8.973043e-03 9.999513e-01 4.119797e-03 4.032403e-03 1.896972e-03 -4.136977e-03 9.999896e-01 4.776562e+00
9.999352e-01 -1.066565e-02 -3.980075e-03 1.029159e-01 1.067244e-02 9.999416e-01 1.688971e-03 -1.393584e-03 3.961829e-03 -1.731338e-03 9.999907e-01 5.712589e+00
9.999078e-01 -1.288975e-02 -4.277941e-03 7.594834e-02 1.288348e-02 9.999159e-01 -1.489821e-03 -1.002704e-02 4.296785e-03 1.434569e-03 9.999897e-01 6.642135e+00
9.998861e-01 -1.394926e-02 -5.764481e-03 6.361739e-02 1.394144e-02 9.999018e-01 -1.394109e-03 -2.406084e-02 5.783362e-03 1.313585e-03 9.999824e-01 7.571421e+00
9.998745e-01 -1.326762e-02 -8.662584e-03 1.005244e-01 1.327205e-02 9.999118e-01 4.546165e-04 -1.410976e-02 8.655788e-03 -5.695297e-04 9.999624e-01 8.501135e+00
9.998903e-01 -1.241986e-02 -8.066662e-03 5.014469e-02 1.243929e-02 9.999198e-01 2.364055e-03 -2.854558e-03 8.036654e-03 -2.464140e-03 9.999647e-01 9.422854e+00
9.998738e-01 -1.276013e-02 -9.462264e-03 5.584384e-02 1.280003e-02 9.999094e-01 4.167804e-03 -1.755080e-02 9.408225e-03 -4.288395e-03 9.999465e-01 1.037347e+01
9.998295e-01 -1.524962e-02 -1.041480e-02 4.945954e-02 1.530317e-02 9.998700e-01 5.080940e-03 -1.598224e-02 1.033597e-02 -5.239453e-03 9.999329e-01 1.125761e+01
9.998126e-01 -1.537637e-02 -1.176404e-02 4.908278e-02 1.543196e-02 9.998701e-01 4.649883e-03 -4.903173e-03 1.169101e-02 -4.830553e-03 9.999200e-01 1.216767e+01
9.998040e-01 -1.595783e-02 -1.171530e-02 1.934754e-02 1.600003e-02 9.998658e-01 3.517127e-03 -1.358642e-02 1.165761e-02 -3.703883e-03 9.999252e-01 1.307573e+01
9.997688e-01 -1.761661e-02 -1.233241e-02 -9.041952e-03 1.762625e-02 9.998444e-01 6.736780e-04 7.084782e-03 1.231862e-02 -8.908963e-04 9.999237e-01 1.397946e+01
9.997548e-01 -1.825839e-02 -1.252593e-02 -4.854948e-02 1.826634e-02 9.998330e-01 5.202958e-04 -9.361123e-03 1.251433e-02 -7.489711e-04 9.999214e-01 1.487941e+01
9.997512e-01 -1.780459e-02 -1.343393e-02 -7.607952e-02 1.780612e-02 9.998415e-01 -5.453853e-06 -7.140886e-03 1.343190e-02 -2.337537e-04 9.999098e-01 1.577606e+01
9.997605e-01 -1.652254e-02 -1.435322e-02 -1.073644e-01 1.650932e-02 9.998632e-01 -1.039019e-03 -2.309001e-03 1.436842e-02 8.018085e-04 9.998964e-01 1.666745e+01
9.997681e-01 -1.433936e-02 -1.606887e-02 -1.131958e-01 1.431365e-02 9.998961e-01 -1.713791e-03 1.253761e-02 1.609177e-02 1.483389e-03 9.998694e-01 1.755951e+01
9.997115e-01 -1.485109e-02 -1.887684e-02 -1.207453e-01 1.485326e-02 9.998897e-01 -2.534476e-05 -9.153260e-04 1.887514e-02 -2.550452e-04 9.998218e-01 1.844702e+01
9.997244e-01 -1.515651e-02 -1.792857e-02 -1.809504e-01 1.518206e-02 9.998839e-01 1.290102e-03 -4.537149e-03 1.790694e-02 -1.561940e-03 9.998384e-01 1.932584e+01
9.997379e-01 -1.459800e-02 -1.763732e-02 -2.303791e-01 1.463616e-02 9.998908e-01 2.036391e-03 -8.710676e-03 1.760567e-02 -2.294000e-03 9.998424e-01 2.019876e+01
9.997091e-01 -1.583530e-02 -1.819334e-02 -2.797583e-01 1.588693e-02 9.998702e-01 2.696623e-03 -2.223263e-02 1.814827e-02 -2.984874e-03 9.998309e-01 2.106647e+01
9.996837e-01 -1.578993e-02 -1.957516e-02 -2.999627e-01 1.581961e-02 9.998739e-01 1.361870e-03 -8.272588e-03 1.955119e-02 -1.671110e-03 9.998075e-01 2.192934e+01
9.996643e-01 -1.574638e-02 -2.057351e-02 -3.242459e-01 1.576561e-02 9.998754e-01 7.724951e-04 2.214953e-03 2.055879e-02 -1.096590e-03 9.997880e-01 2.278603e+01
9.996476e-01 -1.596277e-02 -2.121057e-02 -3.592850e-01 1.602237e-02 9.998681e-01 2.642791e-03 1.207265e-03 2.116558e-02 -2.981703e-03 9.997715e-01 2.364322e+01
9.996338e-01 -1.638787e-02 -2.153576e-02 -3.958093e-01 1.650163e-02 9.998508e-01 5.115118e-03 1.024328e-02 2.144872e-02 -5.468620e-03 9.997550e-01 2.446931e+01
9.996292e-01 -1.593130e-02 -2.208283e-02 -4.214451e-01 1.607436e-02 9.998509e-01 6.315907e-03 1.003979e-02 2.197891e-02 -6.668532e-03 9.997362e-01 2.529319e+01
9.996161e-01 -1.553546e-02 -2.294221e-02 -4.417827e-01 1.567265e-02 9.998603e-01 5.811902e-03 2.599421e-03 2.284871e-02 -6.169236e-03 9.997199e-01 2.610737e+01
9.996301e-01 -1.389013e-02 -2.338153e-02 -4.721565e-01 1.396873e-02 9.998973e-01 3.201811e-03 6.871813e-03 2.333465e-02 -3.527237e-03 9.997215e-01 2.690370e+01
9.995960e-01 -1.408916e-02 -2.468602e-02 -4.891632e-01 1.411939e-02 9.998998e-01 1.050679e-03 1.311507e-02 2.466874e-02 -1.398806e-03 9.996947e-01 2.769645e+01
9.995760e-01 -1.293064e-02 -2.608845e-02 -5.162520e-01 1.296166e-02 9.999155e-01 1.020263e-03 7.711273e-03 2.607305e-02 -1.357980e-03 9.996591e-01 2.848145e+01
9.995470e-01 -1.284591e-02 -2.721709e-02 -5.440897e-01 1.286651e-02 9.999171e-01 5.819730e-04 3.981653e-03 2.720735e-02 -9.318983e-04 9.996294e-01 2.925323e+01
9.995081e-01 -1.238670e-02 -2.881314e-02 -5.933363e-01 1.237197e-02 9.999232e-01 -6.897002e-04 7.898675e-03 2.881948e-02 3.328857e-04 9.995846e-01 3.001869e+01
9.994851e-01 -9.998762e-03 -3.048909e-02 -6.210201e-01 9.942639e-03 9.999486e-01 -1.991815e-03 3.687244e-02 3.050744e-02 1.687647e-03 9.995331e-01 3.077816e+01
9.994299e-01 -9.096173e-03 -3.251253e-02 -6.363379e-01 9.080441e-03 9.999586e-01 -6.314700e-04 2.585493e-02 3.251693e-02 3.358819e-04 9.994711e-01 3.152256e+01
9.993779e-01 -9.625409e-03 -3.392931e-02 -6.745247e-01 9.688313e-03 9.999516e-01 1.690050e-03 2.638185e-02 3.391140e-02 -2.017716e-03 9.994228e-01 3.225975e+01
9.992644e-01 -9.236752e-03 -3.721923e-02 -6.890279e-01 9.350289e-03 9.999521e-01 2.877569e-03 3.080393e-02 3.719087e-02 -3.223463e-03 9.993030e-01 3.298797e+01
9.991624e-01 -8.506039e-03 -4.002758e-02 -7.034499e-01 8.666926e-03 9.999550e-01 3.847576e-03 1.912897e-02 3.999305e-02 -4.191269e-03 9.991912e-01 3.373010e+01
9.991236e-01 -6.510719e-03 -4.134825e-02 -7.392037e-01 6.675068e-03 9.999704e-01 3.837942e-03 1.552737e-02 4.132203e-02 -4.110580e-03 9.991374e-01 3.441988e+01
9.990527e-01 -5.268107e-03 -4.319745e-02 -7.841615e-01 5.426799e-03 9.999789e-01 3.557197e-03 1.891383e-02 4.317780e-02 -3.788251e-03 9.990602e-01 3.511197e+01
9.989782e-01 -4.978290e-03 -4.491996e-02 -8.088531e-01 5.203746e-03 9.999744e-01 4.903530e-03 1.649403e-02 4.489440e-02 -5.132272e-03 9.989786e-01 3.580015e+01
9.989921e-01 -3.649283e-03 -4.473861e-02 -8.719739e-01 3.953288e-03 9.999697e-01 6.708533e-03 1.954666e-02 4.471277e-02 -6.878636e-03 9.989762e-01 3.647421e+01
9.989608e-01 -4.078447e-04 -4.557637e-02 -9.084367e-01 7.452131e-04 9.999724e-01 7.385520e-03 1.793956e-02 4.557210e-02 -7.411809e-03 9.989336e-01 3.713635e+01
9.989652e-01 4.297299e-03 -4.527809e-02 -9.290418e-01 -4.060425e-03 9.999776e-01 5.322208e-03 2.038857e-02 4.529995e-02 -5.132852e-03 9.989602e-01 3.778914e+01
9.990134e-01 6.056517e-03 -4.399397e-02 -9.640675e-01 -5.968663e-03 9.999799e-01 2.128036e-03 2.499945e-02 4.400597e-02 -1.863352e-03 9.990295e-01 3.842587e+01
9.991208e-01 6.808575e-03 -4.136719e-02 -9.990892e-01 -6.787956e-03 9.999768e-01 6.388861e-04 3.004342e-02 4.137058e-02 -3.575257e-04 9.991438e-01 3.906240e+01
9.992505e-01 8.185229e-03 -3.783528e-02 -1.033033e+00 -8.144077e-03 9.999661e-01 1.241669e-03 3.343396e-02 3.784416e-02 -9.326045e-04 9.992832e-01 3.971163e+01
9.993097e-01 1.224969e-02 -3.507101e-02 -1.066429e+00 -1.210081e-02 9.999169e-01 4.454308e-03 2.607153e-02 3.512266e-02 -4.026845e-03 9.993749e-01 4.031660e+01
9.993776e-01 1.738915e-02 -3.069267e-02 -1.103550e+00 -1.715783e-02 9.998225e-01 7.783935e-03 2.894621e-02 3.082258e-02 -7.252470e-03 9.994986e-01 4.091473e+01
9.994110e-01 2.229920e-02 -2.608421e-02 -1.133862e+00 -2.205701e-02 9.997112e-01 9.535920e-03 2.345792e-02 2.628932e-02 -8.954964e-03 9.996143e-01 4.149907e+01
9.994417e-01 2.633879e-02 -2.055539e-02 -1.159105e+00 -2.613644e-02 9.996078e-01 1.005152e-02 1.964035e-02 2.081207e-02 -9.508667e-03 9.997382e-01 4.206729e+01
9.994149e-01 3.021538e-02 -1.602834e-02 -1.137119e+00 -3.002654e-02 9.994783e-01 1.189464e-02 2.730106e-02 1.637937e-02 -1.140641e-02 9.998008e-01 4.261510e+01
9.993295e-01 3.551886e-02 -8.882347e-03 -1.162724e+00 -3.539822e-02 9.992836e-01 1.338827e-02 2.358886e-02 9.351520e-03 -1.306487e-02 9.998709e-01 4.314159e+01
9.992688e-01 3.811256e-02 -3.056813e-03 -1.169658e+00 -3.806857e-02 9.991860e-01 1.334868e-02 2.206297e-02 3.563077e-03 -1.322255e-02 9.999062e-01 4.364912e+01
9.991220e-01 4.174478e-02 3.540509e-03 -1.150072e+00 -4.178954e-02 9.990327e-01 1.368463e-02 1.738098e-02 -2.965823e-03 -1.382057e-02 9.999001e-01 4.413216e+01
9.988585e-01 4.641045e-02 1.130150e-02 -1.155705e+00 -4.654964e-02 9.988393e-01 1.238073e-02 3.959703e-02 -1.071379e-02 -1.289268e-02 9.998595e-01 4.459563e+01
9.985471e-01 5.072329e-02 1.818772e-02 -1.141415e+00 -5.091035e-02 9.986534e-01 9.973316e-03 3.830901e-02 -1.765735e-02 -1.088477e-02 9.997848e-01 4.503496e+01
9.982734e-01 5.244075e-02 2.646028e-02 -1.145398e+00 -5.263594e-02 9.985911e-01 6.734241e-03 5.440134e-02 -2.606985e-02 -8.115375e-03 9.996272e-01 4.545655e+01
9.980942e-01 5.192250e-02 3.334695e-02 -1.108234e+00 -5.214468e-02 9.986225e-01 5.827348e-03 7.100498e-02 -3.299845e-02 -7.555108e-03 9.994268e-01 4.585204e+01
9.977634e-01 5.078594e-02 4.346203e-02 -1.142943e+00 -5.116395e-02 9.986611e-01 7.629060e-03 5.524115e-02 -4.301640e-02 -9.835687e-03 9.990260e-01 4.622257e+01
9.973800e-01 5.218307e-02 5.010007e-02 -1.080210e+00 -5.266028e-02 9.985784e-01 8.251857e-03 5.754193e-02 -4.959824e-02 -1.086852e-02 9.987101e-01 4.658044e+01
9.968869e-01 5.379752e-02 5.764035e-02 -1.035388e+00 -5.438574e-02 9.984822e-01 8.684292e-03 6.102155e-02 -5.708568e-02 -1.179207e-02 9.982996e-01 4.688880e+01
9.959369e-01 5.875906e-02 6.824222e-02 -1.058208e+00 -5.948091e-02 9.981925e-01 8.592767e-03 4.545814e-02 -6.761397e-02 -1.261696e-02 9.976318e-01 4.718670e+01
9.949462e-01 6.252747e-02 7.856496e-02 -1.077465e+00 -6.345234e-02 9.979413e-01 9.328840e-03 3.000863e-02 -7.781991e-02 -1.426682e-02 9.968653e-01 4.746160e+01
9.941238e-01 6.175370e-02 8.890644e-02 -1.075242e+00 -6.284275e-02 9.979782e-01 9.500134e-03 3.868645e-02 -8.814003e-02 -1.503143e-02 9.959947e-01 4.772930e+01
9.930457e-01 6.096058e-02 1.007172e-01 -1.072853e+00 -6.200312e-02 9.980496e-01 7.250511e-03 3.682493e-02 -1.000787e-01 -1.344487e-02 9.948887e-01 4.799091e+01
9.918801e-01 5.992578e-02 1.121732e-01 -1.030944e+00 -6.066285e-02 9.981533e-01 3.166230e-03 3.023183e-02 -1.117763e-01 -9.945265e-03 9.936836e-01 4.824726e+01
9.901760e-01 6.101763e-02 1.258107e-01 -9.890690e-01 -6.137034e-02 9.981145e-01 -1.074225e-03 2.676849e-02 -1.256391e-01 -6.657375e-03 9.920537e-01 4.850189e+01
9.879213e-01 6.318351e-02 1.414896e-01 -9.563006e-01 -6.339017e-02 9.979842e-01 -3.050680e-03 2.221559e-02 -1.413972e-01 -5.955222e-03 9.899350e-01 4.876691e+01
9.853007e-01 6.532016e-02 1.578476e-01 -9.147446e-01 -6.547901e-02 9.978451e-01 -4.199589e-03 1.457255e-02 -1.577818e-01 -6.197848e-03 9.874546e-01 4.900508e+01
9.826135e-01 6.489371e-02 1.739529e-01 -8.537656e-01 -6.497883e-02 9.978730e-01 -5.211813e-03 3.325655e-03 -1.739211e-01 -6.182056e-03 9.847402e-01 4.924920e+01
9.792590e-01 6.376839e-02 1.923160e-01 -8.120873e-01 -6.366399e-02 9.979487e-01 -6.728759e-03 1.554001e-02 -1.923506e-01 -5.654405e-03 9.813100e-01 4.950137e+01
9.753075e-01 6.233869e-02 2.118708e-01 -7.625768e-01 -6.222519e-02 9.980361e-01 -7.209883e-03 1.197462e-02 -2.119041e-01 -6.151846e-03 9.772711e-01 4.973572e+01
9.708652e-01 6.165646e-02 2.315584e-01 -6.820245e-01 -6.133180e-02 9.980803e-01 -8.607710e-03 7.618194e-03 -2.316446e-01 -5.844969e-03 9.727829e-01 4.997153e+01
9.656197e-01 6.284168e-02 2.522491e-01 -6.012769e-01 -6.208976e-02 9.980105e-01 -1.094777e-02 9.119219e-03 -2.524352e-01 -5.090699e-03 9.676004e-01 5.020803e+01
9.602273e-01 6.493788e-02 2.715631e-01 -4.378078e-01 -6.415684e-02 9.978705e-01 -1.176317e-02 -2.939744e-02 -2.717487e-01 -6.127311e-03 9.623487e-01 5.040035e+01
9.523561e-01 6.632583e-02 2.976889e-01 -3.932371e-01 -6.540814e-02 9.977732e-01 -1.305486e-02 -3.183183e-02 -2.978918e-01 -7.038400e-03 9.545737e-01 5.065424e+01
9.441173e-01 6.912528e-02 3.222796e-01 -2.808812e-01 -6.839145e-02 9.975657e-01 -1.361379e-02 -4.678855e-02 -3.224361e-01 -9.188155e-03 9.465466e-01 5.089277e+01
9.343699e-01 7.012867e-02 3.493349e-01 -1.723475e-01 -6.946029e-02 9.974800e-01 -1.445702e-02 -4.564846e-02 -3.494684e-01 -1.075670e-02 9.368864e-01 5.112520e+01
9.227705e-01 7.135072e-02 3.786869e-01 -8.270277e-02 -7.041900e-02 9.973838e-01 -1.632876e-02 -4.949489e-02 -3.788612e-01 -1.159905e-02 9.253808e-01 5.137067e+01
9.095794e-01 6.969730e-02 4.096433e-01 2.713834e-02 -6.817967e-02 9.975047e-01 -1.832952e-02 -5.890611e-02 -4.098987e-01 -1.125719e-02 9.120616e-01 5.161435e+01
8.947699e-01 6.679369e-02 4.415036e-01 1.912286e-01 -6.431747e-02 9.977170e-01 -2.059295e-02 -7.623518e-02 -4.418711e-01 -9.970438e-03 8.970231e-01 5.182478e+01
8.769375e-01 6.692525e-02 4.759218e-01 3.355736e-01 -6.259824e-02 9.977267e-01 -2.495864e-02 -8.064482e-02 -4.765102e-01 -7.904700e-03 8.791334e-01 5.205624e+01
8.574263e-01 6.841772e-02 5.100384e-01 4.976650e-01 -6.195757e-02 9.976377e-01 -2.966845e-02 -1.064723e-01 -5.108634e-01 -6.162237e-03 8.596398e-01 5.229288e+01
8.355683e-01 6.946774e-02 5.449769e-01 6.747938e-01 -6.083598e-02 9.975725e-01 -3.388490e-02 -1.225307e-01 -5.460079e-01 -4.841051e-03 8.377661e-01 5.253555e+01
8.119728e-01 7.176692e-02 5.792665e-01 8.921939e-01 -6.137540e-02 9.974085e-01 -3.754020e-02 -1.334961e-01 -5.804595e-01 -5.071097e-03 8.142733e-01 5.274768e+01
7.854541e-01 7.631991e-02 6.141963e-01 1.128420e+00 -6.477166e-02 9.970549e-01 -4.106175e-02 -1.363038e-01 -6.155213e-01 -7.530398e-03 7.880843e-01 5.297336e+01
7.548526e-01 8.013059e-02 6.509813e-01 1.356353e+00 -6.818831e-02 9.967185e-01 -4.361955e-02 -1.559305e-01 -6.523404e-01 -1.146299e-02 7.578395e-01 5.322863e+01
7.228202e-01 8.096475e-02 6.862766e-01 1.637330e+00 -6.832625e-02 9.966198e-01 -4.561349e-02 -1.849996e-01 -6.876499e-01 -1.392035e-02 7.259089e-01 5.345149e+01
6.882118e-01 7.880964e-02 7.212167e-01 1.967328e+00 -6.490452e-02 9.967846e-01 -4.698752e-02 -1.904773e-01 -7.226008e-01 -1.447286e-02 6.911140e-01 5.365783e+01
6.500509e-01 7.746817e-02 7.559316e-01 2.298707e+00 -6.167609e-02 9.968866e-01 -4.912400e-02 -1.904246e-01 -7.573836e-01 -1.468980e-02 6.528050e-01 5.388084e+01
6.054601e-01 7.692908e-02 7.921489e-01 2.606919e+00 -5.991215e-02 9.968989e-01 -5.102083e-02 -2.129216e-01 -7.936174e-01 -1.656827e-02 6.081915e-01 5.415012e+01
5.620908e-01 7.640087e-02 8.235392e-01 3.000783e+00 -5.661440e-02 9.969430e-01 -5.384671e-02 -2.446217e-01 -8.251356e-01 -1.635744e-02 5.646979e-01 5.431450e+01
5.143180e-01 7.589384e-02 8.542348e-01 3.392649e+00 -5.474092e-02 9.969506e-01 -5.561488e-02 -2.613385e-01 -8.558507e-01 -1.815787e-02 5.169041e-01 5.451261e+01
4.646904e-01 7.455636e-02 8.823288e-01 3.803465e+00 -5.366316e-02 9.969886e-01 -5.598262e-02 -2.797415e-01 -8.838456e-01 -2.133397e-02 4.672920e-01 5.471362e+01
4.122272e-01 7.246812e-02 9.081944e-01 4.213237e+00 -5.320265e-02 9.970453e-01 -5.540930e-02 -2.942176e-01 -9.095264e-01 -2.547713e-02 4.148646e-01 5.492993e+01
3.621655e-01 7.203924e-02 9.293258e-01 4.663027e+00 -5.521313e-02 9.969163e-01 -5.576172e-02 -3.109475e-01 -9.304771e-01 -3.111602e-02 3.650262e-01 5.507947e+01
3.144952e-01 7.238612e-02 9.464951e-01 5.138145e+00 -5.262379e-02 9.968845e-01 -5.875431e-02 -3.295298e-01 -9.477993e-01 -3.133022e-02 3.173246e-01 5.519597e+01
2.653269e-01 6.972210e-02 9.616343e-01 5.627825e+00 -4.265211e-02 9.972543e-01 -6.053644e-02 -3.597565e-01 -9.632146e-01 -2.495378e-02 2.675722e-01 5.532306e+01
2.212675e-01 6.436414e-02 9.730868e-01 6.148896e+00 -2.967333e-02 9.978020e-01 -5.925157e-02 -3.856095e-01 -9.747616e-01 -1.576428e-02 2.226910e-01 5.539461e+01
1.791923e-01 6.274833e-02 9.818110e-01 6.657939e+00 -2.134520e-02 9.979770e-01 -5.988576e-02 -4.269166e-01 -9.835825e-01 -1.022589e-02 1.801692e-01 5.546834e+01
1.441506e-01 6.390881e-02 9.874899e-01 7.191581e+00 -1.752326e-02 9.979207e-01 -6.202588e-02 -4.485427e-01 -9.894006e-01 -8.362969e-03 1.449708e-01 5.547799e+01
1.117890e-01 6.374861e-02 9.916851e-01 7.742209e+00 -1.068648e-02 9.979596e-01 -6.294731e-02 -4.968899e-01 -9.936745e-01 -3.560807e-03 1.122422e-01 5.550561e+01
8.374168e-02 6.360474e-02 9.944555e-01 8.308563e+00 -7.131089e-04 9.979644e-01 -6.376912e-02 -5.006954e-01 -9.964872e-01 4.630979e-03 8.361658e-02 5.552797e+01
5.867213e-02 6.189907e-02 9.963564e-01 8.886214e+00 6.737363e-03 9.980285e-01 -6.239969e-02 -5.270361e-01 -9.982546e-01 1.037394e-02 5.813942e-02 5.554080e+01
3.967495e-02 6.095898e-02 9.973514e-01 9.468733e+00 1.185310e-02 9.980384e-01 -6.147249e-02 -5.540739e-01 -9.991423e-01 1.426062e-02 3.887457e-02 5.552737e+01
2.215596e-02 6.211918e-02 9.978228e-01 1.007261e+01 1.256560e-02 9.979717e-01 -6.240746e-02 -5.996724e-01 -9.996756e-01 1.392094e-02 2.133046e-02 5.555264e+01
8.371613e-03 6.113793e-02 9.980942e-01 1.067273e+01 1.349152e-02 9.980314e-01 -6.124724e-02 -6.440914e-01 -9.998739e-01 1.397855e-02 7.530290e-03 5.556459e+01
-4.215956e-03 6.240990e-02 9.980417e-01 1.129263e+01 1.405174e-02 9.979557e-01 -6.234517e-02 -6.705460e-01 -9.998924e-01 1.376137e-02 -5.084305e-03 5.556501e+01
-1.312273e-02 6.510824e-02 9.977919e-01 1.192336e+01 1.919437e-02 9.977104e-01 -6.485048e-02 -7.032507e-01 -9.997296e-01 1.830097e-02 -1.434240e-02 5.555336e+01
-1.769144e-02 6.718757e-02 9.975835e-01 1.256116e+01 2.439843e-02 9.974716e-01 -6.674734e-02 -7.278429e-01 -9.995458e-01 2.315862e-02 -1.928598e-02 5.550534e+01
-2.177670e-02 6.710374e-02 9.975083e-01 1.321528e+01 2.580712e-02 9.974502e-01 -6.653643e-02 -7.539578e-01 -9.994297e-01 2.429387e-02 -2.345292e-02 5.548409e+01
-2.540214e-02 6.411203e-02 9.976194e-01 1.387748e+01 2.422610e-02 9.976878e-01 -6.349957e-02 -7.857947e-01 -9.993837e-01 2.255540e-02 -2.689659e-02 5.547713e+01
-2.818628e-02 5.699578e-02 9.979765e-01 1.455789e+01 2.124193e-02 9.981818e-01 -5.640756e-02 -8.310843e-01 -9.993770e-01 1.960903e-02 -2.934573e-02 5.545345e+01
-3.042756e-02 5.136661e-02 9.982162e-01 1.524458e+01 2.251204e-02 9.984605e-01 -5.069297e-02 -8.670202e-01 -9.992834e-01 2.092942e-02 -3.153708e-02 5.543774e+01
-3.108748e-02 4.859325e-02 9.983347e-01 1.593487e+01 2.569102e-02 9.985264e-01 -4.780257e-02 -9.067311e-01 -9.991864e-01 2.416218e-02 -3.229008e-02 5.540639e+01
-3.098885e-02 5.047237e-02 9.982446e-01 1.663104e+01 2.818894e-02 9.983711e-01 -4.960369e-02 -9.445378e-01 -9.991222e-01 2.660230e-02 -3.236113e-02 5.537666e+01
-3.039987e-02 5.784527e-02 9.978626e-01 1.733189e+01 2.902618e-02 9.979541e-01 -5.696629e-02 -9.806217e-01 -9.991163e-01 2.723237e-02 -3.201671e-02 5.532047e+01
-2.881949e-02 6.640034e-02 9.973768e-01 1.805321e+01 2.899365e-02 9.974269e-01 -6.556590e-02 -1.008268e+00 -9.991641e-01 2.702802e-02 -3.067053e-02 5.532135e+01
-2.756905e-02 6.675727e-02 9.973883e-01 1.879093e+01 2.919717e-02 9.973956e-01 -6.595071e-02 -1.050955e+00 -9.991934e-01 2.730272e-02 -2.944638e-02 5.531588e+01
-2.793074e-02 6.328365e-02 9.976047e-01 1.952881e+01 2.825435e-02 9.976453e-01 -6.249516e-02 -1.080537e+00 -9.992105e-01 2.644113e-02 -2.965301e-02 5.534548e+01
-2.602501e-02 5.684377e-02 9.980438e-01 2.026442e+01 2.773240e-02 9.980388e-01 -5.612034e-02 -1.116628e+00 -9.992765e-01 2.621762e-02 -2.755039e-02 5.534153e+01
-2.038165e-02 5.444627e-02 9.983087e-01 2.098800e+01 2.611770e-02 9.982043e-01 -5.390736e-02 -1.169212e+00 -9.994511e-01 2.497481e-02 -2.176706e-02 5.528359e+01
-1.723168e-02 5.925786e-02 9.980940e-01 2.171712e+01 3.372072e-02 9.977088e-01 -5.865282e-02 -1.215089e+00 -9.992827e-01 3.264576e-02 -1.919042e-02 5.527656e+01
-1.291978e-02 6.510258e-02 9.977949e-01 2.245434e+01 3.602619e-02 9.972606e-01 -6.460124e-02 -1.244429e+00 -9.992673e-01 3.511211e-02 -1.522979e-02 5.526118e+01
-1.024922e-02 6.634034e-02 9.977444e-01 2.318459e+01 2.944715e-02 9.973841e-01 -6.601389e-02 -1.275882e+00 -9.995138e-01 2.870414e-02 -1.217595e-02 5.527500e+01
-7.075295e-03 6.208954e-02 9.980455e-01 2.392672e+01 2.548957e-02 9.977574e-01 -6.189091e-02 -1.324617e+00 -9.996500e-01 2.500185e-02 -8.642063e-03 5.528324e+01
-2.788600e-03 5.773784e-02 9.983279e-01 2.466323e+01 2.751377e-02 9.979582e-01 -5.763961e-02 -1.399813e+00 -9.996175e-01 2.730703e-02 -4.371492e-03 5.529849e+01
2.539656e-03 6.006104e-02 9.981915e-01 2.538794e+01 3.402499e-02 9.976115e-01 -6.011271e-02 -1.403901e+00 -9.994178e-01 3.411612e-02 4.900137e-04 5.527207e+01
5.191240e-03 6.420105e-02 9.979235e-01 2.612176e+01 3.337167e-02 9.973700e-01 -6.433904e-02 -1.446566e+00 -9.994295e-01 3.363637e-02 3.035091e-03 5.526451e+01
7.989749e-03 6.405202e-02 9.979146e-01 2.685678e+01 2.879783e-02 9.975178e-01 -6.425712e-02 -1.509644e+00 -9.995533e-01 2.925117e-02 6.125358e-03 5.530838e+01
1.158392e-02 6.283428e-02 9.979567e-01 2.759651e+01 2.738568e-02 9.976294e-01 -6.313155e-02 -1.560304e+00 -9.995578e-01 2.806104e-02 9.835703e-03 5.532274e+01
1.484976e-02 5.969337e-02 9.981063e-01 2.833151e+01 3.168244e-02 9.976870e-01 -6.013967e-02 -1.602628e+00 -9.993877e-01 3.251550e-02 1.292418e-02 5.533001e+01
1.876324e-02 6.088111e-02 9.979687e-01 2.906754e+01 3.635089e-02 9.974429e-01 -6.153249e-02 -1.633249e+00 -9.991629e-01 3.743160e-02 1.650218e-02 5.534615e+01
2.253329e-02 6.168565e-02 9.978412e-01 2.980291e+01 4.028685e-02 9.972279e-01 -6.255749e-02 -1.661455e+00 -9.989340e-01 4.160951e-02 1.998571e-02 5.534686e+01
2.475691e-02 6.265981e-02 9.977278e-01 3.054192e+01 4.199325e-02 9.970876e-01 -6.366160e-02 -1.683727e+00 -9.988111e-01 4.347390e-02 2.205352e-02 5.539752e+01
2.936211e-02 6.281834e-02 9.975930e-01 3.128431e+01 4.405847e-02 9.969720e-01 -6.407600e-02 -1.695027e+00 -9.985974e-01 4.583382e-02 2.650552e-02 5.540939e+01
3.362220e-02 6.194821e-02 9.975129e-01 3.202256e+01 4.490383e-02 9.969757e-01 -6.342837e-02 -1.746909e+00 -9.984254e-01 4.692475e-02 3.073880e-02 5.542031e+01
3.672114e-02 6.235660e-02 9.973782e-01 3.276506e+01 4.288685e-02 9.970335e-01 -6.391404e-02 -1.789532e+00 -9.984049e-01 4.512141e-02 3.393792e-02 5.544485e+01
3.899819e-02 6.468984e-02 9.971431e-01 3.350836e+01 3.930326e-02 9.970307e-01 -6.621970e-02 -1.822224e+00 -9.984660e-01 4.177342e-02 3.633987e-02 5.548824e+01
4.114926e-02 6.501863e-02 9.970353e-01 3.425594e+01 4.094907e-02 9.969323e-01 -6.670195e-02 -1.862899e+00 -9.983135e-01 4.357240e-02 3.836057e-02 5.552587e+01
4.471286e-02 6.588395e-02 9.968250e-01 3.500183e+01 3.838227e-02 9.969729e-01 -6.761537e-02 -1.886959e+00 -9.982623e-01 4.128368e-02 4.204874e-02 5.553026e+01
4.616530e-02 6.625892e-02 9.967339e-01 3.575550e+01 3.665786e-02 9.970133e-01 -6.797536e-02 -1.936278e+00 -9.982610e-01 3.967624e-02 4.359850e-02 5.559403e+01
5.055695e-02 6.644343e-02 9.965085e-01 3.650985e+01 3.386801e-02 9.970966e-01 -6.820090e-02 -1.980169e+00 -9.981468e-01 3.719779e-02 4.815985e-02 5.560969e+01
5.282524e-02 6.762776e-02 9.963112e-01 3.726215e+01 3.281446e-02 9.970478e-01 -6.941762e-02 -2.037617e+00 -9.980645e-01 3.636042e-02 5.045013e-02 5.566954e+01
5.539198e-02 7.151438e-02 9.959003e-01 3.802295e+01 3.163154e-02 9.968053e-01 -7.333872e-02 -2.085473e+00 -9.979635e-01 3.556424e-02 5.295291e-02 5.572308e+01
5.901920e-02 7.353430e-02 9.955448e-01 3.878864e+01 3.209877e-02 9.966277e-01 -7.551721e-02 -2.137690e+00 -9.977406e-01 3.641273e-02 5.645981e-02 5.574469e+01
6.181926e-02 7.556313e-02 9.952229e-01 3.956041e+01 2.637423e-02 9.966582e-01 -7.731036e-02 -2.191276e+00 -9.977388e-01 3.102751e-02 5.961975e-02 5.580236e+01
6.433178e-02 7.570409e-02 9.950529e-01 4.033731e+01 2.224825e-02 9.967617e-01 -7.727248e-02 -2.235370e+00 -9.976805e-01 2.710926e-02 6.243918e-02 5.585130e+01
6.887261e-02 7.696183e-02 9.946524e-01 4.111640e+01 2.455265e-02 9.965871e-01 -7.881163e-02 -2.286885e+00 -9.973233e-01 2.984932e-02 6.674793e-02 5.586635e+01
7.294814e-02 7.961023e-02 9.941533e-01 4.190140e+01 2.388953e-02 9.963836e-01 -8.154177e-02 -2.329183e+00 -9.970496e-01 2.969817e-02 7.078248e-02 5.592533e+01
7.633742e-02 8.070004e-02 9.938109e-01 4.269181e+01 2.040857e-02 9.963840e-01 -8.247662e-02 -2.381658e+00 -9.968732e-01 2.657831e-02 7.441441e-02 5.599451e+01
8.039070e-02 7.822431e-02 9.936892e-01 4.349858e+01 1.928516e-02 9.966071e-01 -8.001421e-02 -2.443042e+00 -9.965768e-01 2.559585e-02 7.860938e-02 5.606407e+01
8.545718e-02 7.804102e-02 9.932808e-01 4.427377e+01 1.944997e-02 9.966070e-01 -7.997574e-02 -2.507825e+00 -9.961520e-01 2.615379e-02 8.364933e-02 5.613675e+01
8.948033e-02 8.219989e-02 9.925908e-01 4.506284e+01 1.575107e-02 9.963471e-01 -8.393090e-02 -2.563358e+00 -9.958640e-01 2.314453e-02 8.785873e-02 5.622733e+01
9.638514e-02 9.050418e-02 9.912209e-01 4.586698e+01 1.513333e-02 9.956092e-01 -9.237640e-02 -2.628436e+00 -9.952291e-01 2.390418e-02 9.459230e-02 5.629717e+01
1.044749e-01 9.498100e-02 9.899816e-01 4.668391e+01 1.483915e-02 9.951694e-01 -9.704473e-02 -2.695374e+00 -9.944168e-01 2.482923e-02 1.025608e-01 5.637070e+01
1.120148e-01 9.736334e-02 9.889252e-01 4.747635e+01 1.035899e-02 9.950199e-01 -9.913674e-02 -2.770761e+00 -9.936525e-01 2.134905e-02 1.104484e-01 5.646121e+01
1.191407e-01 9.563160e-02 9.882611e-01 4.828860e+01 7.807357e-03 9.952296e-01 -9.724715e-02 -2.837615e+00 -9.928467e-01 1.930180e-02 1.178257e-01 5.657214e+01
1.273821e-01 9.355149e-02 9.874320e-01 4.910229e+01 1.094542e-02 9.953487e-01 -9.571354e-02 -2.889118e+00 -9.917933e-01 2.300006e-02 1.257657e-01 5.668986e+01
1.347393e-01 9.046206e-02 9.867431e-01 4.991751e+01 1.176855e-02 9.956076e-01 -9.288172e-02 -2.939483e+00 -9.908112e-01 2.412736e-02 1.330829e-01 5.682204e+01
1.431245e-01 8.522261e-02 9.860286e-01 5.073051e+01 1.015647e-02 9.961068e-01 -8.756790e-02 -2.998316e+00 -9.896526e-01 2.254768e-02 1.417017e-01 5.693503e+01
1.499833e-01 7.797850e-02 9.856086e-01 5.154942e+01 7.304554e-03 9.967703e-01 -7.997313e-02 -3.066494e+00 -9.886615e-01 1.919407e-02 1.489293e-01 5.707548e+01
1.584418e-01 7.597348e-02 9.844411e-01 5.233580e+01 6.750633e-03 9.969287e-01 -7.802368e-02 -3.124324e+00 -9.873452e-01 1.900781e-02 1.574423e-01 5.719129e+01
1.658433e-01 7.814713e-02 9.830509e-01 5.312480e+01 7.649494e-03 9.967233e-01 -8.052450e-02 -3.174411e+00 -9.861225e-01 2.087429e-02 1.647020e-01 5.732123e+01
1.715066e-01 8.494448e-02 9.815141e-01 5.390255e+01 9.645163e-03 9.960834e-01 -8.789074e-02 -3.220805e+00 -9.851358e-01 2.454070e-02 1.700156e-01 5.748418e+01
1.766745e-01 8.856043e-02 9.802771e-01 5.466303e+01 7.528151e-03 9.957932e-01 -9.131899e-02 -3.293207e+00 -9.842405e-01 2.351341e-02 1.752646e-01 5.762181e+01
1.816824e-01 9.110683e-02 9.791277e-01 5.542863e+01 4.908443e-03 9.956024e-01 -9.355058e-02 -3.382428e+00 -9.833450e-01 2.180249e-02 1.804363e-01 5.775103e+01
1.863852e-01 9.167500e-02 9.781903e-01 5.620026e+01 1.763524e-03 9.956043e-01 -9.364304e-02 -3.444595e+00 -9.824752e-01 1.917874e-02 1.854042e-01 5.790726e+01
1.910015e-01 8.866231e-02 9.775773e-01 5.693958e+01 4.940035e-03 9.958129e-01 -9.128140e-02 -3.516976e+00 -9.815773e-01 2.226415e-02 1.897638e-01 5.806397e+01
1.956094e-01 8.164689e-02 9.772772e-01 5.768497e+01 6.607810e-03 9.963959e-01 -8.456677e-02 -3.576386e+00 -9.806596e-01 2.299972e-02 1.943649e-01 5.822250e+01
1.993476e-01 7.510535e-02 9.770464e-01 5.842379e+01 5.073233e-03 9.969661e-01 -7.767167e-02 -3.645428e+00 -9.799157e-01 2.044044e-02 1.983618e-01 5.837176e+01
2.015929e-01 7.210317e-02 9.768119e-01 5.913904e+01 1.779568e-03 9.972582e-01 -7.397967e-02 -3.695064e+00 -9.794678e-01 1.665208e-02 2.009119e-01 5.855586e+01
2.039796e-01 7.273167e-02 9.762696e-01 5.984858e+01 -1.182969e-03 9.972540e-01 -7.404783e-02 -3.754082e+00 -9.789744e-01 1.394935e-02 2.035055e-01 5.871735e+01
2.063310e-01 7.465740e-02 9.756300e-01 6.054954e+01 -2.068990e-03 9.971160e-01 -7.586401e-02 -3.806660e+00 -9.784801e-01 1.363452e-02 2.058904e-01 5.886989e+01
2.063420e-01 7.902800e-02 9.752833e-01 6.123453e+01 -8.566891e-03 9.968408e-01 -7.896231e-02 -3.881367e+00 -9.784424e-01 7.938095e-03 2.063671e-01 5.903823e+01
2.090530e-01 8.341888e-02 9.743398e-01 6.191237e+01 -9.015906e-03 9.964771e-01 -8.337973e-02 -3.929329e+00 -9.778627e-01 8.646228e-03 2.090686e-01 5.918423e+01
2.114991e-01 8.917525e-02 9.733015e-01 6.258521e+01 -1.022365e-02 9.959764e-01 -8.903114e-02 -3.989202e+00 -9.773247e-01 8.879316e-03 2.115598e-01 5.933265e+01
2.123480e-01 9.156382e-02 9.728948e-01 6.324930e+01 -9.743381e-03 9.957493e-01 -9.158813e-02 -4.038890e+00 -9.771455e-01 9.969273e-03 2.123375e-01 5.949191e+01
2.148052e-01 9.171446e-02 9.723411e-01 6.390874e+01 -1.191576e-02 9.957530e-01 -9.129038e-02 -4.094534e+00 -9.765842e-01 8.023467e-03 2.149858e-01 5.963467e+01
2.144779e-01 8.987165e-02 9.725854e-01 6.455362e+01 -1.124200e-02 9.959190e-01 -8.954867e-02 -4.130630e+00 -9.766641e-01 8.272405e-03 2.146130e-01 5.980754e+01
2.156538e-01 8.681505e-02 9.726030e-01 6.519065e+01 -1.049040e-02 9.961884e-01 -8.659427e-02 -4.193174e+00 -9.764135e-01 8.471388e-03 2.157426e-01 5.994279e+01
2.144118e-01 8.569256e-02 9.729771e-01 6.581623e+01 -9.858597e-03 9.962832e-01 -8.557268e-02 -4.251259e+00 -9.766936e-01 8.755605e-03 2.144597e-01 6.008931e+01
2.125956e-01 8.543305e-02 9.733983e-01 6.643600e+01 -1.212762e-02 9.963245e-01 -8.479649e-02 -4.318024e+00 -9.770650e-01 6.222353e-03 2.128503e-01 6.021993e+01
2.112126e-01 8.640472e-02 9.736136e-01 6.705977e+01 -1.227954e-02 9.962411e-01 -8.574895e-02 -4.361611e+00 -9.773630e-01 6.155730e-03 2.114797e-01 6.035880e+01
2.074580e-01 8.950149e-02 9.741410e-01 6.762967e+01 -1.394782e-02 9.959752e-01 -8.853716e-02 -4.417093e+00 -9.781445e-01 4.780602e-03 2.078714e-01 6.049994e+01
2.049686e-01 9.222554e-02 9.744138e-01 6.823273e+01 -1.132342e-02 9.957076e-01 -9.185905e-02 -4.475092e+00 -9.787031e-01 7.794519e-03 2.051331e-01 6.062785e+01
2.025614e-01 9.319235e-02 9.748251e-01 6.880692e+01 -1.042429e-02 9.956103e-01 -9.301331e-02 -4.530870e+00 -9.792141e-01 8.679051e-03 2.026437e-01 6.076866e+01
2.025879e-01 9.232116e-02 9.749025e-01 6.939005e+01 -9.384479e-03 9.956834e-01 -9.233894e-02 -4.564487e+00 -9.792191e-01 9.557801e-03 2.025798e-01 6.087559e+01
2.005382e-01 8.949169e-02 9.755899e-01 6.995767e+01 -9.616053e-03 9.959509e-01 -8.938279e-02 -4.611682e+00 -9.796387e-01 8.543341e-03 2.005868e-01 6.099097e+01
1.989774e-01 8.599676e-02 9.762236e-01 7.050937e+01 -1.041452e-02 9.962717e-01 -8.564009e-02 -4.670890e+00 -9.799487e-01 6.873540e-03 1.991312e-01 6.108828e+01
1.970068e-01 8.555780e-02 9.766617e-01 7.105300e+01 -7.181988e-03 9.962841e-01 -8.582805e-02 -4.721286e+00 -9.803758e-01 9.894339e-03 1.968892e-01 6.119608e+01
1.940743e-01 8.764612e-02 9.770636e-01 7.159107e+01 -4.251909e-03 9.960666e-01 -8.850619e-02 -4.762587e+00 -9.809776e-01 1.302239e-02 1.936836e-01 6.131529e+01
1.926826e-01 8.908127e-02 9.772093e-01 7.213257e+01 2.772141e-04 9.958658e-01 -9.083664e-02 -4.811608e+00 -9.812611e-01 1.777354e-02 1.918613e-01 6.138628e+01
1.912490e-01 9.040456e-02 9.773694e-01 7.266772e+01 3.446802e-04 9.957431e-01 -9.217153e-02 -4.859550e+00 -9.815415e-01 1.796459e-02 1.904037e-01 6.149206e+01
1.890029e-01 9.252031e-02 9.776083e-01 7.320428e+01 4.262707e-04 9.955437e-01 -9.430012e-02 -4.914644e+00 -9.819764e-01 1.823972e-02 1.881212e-01 6.162102e+01
1.888102e-01 8.932819e-02 9.779423e-01 7.374555e+01 4.105053e-03 9.957737e-01 -9.174951e-02 -4.965731e+00 -9.820050e-01 2.133775e-02 1.876456e-01 6.171251e+01
1.895983e-01 8.811245e-02 9.779001e-01 7.428795e+01 9.699404e-03 9.957485e-01 -9.160121e-02 -5.013479e+00 -9.818138e-01 2.685249e-02 1.879376e-01 6.181712e+01
1.911587e-01 8.678953e-02 9.777147e-01 7.483206e+01 1.511008e-02 9.957051e-01 -9.134076e-02 -5.041762e+00 -9.814428e-01 3.223392e-02 1.890263e-01 6.194326e+01
1.925352e-01 8.493919e-02 9.776070e-01 7.538218e+01 1.961536e-02 9.957146e-01 -9.037561e-02 -5.087167e+00 -9.810940e-01 3.657660e-02 1.900440e-01 6.206460e+01
1.970838e-01 8.586627e-02 9.766191e-01 7.593256e+01 1.493740e-02 9.957785e-01 -9.056520e-02 -5.138735e+00 -9.802728e-01 3.243709e-02 1.949692e-01 6.216079e+01
2.015379e-01 8.713201e-02 9.755975e-01 7.648795e+01 1.168061e-02 9.957508e-01 -9.134490e-02 -5.205335e+00 -9.794111e-01 2.980504e-02 1.996638e-01 6.228542e+01
2.076479e-01 8.515333e-02 9.744903e-01 7.706511e+01 1.371173e-02 9.958526e-01 -8.994177e-02 -5.256659e+00 -9.781075e-01 3.203816e-02 2.056191e-01 6.241112e+01
2.139087e-01 8.561461e-02 9.730947e-01 7.762403e+01 9.740272e-03 9.959155e-01 -8.976356e-02 -5.318112e+00 -9.768051e-01 2.867941e-02 2.122011e-01 6.254015e+01
2.214562e-01 8.389787e-02 9.715546e-01 7.818431e+01 1.100841e-02 9.960136e-01 -8.851928e-02 -5.354615e+00 -9.751082e-01 3.029841e-02 2.196498e-01 6.269716e+01
2.307986e-01 8.294485e-02 9.694597e-01 7.877599e+01 9.571531e-03 9.961182e-01 -8.750437e-02 -5.397277e+00 -9.729545e-01 2.947510e-02 2.291088e-01 6.285542e+01
2.410489e-01 8.285145e-02 9.669700e-01 7.934516e+01 9.339904e-03 9.961053e-01 -8.767608e-02 -5.427464e+00 -9.704680e-01 3.016563e-02 2.393362e-01 6.300541e+01
2.489529e-01 8.637604e-02 9.646562e-01 7.994153e+01 2.391003e-03 9.959573e-01 -8.979582e-02 -5.499677e+00 -9.685126e-01 2.466143e-02 2.477400e-01 6.319122e+01
2.589259e-01 8.858755e-02 9.618262e-01 8.053701e+01 5.881005e-04 9.957706e-01 -9.187227e-02 -5.534422e+00 -9.658970e-01 2.435376e-02 2.577787e-01 6.336909e+01
2.704786e-01 9.050056e-02 9.584628e-01 8.114278e+01 -2.450909e-03 9.956333e-01 -9.331865e-02 -5.587036e+00 -9.627229e-01 2.289159e-02 2.695193e-01 6.355354e+01
2.808439e-01 9.277047e-02 9.552593e-01 8.174984e+01 -5.444080e-03 9.954554e-01 -9.507358e-02 -5.656523e+00 -9.597380e-01 2.150033e-02 2.800726e-01 6.375701e+01
2.903367e-01 9.472886e-02 9.522243e-01 8.238235e+01 -1.199549e-02 9.953702e-01 -9.536363e-02 -5.732036e+00 -9.568494e-01 1.626516e-02 2.901288e-01 6.394538e+01
3.002675e-01 9.716782e-02 9.488930e-01 8.302701e+01 -1.683926e-02 9.951828e-01 -9.657935e-02 -5.804548e+00 -9.537064e-01 1.302099e-02 3.004573e-01 6.414048e+01
3.101895e-01 9.783894e-02 9.456268e-01 8.368359e+01 -2.078512e-02 9.951503e-01 -9.614483e-02 -5.862274e+00 -9.504475e-01 1.016815e-02 3.107187e-01 6.437799e+01
3.200720e-01 9.350113e-02 9.427680e-01 8.434368e+01 -2.101334e-02 9.955738e-01 -9.160418e-02 -5.917161e+00 -9.471602e-01 9.509225e-03 3.206200e-01 6.463231e+01
3.303425e-01 8.664174e-02 9.398761e-01 8.501834e+01 -1.766259e-02 9.961710e-01 -8.562329e-02 -5.976222e+00 -9.436959e-01 1.168437e-02 3.306079e-01 6.488770e+01
3.400445e-01 8.215598e-02 9.368138e-01 8.570137e+01 -1.658874e-02 9.965457e-01 -8.137292e-02 -6.037999e+00 -9.402630e-01 1.212986e-02 3.402328e-01 6.515607e+01
3.502167e-01 7.994934e-02 9.332504e-01 8.640580e+01 -1.833167e-02 9.967448e-01 -7.850950e-02 -6.089174e+00 -9.364893e-01 1.038730e-02 3.505423e-01 6.542287e+01
3.606887e-01 7.682437e-02 9.295169e-01 8.711655e+01 -1.118827e-02 9.968866e-01 -7.805098e-02 -6.144491e+00 -9.326192e-01 1.775242e-02 3.604253e-01 6.567511e+01
3.691224e-01 7.222362e-02 9.265702e-01 8.783292e+01 -3.960188e-03 9.970891e-01 -7.614273e-02 -6.173382e+00 -9.293723e-01 2.443660e-02 3.683339e-01 6.598816e+01
3.759124e-01 6.256249e-02 9.245409e-01 8.855619e+01 4.597282e-03 9.975801e-01 -6.937418e-02 -6.235021e+00 -9.266438e-01 3.032899e-02 3.747151e-01 6.626903e+01
3.829968e-01 5.910748e-02 9.218567e-01 8.927739e+01 9.889649e-03 9.976312e-01 -6.807476e-02 -6.258065e+00 -9.236967e-01 3.518926e-02 3.815050e-01 6.656804e+01
3.897036e-01 5.849249e-02 9.190809e-01 8.998613e+01 1.188006e-02 9.975786e-01 -6.852558e-02 -6.321330e+00 -9.208637e-01 3.762340e-02 3.880651e-01 6.687451e+01
3.981962e-01 6.479088e-02 9.150093e-01 9.071330e+01 1.388582e-02 9.969624e-01 -7.663677e-02 -6.372232e+00 -9.171952e-01 4.322212e-02 3.960869e-01 6.716891e+01
4.055490e-01 6.938905e-02 9.114358e-01 9.142555e+01 1.752843e-02 9.963408e-01 -8.365239e-02 -6.426195e+00 -9.139052e-01 4.990119e-02 4.028488e-01 6.748139e+01
4.107476e-01 7.035879e-02 9.090303e-01 9.211898e+01 1.781832e-02 9.962082e-01 -8.515760e-02 -6.474410e+00 -9.115750e-01 5.117567e-02 4.079364e-01 6.781244e+01
4.148268e-01 7.192785e-02 9.070530e-01 9.281161e+01 1.081605e-02 9.964104e-01 -8.396031e-02 -6.524178e+00 -9.098361e-01 4.463972e-02 4.125598e-01 6.813155e+01
4.177431e-01 7.619183e-02 9.053649e-01 9.347330e+01 4.743626e-03 9.962811e-01 -8.603172e-02 -6.575218e+00 -9.085528e-01 4.023387e-02 4.158281e-01 6.848710e+01
4.219657e-01 8.020069e-02 9.030575e-01 9.414866e+01 3.965020e-03 9.959068e-01 -9.029936e-02 -6.615659e+00 -9.066031e-01 4.168387e-02 4.199205e-01 6.882529e+01
4.263731e-01 8.411747e-02 9.006277e-01 9.479777e+01 1.498644e-03 9.955996e-01 -9.369721e-02 -6.669825e+00 -9.045462e-01 4.129969e-02 4.243708e-01 6.914353e+01
4.296479e-01 8.761366e-02 8.987361e-01 9.545115e+01 -7.766834e-04 9.953174e-01 -9.665762e-02 -6.711477e+00 -9.029962e-01 4.083071e-02 4.277040e-01 6.948126e+01
4.341302e-01 8.665236e-02 8.966729e-01 9.612265e+01 -4.561796e-03 9.955617e-01 -9.400012e-02 -6.802209e+00 -9.008386e-01 3.671785e-02 4.325987e-01 6.977322e+01
4.372780e-01 8.314364e-02 8.954748e-01 9.673781e+01 -2.898516e-03 9.958424e-01 -9.104723e-02 -6.874011e+00 -8.993217e-01 3.721740e-02 4.357009e-01 7.011059e+01
4.409352e-01 8.038015e-02 8.939324e-01 9.738413e+01 -3.047195e-03 9.961101e-01 -8.806467e-02 -6.946922e+00 -8.975338e-01 3.610683e-02 4.394650e-01 7.042966e+01
4.454902e-01 7.908275e-02 8.917872e-01 9.798874e+01 -3.149589e-03 9.962233e-01 -8.677066e-02 -6.993735e+00 -8.952813e-01 3.584672e-02 4.440568e-01 7.071676e+01
4.471741e-01 8.181993e-02 8.906968e-01 9.857308e+01 -7.810449e-03 9.961266e-01 -8.758353e-02 -7.076815e+00 -8.944128e-01 3.220834e-02 4.460810e-01 7.105052e+01
4.491002e-01 8.275666e-02 8.896405e-01 9.916266e+01 -9.933090e-03 9.961022e-01 -8.764567e-02 -7.169613e+00 -8.934262e-01 3.052481e-02 4.481718e-01 7.136301e+01
4.518794e-01 8.097822e-02 8.883961e-01 9.975699e+01 -8.835484e-03 9.962289e-01 -8.631316e-02 -7.241877e+00 -8.920353e-01 3.115373e-02 4.508908e-01 7.164753e+01
4.540100e-01 7.892737e-02 8.874939e-01 1.003386e+02 -6.158973e-03 9.963230e-01 -8.545515e-02 -7.297520e+00 -8.909753e-01 3.333144e-02 4.528267e-01 7.194379e+01
4.562037e-01 7.918136e-02 8.863456e-01 1.009126e+02 -8.845492e-03 9.963877e-01 -8.445914e-02 -7.363318e+00 -8.898314e-01 3.069041e-02 4.552562e-01 7.223419e+01
4.590603e-01 7.778731e-02 8.849931e-01 1.014712e+02 -5.859013e-03 9.964028e-01 -8.454061e-02 -7.405816e+00 -8.883858e-01 3.362405e-02 4.578647e-01 7.252893e+01
4.627665e-01 8.002419e-02 8.828609e-01 1.020334e+02 -5.995757e-03 9.961769e-01 -8.715259e-02 -7.437516e+00 -8.864599e-01 3.503788e-02 4.614771e-01 7.278407e+01
4.657952e-01 7.957065e-02 8.813078e-01 1.025785e+02 -2.125063e-03 9.960466e-01 -8.880692e-02 -7.486455e+00 -8.848900e-01 3.949300e-02 4.641228e-01 7.306959e+01
4.711302e-01 7.900764e-02 8.785181e-01 1.031379e+02 3.758578e-04 9.959623e-01 -8.977130e-02 -7.525140e+00 -8.820636e-01 4.262417e-02 4.691983e-01 7.329971e+01
4.749495e-01 7.714951e-02 8.766247e-01 1.036724e+02 3.395073e-03 9.959816e-01 -8.949324e-02 -7.576331e+00 -8.800065e-01 4.548098e-02 4.727791e-01 7.356858e+01
4.790409e-01 7.682444e-02 8.744243e-01 1.042007e+02 4.871474e-03 9.959147e-01 -9.016702e-02 -7.615433e+00 -8.777790e-01 4.745343e-02 4.767097e-01 7.382864e+01
4.829469e-01 7.652184e-02 8.722997e-01 1.047223e+02 4.844752e-03 9.959255e-01 -9.004911e-02 -7.678826e+00 -8.756363e-01 4.771501e-02 4.806084e-01 7.408826e+01
4.864797e-01 7.589296e-02 8.703894e-01 1.052250e+02 5.908702e-03 9.959116e-01 -9.014027e-02 -7.720052e+00 -8.736719e-01 4.899429e-02 4.840424e-01 7.437447e+01
