1.000000e+00 0.000000e+00 0.000000e+00 0.000000e+00 0.000000e+00 1.000000e+00 0.000000e+00 0.000000e+00 0.000000e+00 0.000000e+00 1.000000e+00 0.000000e+00
9.999965e-01 -2.436609e-03 -9.909958e-04 -1.217409e-02 2.439662e-03 9.999922e-01 3.091157e-03 -2.027651e-02 9.834561e-04 -3.093564e-03 9.999947e-01 1.523539e+00
9.999886e-01 -3.673090e-03 -3.043130e-03 -1.520199e-02 3.683444e-03 9.999874e-01 3.403761e-03 -2.492089e-02 3.030589e-03 -3.414932e-03 9.999896e-01 3.037700e+00
9.999877e-01 -2.154466e-03 -4.464890e-03 -3.077218e-02 2.169228e-03 9.999922e-01 3.304061e-03 -4.774342e-02 4.457736e-03 -3.313706e-03 9.999846e-01 4.550743e+00
9.999859e-01 -1.859001e-03 -4.968691e-03 -7.483936e-02 1.875882e-03 9.999925e-01 3.395005e-03 -7.653023e-02 4.962342e-03 -3.404278e-03 9.999819e-01 6.085912e+00
9.999794e-01 -1.796159e-03 -6.164352e-03 -9.280992e-02 1.818533e-03 9.999918e-01 3.625937e-03 -9.674984e-02 6.157789e-03 -3.637073e-03 9.999744e-01 7.569700e+00
9.999746e-01 -2.240122e-03 -6.764163e-03 -1.425996e-01 2.266204e-03 9.999900e-01 3.850781e-03 -1.072847e-01 6.755469e-03 -3.866012e-03 9.999697e-01 9.069269e+00
9.999646e-01 -3.760899e-03 -7.529575e-03 -1.985497e-01 3.782224e-03 9.999889e-01 2.819947e-03 -1.174924e-01 7.518886e-03 -2.848326e-03 9.999677e-01 1.056325e+01
9.999545e-01 -3.978915e-03 -8.668964e-03 -2.123943e-01 4.005227e-03 9.999874e-01 3.019945e-03 -1.385887e-01 8.656839e-03 -3.054529e-03 9.999579e-01 1.205640e+01
9.999424e-01 -4.162452e-03 -9.890634e-03 -2.313027e-01 4.195105e-03 9.999858e-01 3.282966e-03 -1.686137e-01 9.876829e-03 -3.324269e-03 9.999457e-01 1.354490e+01
9.999316e-01 -3.976993e-03 -1.099717e-02 -2.462048e-01 4.014709e-03 9.999861e-01 3.409620e-03 -1.966179e-01 1.098346e-02 -3.453537e-03 9.999337e-01 1.502952e+01
9.999341e-01 -1.228013e-03 -1.141629e-02 -2.755419e-01 1.273827e-03 9.999912e-01 4.006590e-03 -2.238605e-01 1.141127e-02 -4.020868e-03 9.999268e-01 1.651197e+01
9.999231e-01 6.447530e-04 -1.238240e-02 -2.870373e-01 -5.817893e-04 9.999869e-01 5.087859e-03 -2.560873e-01 1.238552e-02 -5.080263e-03 9.999104e-01 1.798575e+01
9.999124e-01 2.557721e-03 -1.298836e-02 -3.256351e-01 -2.476020e-03 9.999771e-01 6.302535e-03 -2.681817e-01 1.300418e-02 -6.269823e-03 9.998958e-01 1.945892e+01
9.999107e-01 3.107262e-03 -1.299445e-02 -3.567062e-01 -3.026160e-03 9.999759e-01 6.256291e-03 -2.979798e-01 1.301357e-02 -6.216410e-03 9.998960e-01 2.092062e+01
9.999042e-01 3.900944e-03 -1.328409e-02 -4.042577e-01 -3.807909e-03 9.999681e-01 7.021624e-03 -3.314716e-01 1.331105e-02 -6.970367e-03 9.998871e-01 2.237690e+01
9.998993e-01 4.582426e-03 -1.342739e-02 -4.213802e-01 -4.479987e-03 9.999607e-01 7.649259e-03 -3.473320e-01 1.346191e-02 -7.588334e-03 9.998806e-01 2.382939e+01
9.998973e-01 6.399845e-03 -1.281944e-02 -4.500396e-01 -6.287335e-03 9.999415e-01 8.797697e-03 -3.614841e-01 1.287499e-02 -8.716194e-03 9.998791e-01 2.527043e+01
9.999090e-01 6.788069e-03 -1.166085e-02 -5.117870e-01 -6.704107e-03 9.999514e-01 7.224388e-03 -3.600131e-01 1.170933e-02 -7.145554e-03 9.999059e-01 2.670263e+01
9.999140e-01 7.984855e-03 -1.040475e-02 -5.588972e-01 -7.927374e-03 9.999532e-01 5.554078e-03 -3.916363e-01 1.044861e-02 -5.471118e-03 9.999304e-01 2.812745e+01
9.999438e-01 6.842002e-03 -8.103287e-03 -6.391591e-01 -6.801638e-03 9.999644e-01 4.998268e-03 -4.033006e-01 8.137197e-03 -4.942871e-03 9.999547e-01 2.954701e+01
9.999621e-01 5.946712e-03 -6.356352e-03 -6.810224e-01 -5.897670e-03 9.999529e-01 7.706488e-03 -4.349873e-01 6.401881e-03 -7.668708e-03 9.999501e-01 3.095771e+01
9.999753e-01 5.168917e-03 -4.763526e-03 -7.365616e-01 -5.124939e-03 9.999446e-01 9.198550e-03 -4.471374e-01 4.810808e-03 -9.173909e-03 9.999463e-01 3.235138e+01
9.999827e-01 4.613869e-03 -3.641207e-03 -7.647185e-01 -4.583105e-03 9.999541e-01 8.412593e-03 -4.555966e-01 3.679855e-03 -8.395760e-03 9.999580e-01 3.373558e+01
9.999865e-01 4.152406e-03 -3.116531e-03 -7.794051e-01 -4.131655e-03 9.999694e-01 6.635673e-03 -4.677454e-01 3.143990e-03 -6.622708e-03 9.999731e-01 3.510368e+01
9.999899e-01 4.216284e-03 -1.529542e-03 -8.162428e-01 -4.206694e-03 9.999718e-01 6.219491e-03 -4.839792e-01 1.555722e-03 -6.212994e-03 9.999795e-01 3.645980e+01
9.999878e-01 4.917866e-03 3.506913e-04 -8.502106e-01 -4.919624e-03 9.999744e-01 5.199095e-03 -5.034320e-01 -3.251139e-04 -5.200757e-03 9.999864e-01 3.779388e+01
9.999814e-01 5.429409e-03 2.793258e-03 -8.745991e-01 -5.447908e-03 9.999630e-01 6.658484e-03 -5.296340e-01 -2.757003e-03 -6.673577e-03 9.999739e-01 3.911760e+01
9.999745e-01 5.316067e-03 4.775020e-03 -8.820424e-01 -5.359726e-03 9.999435e-01 9.177354e-03 -5.681003e-01 -4.725963e-03 -9.202712e-03 9.999465e-01 4.042049e+01
9.999695e-01 4.979192e-03 6.018436e-03 -8.853311e-01 -5.040468e-03 9.999352e-01 1.020932e-02 -5.723246e-01 -5.967212e-03 -1.023935e-02 9.999298e-01 4.170307e+01
9.999392e-01 5.094850e-03 9.782703e-03 -9.055279e-01 -5.200190e-03 9.999284e-01 1.077293e-02 -5.873067e-01 -9.727116e-03 -1.082315e-02 9.998941e-01 4.296634e+01
9.999020e-01 4.786347e-03 1.315321e-02 -8.988654e-01 -4.919315e-03 9.999369e-01 1.009544e-02 -5.867288e-01 -1.310406e-02 -1.015916e-02 9.998625e-01 4.420770e+01
9.998408e-01 4.480777e-03 1.726971e-02 -8.787776e-01 -4.618848e-03 9.999576e-01 7.963380e-03 -5.964970e-01 -1.723330e-02 -8.041879e-03 9.998192e-01 4.544098e+01
9.997818e-01 3.967907e-03 2.051083e-02 -8.475309e-01 -4.095782e-03 9.999724e-01 6.196298e-03 -6.030600e-01 -2.048568e-02 -6.278954e-03 9.997704e-01 4.666088e+01
9.996903e-01 4.384107e-03 2.449492e-02 -8.152142e-01 -4.555333e-03 9.999656e-01 6.938855e-03 -6.215259e-01 -2.446365e-02 -7.048289e-03 9.996759e-01 4.787006e+01
9.995477e-01 4.885542e-03 2.967463e-02 -7.736931e-01 -5.088247e-03 9.999642e-01 6.759257e-03 -6.334874e-01 -2.964055e-02 -6.907191e-03 9.995368e-01 4.906748e+01
9.993603e-01 6.555185e-03 3.515773e-02 -7.296369e-01 -6.758632e-03 9.999611e-01 5.670982e-03 -6.378078e-01 -3.511919e-02 -5.904972e-03 9.993657e-01 5.025254e+01
9.990702e-01 7.952546e-03 4.237220e-02 -6.854053e-01 -8.199295e-03 9.999504e-01 5.652749e-03 -6.443627e-01 -4.232515e-02 -5.994915e-03 9.990859e-01 5.142962e+01
9.986438e-01 9.548357e-03 5.117952e-02 -6.550355e-01 -9.901120e-03 9.999289e-01 6.643558e-03 -6.559163e-01 -5.111245e-02 -7.141283e-03 9.986674e-01 5.259399e+01
9.980095e-01 1.197503e-02 6.191579e-02 -6.072579e-01 -1.246749e-02 9.998936e-01 7.573611e-03 -6.820739e-01 -6.181850e-02 -8.330471e-03 9.980526e-01 5.374192e+01
9.970766e-01 1.418691e-02 7.507933e-02 -5.402557e-01 -1.476419e-02 9.998655e-01 7.139477e-03 -6.799504e-01 -7.496794e-02 -8.227091e-03 9.971520e-01 5.487303e+01
9.958254e-01 1.651574e-02 8.977241e-02 -4.584003e-01 -1.723910e-02 9.998248e-01 7.288342e-03 -6.839578e-01 -8.963632e-02 -8.805512e-03 9.959356e-01 5.599194e+01
9.942089e-01 1.849091e-02 1.058620e-01 -3.483644e-01 -1.952380e-02 9.997713e-01 8.728866e-03 -7.023706e-01 -1.056764e-01 -1.074514e-02 9.943425e-01 5.710059e+01
9.921564e-01 1.903566e-02 1.235447e-01 -2.191946e-01 -2.041016e-02 9.997430e-01 9.869342e-03 -7.238652e-01 -1.233251e-01 -1.231350e-02 9.922899e-01 5.819161e+01
9.894619e-01 1.846777e-02 1.436109e-01 -9.024921e-02 -1.992407e-02 9.997636e-01 8.708995e-03 -7.260292e-01 -1.434161e-01 -1.147853e-02 9.895959e-01 5.926970e+01
9.862552e-01 1.791958e-02 1.642547e-01 6.117948e-02 -1.938068e-02 9.997855e-01 7.296902e-03 -7.210054e-01 -1.640887e-01 -1.037997e-02 9.863910e-01 6.033386e+01
9.825453e-01 1.534265e-02 1.853898e-01 2.381813e-01 -1.686079e-02 9.998360e-01 6.614994e-03 -7.124903e-01 -1.852579e-01 -9.625349e-03 9.826428e-01 6.138282e+01
9.782338e-01 1.071356e-02 2.072290e-01 4.578582e-01 -1.266944e-02 9.998868e-01 8.113380e-03 -7.114768e-01 -2.071186e-01 -1.056226e-02 9.782588e-01 6.241199e+01
9.732733e-01 4.803574e-03 2.295997e-01 7.187570e-01 -7.196844e-03 9.999281e-01 9.587418e-03 -7.323704e-01 -2.295371e-01 -1.098357e-02 9.732379e-01 6.341827e+01
9.674403e-01 -1.868901e-05 2.530995e-01 9.948364e-01 -2.281393e-03 9.999587e-01 8.794170e-03 -7.380849e-01 -2.530892e-01 -9.085254e-03 9.674003e-01 6.440404e+01
9.606690e-01 -6.348496e-03 2.776235e-01 1.282132e+00 4.801522e-03 9.999689e-01 6.251725e-03 -7.271754e-01 -2.776545e-01 -4.672823e-03 9.606696e-01 6.537749e+01
9.529821e-01 -1.074772e-02 3.028359e-01 1.595378e+00 8.860254e-03 9.999318e-01 7.605855e-03 -7.492854e-01 -3.028970e-01 -4.565041e-03 9.530124e-01 6.633146e+01
9.444440e-01 -1.437398e-02 3.283579e-01 1.937721e+00 1.169663e-02 9.998803e-01 1.012751e-02 -7.626699e-01 -3.284642e-01 -5.724183e-03 9.444991e-01 6.727006e+01
9.343382e-01 -1.887039e-02 3.558878e-01 2.291930e+00 1.546450e-02 9.998034e-01 1.241292e-02 -7.604171e-01 -3.560520e-01 -6.094240e-03 9.344463e-01 6.818894e+01
9.229946e-01 -2.154100e-02 3.842095e-01 2.664985e+00 1.820673e-02 9.997584e-01 1.231380e-02 -7.694182e-01 -3.843819e-01 -4.370371e-03 9.231638e-01 6.908274e+01
9.110501e-01 -2.121616e-02 4.117494e-01 3.089199e+00 1.952103e-02 9.997748e-01 8.322409e-03 -7.773177e-01 -4.118332e-01 4.556388e-04 9.112591e-01 6.994355e+01
8.978707e-01 -2.250995e-02 4.396834e-01 3.538094e+00 2.373821e-02 9.997145e-01 2.705776e-03 -7.775165e-01 -4.396188e-01 8.007858e-03 8.981488e-01 7.078812e+01
8.834057e-01 -2.457930e-02 4.679639e-01 3.995014e+00 2.758627e-02 9.996193e-01 4.275482e-04 -7.875863e-01 -4.677963e-01 1.253168e-02 8.837475e-01 7.162664e+01
8.677002e-01 -2.555794e-02 4.964304e-01 4.488411e+00 2.742767e-02 9.996176e-01 3.523500e-03 -7.954616e-01 -4.963306e-01 1.055859e-02 8.680694e-01 7.244410e+01
8.498707e-01 -2.429786e-02 5.264309e-01 4.985673e+00 2.322127e-02 9.996929e-01 8.653217e-03 -7.953195e-01 -5.264795e-01 4.870279e-03 8.501739e-01 7.324483e+01
8.294668e-01 -2.419878e-02 5.580316e-01 5.479381e+00 2.082290e-02 9.997063e-01 1.240031e-02 -8.046121e-01 -5.581678e-01 1.334188e-03 8.297270e-01 7.403348e+01
8.081279e-01 -1.785392e-02 5.887364e-01 6.024614e+00 1.705035e-02 9.998307e-01 6.916561e-03 -8.007754e-01 -5.887602e-01 4.448696e-03 8.082955e-01 7.477903e+01
7.868449e-01 -1.147223e-02 6.170441e-01 6.620515e+00 1.465055e-02 9.998927e-01 -9.191326e-05 -8.043701e-01 -6.169769e-01 9.112360e-03 7.869285e-01 7.547628e+01
7.644263e-01 -9.048164e-03 6.446476e-01 7.226592e+00 1.395200e-02 9.998995e-01 -2.509932e-03 -8.080821e-01 -6.445601e-01 1.091278e-02 7.644758e-01 7.617107e+01
7.404029e-01 -1.161623e-02 6.720630e-01 7.831646e+00 1.493601e-02 9.998881e-01 8.277011e-04 -8.276633e-01 -6.719974e-01 9.425105e-03 7.404935e-01 7.685371e+01
7.156171e-01 -1.166597e-02 6.983953e-01 8.454875e+00 1.527359e-02 9.998828e-01 1.051791e-03 -8.309078e-01 -6.983258e-01 9.914322e-03 7.157114e-01 7.750037e+01
6.913166e-01 -9.875132e-03 7.224845e-01 9.131372e+00 1.618227e-02 9.998674e-01 -1.817684e-03 -8.448474e-01 -7.223707e-01 1.294803e-02 6.913848e-01 7.809359e+01
6.642288e-01 -8.230466e-03 7.474840e-01 9.781693e+00 1.639924e-02 9.998592e-01 -3.563340e-03 -8.811109e-01 -7.473494e-01 1.462504e-02 6.642703e-01 7.871050e+01
6.370649e-01 -5.995284e-03 7.707869e-01 1.048448e+01 1.481839e-02 9.998802e-01 -4.470383e-03 -8.988007e-01 -7.706677e-01 1.426975e-02 6.370774e-01 7.927738e+01
6.097977e-01 -4.591761e-03 7.925438e-01 1.122223e+01 1.513593e-02 9.998683e-01 -5.852927e-03 -9.045443e-01 -7.924126e-01 1.556499e-02 6.097869e-01 7.979483e+01
5.801451e-01 2.160425e-03 8.145103e-01 1.195391e+01 1.327631e-02 9.998386e-01 -1.210821e-02 -9.214585e-01 -8.144049e-01 1.783821e-02 5.800228e-01 8.032704e+01
5.497970e-01 1.156887e-02 8.352182e-01 1.271457e+01 1.257612e-02 9.996761e-01 -2.212529e-02 -9.315686e-01 -8.352036e-01 2.266822e-02 5.494734e-01 8.084300e+01
5.190668e-01 1.994923e-02 8.545009e-01 1.350970e+01 1.109157e-02 9.994862e-01 -3.007164e-02 -9.627026e-01 -8.546617e-01 2.508695e-02 5.185788e-01 8.131894e+01
4.880886e-01 2.479002e-02 8.724420e-01 1.432852e+01 9.215624e-03 9.993945e-01 -3.355301e-02 -9.814441e-01 -8.727454e-01 2.441694e-02 4.875646e-01 8.175524e+01
4.536478e-01 2.327655e-02 8.908770e-01 1.513329e+01 7.606935e-03 9.995213e-01 -2.998874e-02 -1.036904e+00 -8.911486e-01 2.038117e-02 4.532536e-01 8.223167e+01
4.213026e-01 2.209001e-02 9.066511e-01 1.598696e+01 3.114412e-03 9.996622e-01 -2.580337e-02 -1.064524e+00 -9.069148e-01 1.369471e-02 4.210915e-01 8.259711e+01
3.847665e-01 2.377501e-02 9.227077e-01 1.683325e+01 -1.046269e-03 9.996788e-01 -2.532200e-02 -1.093109e+00 -9.230134e-01 8.777656e-03 3.846678e-01 8.300470e+01
3.485867e-01 2.733637e-02 9.368778e-01 1.770079e+01 -8.476547e-03 9.996257e-01 -2.601335e-02 -1.116379e+00 -9.372382e-01 1.126420e-03 3.486880e-01 8.336640e+01
3.130556e-01 2.970182e-02 9.492702e-01 1.860261e+01 -1.381703e-02 9.995475e-01 -2.671829e-02 -1.141004e+00 -9.496343e-01 -4.751780e-03 3.133244e-01 8.365323e+01
2.751832e-01 2.928498e-02 9.609457e-01 1.949900e+01 -1.655868e-02 9.995321e-01 -2.571904e-02 -1.180281e+00 -9.612492e-01 -8.834545e-03 2.755393e-01 8.396841e+01
2.376329e-01 2.984538e-02 9.708964e-01 2.042090e+01 -1.695375e-02 9.995030e-01 -2.657522e-02 -1.191201e+00 -9.712071e-01 -1.014519e-02 2.380208e-01 8.423337e+01
2.010313e-01 2.958106e-02 9.791381e-01 2.135584e+01 -1.599069e-02 9.995099e-01 -2.691340e-02 -1.216286e+00 -9.794543e-01 -1.024665e-02 2.014058e-01 8.445356e+01
1.655261e-01 2.835214e-02 9.857978e-01 2.230652e+01 -1.416054e-02 9.995520e-01 -2.637001e-02 -1.254430e+00 -9.861037e-01 -9.594502e-03 1.658534e-01 8.461233e+01
1.313255e-01 2.755066e-02 9.909564e-01 2.326064e+01 -6.259260e-03 9.996169e-01 -2.696194e-02 -1.294885e+00 -9.913195e-01 -2.661863e-03 1.314476e-01 8.472144e+01
9.690198e-02 3.135205e-02 9.948000e-01 2.421665e+01 -3.725563e-03 9.995082e-01 -3.113753e-02 -1.325366e+00 -9.952870e-01 -6.889018e-04 9.697113e-02 8.483822e+01
6.502774e-02 3.636367e-02 9.972207e-01 2.518001e+01 -2.617981e-03 9.993386e-01 -3.627019e-02 -1.366716e+00 -9.978800e-01 -2.521368e-04 6.507993e-02 8.489163e+01
3.617161e-02 4.040994e-02 9.985282e-01 2.615084e+01 4.595850e-03 9.991648e-01 -4.060219e-02 -1.405643e+00 -9.993350e-01 6.057733e-03 3.595568e-02 8.491540e+01
1.031418e-02 3.864509e-02 9.991998e-01 2.713188e+01 6.538215e-03 9.992290e-01 -3.871371e-02 -1.450490e+00 -9.999254e-01 6.932283e-03 1.005356e-02 8.494463e+01
-1.201950e-02 3.563201e-02 9.992927e-01 2.811498e+01 8.519637e-03 9.993323e-01 -3.553094e-02 -1.492140e+00 -9.998915e-01 8.086546e-03 -1.231505e-02 8.493224e+01
-3.094483e-02 3.305371e-02 9.989744e-01 2.909463e+01 8.724670e-03 9.994239e-01 -3.279832e-02 -1.536622e+00 -9.994830e-01 7.700783e-03 -3.121539e-02 8.490063e+01
-4.639134e-02 3.597889e-02 9.982752e-01 3.007491e+01 1.023091e-02 9.993159e-01 -3.554095e-02 -1.584812e+00 -9.988709e-01 8.564475e-03 -4.672770e-02 8.482273e+01
-6.079954e-02 4.050997e-02 9.973276e-01 3.106148e+01 1.366253e-02 9.991163e-01 -3.974972e-02 -1.620213e+00 -9.980565e-01 1.120925e-02 -6.129928e-02 8.475801e+01
-7.254894e-02 4.598686e-02 9.963041e-01 3.205284e+01 1.892982e-02 9.988200e-01 -4.472455e-02 -1.665558e+00 -9.971852e-01 1.561514e-02 -7.333386e-02 8.469282e+01
-8.130208e-02 4.974093e-02 9.954475e-01 3.304333e+01 2.478758e-02 9.985459e-01 -4.787125e-02 -1.712270e+00 -9.963812e-01 2.078270e-02 -8.241682e-02 8.460982e+01
-8.693803e-02 5.575803e-02 9.946521e-01 3.403345e+01 2.832569e-02 9.981671e-01 -5.347926e-02 -1.752284e+00 -9.958109e-01 2.352483e-02 -8.835807e-02 8.450712e+01
-9.071123e-02 6.095359e-02 9.940101e-01 3.503079e+01 3.033787e-02 9.978310e-01 -5.841932e-02 -1.799730e+00 -9.954150e-01 2.485687e-02 -9.236369e-02 8.440150e+01
-9.330301e-02 6.532706e-02 9.934923e-01 3.603126e+01 3.259725e-02 9.975106e-01 -6.252995e-02 -1.868225e+00 -9.951040e-01 2.655088e-02 -9.520022e-02 8.431545e+01
-9.658954e-02 6.791323e-02 9.930047e-01 3.703421e+01 3.265030e-02 9.973487e-01 -6.503444e-02 -1.940392e+00 -9.947886e-01 2.614025e-02 -9.855084e-02 8.423780e+01
-9.969387e-02 7.046821e-02 9.925197e-01 3.803629e+01 3.327336e-02 9.971673e-01 -6.745604e-02 -2.030610e+00 -9.944617e-01 2.629951e-02 -1.017562e-01 8.414786e+01
-1.012166e-01 7.361432e-02 9.921372e-01 3.904133e+01 3.509572e-02 9.969022e-01 -7.038745e-02 -2.115799e+00 -9.942452e-01 2.769539e-02 -1.034866e-01 8.401411e+01
-1.032102e-01 7.523862e-02 9.918099e-01 4.005912e+01 3.815552e-02 9.967006e-01 -7.163907e-02 -2.192626e+00 -9.939275e-01 3.044914e-02 -1.057404e-01 8.390906e+01
-1.053255e-01 7.372231e-02 9.917013e-01 4.107583e+01 3.812896e-02 9.968143e-01 -7.005285e-02 -2.269813e+00 -9.937066e-01 3.043419e-02 -1.078010e-01 8.378765e+01
-1.076238e-01 7.356122e-02 9.914665e-01 4.209435e+01 3.771458e-02 9.968432e-01 -6.986621e-02 -2.348868e+00 -9.934761e-01 2.987347e-02 -1.100584e-01 8.368243e+01
-1.096032e-01 7.511330e-02 9.911333e-01 4.311588e+01 3.824901e-02 9.967208e-01 -7.130704e-02 -2.425206e+00 -9.932392e-01 3.009439e-02 -1.121168e-01 8.357116e+01
-1.118693e-01 7.726523e-02 9.907146e-01 4.414285e+01 3.715407e-02 9.966008e-01 -7.352894e-02 -2.505585e+00 -9.930281e-01 2.858345e-02 -1.143597e-01 8.344276e+01
-1.137656e-01 7.991768e-02 9.902881e-01 4.517271e+01 3.494198e-02 9.964647e-01 -7.640195e-02 -2.575815e+00 -9.928930e-01 2.591071e-02 -1.161559e-01 8.329702e+01
-1.160394e-01 8.353402e-02 9.897257e-01 4.620231e+01 3.173943e-02 9.962601e-01 -8.036427e-02 -2.656398e+00 -9.927374e-01 2.208791e-02 -1.182568e-01 8.314014e+01
-1.184369e-01 8.775823e-02 9.890759e-01 4.724354e+01 2.788251e-02 9.959880e-01 -8.503273e-02 -2.739872e+00 -9.925700e-01 1.750691e-02 -1.204087e-01 8.302294e+01
-1.203040e-01 9.006017e-02 9.886436e-01 4.828472e+01 2.557322e-02 9.958272e-01 -8.760265e-02 -2.835133e+00 -9.924077e-01 1.474385e-02 -1.221052e-01 8.288313e+01
-1.231087e-01 8.824356e-02 9.884621e-01 4.933942e+01 2.394473e-02 9.960129e-01 -8.593544e-02 -2.942229e+00 -9.921043e-01 1.308906e-02 -1.247308e-01 8.276111e+01
-1.264096e-01 8.440904e-02 9.883804e-01 5.039581e+01 2.103470e-02 9.963772e-01 -8.240173e-02 -3.024545e+00 -9.917551e-01 1.037392e-02 -1.277271e-01 8.264665e+01
-1.285862e-01 8.267516e-02 9.882461e-01 5.144838e+01 2.054024e-02 9.965272e-01 -8.069533e-02 -3.130516e+00 -9.914856e-01 9.922512e-03 -1.298378e-01 8.249923e+01
-1.310735e-01 8.332028e-02 9.878651e-01 5.250664e+01 1.961450e-02 9.964848e-01 -8.144478e-02 -3.218946e+00 -9.911786e-01 8.701221e-03 -1.322471e-01 8.238389e+01
-1.321046e-01 8.597431e-02 9.875003e-01 5.356465e+01 2.148878e-02 9.962457e-01 -8.386102e-02 -3.311731e+00 -9.910028e-01 1.014175e-02 -1.334561e-01 8.224383e+01
-1.327490e-01 8.861923e-02 9.871800e-01 5.463139e+01 2.139254e-02 9.960190e-01 -8.653600e-02 -3.406752e+00 -9.909188e-01 9.630725e-03 -1.341163e-01 8.209405e+01
-1.333091e-01 8.895577e-02 9.870742e-01 5.570285e+01 1.977800e-02 9.960041e-01 -8.708943e-02 -3.509120e+00 -9.908771e-01 7.912532e-03 -1.345358e-01 8.195644e+01
-1.333812e-01 8.723591e-02 9.872180e-01 5.677683e+01 1.799170e-02 9.961675e-01 -8.559591e-02 -3.618018e+00 -9.909015e-01 6.344844e-03 -1.344395e-01 8.182993e+01
-1.338849e-01 8.630108e-02 9.872320e-01 5.785152e+01 1.329793e-02 9.962676e-01 -8.528754e-02 -3.726676e+00 -9.909077e-01 1.709423e-03 -1.345329e-01 8.170108e+01
-1.338906e-01 8.735159e-02 9.871388e-01 5.893395e+01 9.105121e-03 9.961740e-01 -8.691614e-02 -3.831375e+00 -9.909543e-01 -2.649239e-03 -1.341737e-01 8.157609e+01
-1.344441e-01 8.758935e-02 9.870425e-01 6.002406e+01 4.523636e-03 9.961297e-01 -8.777958e-02 -3.926017e+00 -9.909109e-01 -7.336422e-03 -1.343199e-01 8.144225e+01
-1.348396e-01 8.766287e-02 9.869820e-01 6.113225e+01 2.027346e-03 9.961011e-01 -8.819584e-02 -4.006160e+00 -9.908654e-01 -9.891338e-03 -1.344916e-01 8.131160e+01
-1.362009e-01 8.257544e-02 9.872338e-01 6.223695e+01 1.913682e-03 9.965402e-01 -8.308985e-02 -4.103715e+00 -9.906794e-01 -9.427660e-03 -1.358877e-01 8.119878e+01
-1.356202e-01 7.375372e-02 9.880119e-01 6.334223e+01 4.642106e-03 9.972617e-01 -7.380700e-02 -4.200822e+00 -9.907500e-01 -5.423266e-03 -1.355912e-01 8.103388e+01
-1.353053e-01 6.902731e-02 9.883965e-01 6.444286e+01 1.038905e-02 9.976142e-01 -6.824886e-02 -4.285204e+00 -9.907495e-01 1.034066e-03 -1.356996e-01 8.088444e+01
-1.333200e-01 7.153687e-02 9.884879e-01 6.553907e+01 1.891605e-02 9.973935e-01 -6.963012e-02 -4.362378e+00 -9.908925e-01 9.415196e-03 -1.343257e-01 8.068966e+01
-1.318884e-01 7.721248e-02 9.882528e-01 6.664513e+01 2.502488e-02 9.969033e-01 -7.454862e-02 -4.451749e+00 -9.909486e-01 1.489881e-02 -1.334122e-01 8.053372e+01
-1.318441e-01 8.252507e-02 9.878293e-01 6.775715e+01 2.801188e-02 9.964407e-01 -7.950578e-02 -4.554547e+00 -9.908746e-01 1.718859e-02 -1.336865e-01 8.039718e+01
-1.304192e-01 8.687536e-02 9.876454e-01 6.887651e+01 2.846979e-02 9.960710e-01 -8.385704e-02 -4.662690e+00 -9.910501e-01 1.718150e-02 -1.323801e-01 8.023731e+01
-1.302155e-01 8.418102e-02 9.879056e-01 7.000649e+01 2.561380e-02 9.963422e-01 -8.152377e-02 -4.755877e+00 -9.911548e-01 1.468835e-02 -1.318954e-01 8.008754e+01
-1.294470e-01 7.977604e-02 9.883720e-01 7.113705e+01 2.460657e-02 9.967099e-01 -7.722631e-02 -4.846968e+00 -9.912810e-01 1.432374e-02 -1.309841e-01 7.991628e+01
-1.294538e-01 7.850381e-02 9.884730e-01 7.226850e+01 2.174169e-02 9.968462e-01 -7.632144e-02 -4.920094e+00 -9.913471e-01 1.161098e-02 -1.307523e-01 7.977309e+01
-1.285074e-01 7.935105e-02 9.885288e-01 7.340302e+01 2.016357e-02 9.967967e-01 -7.739349e-02 -5.013718e+00 -9.915035e-01 9.986628e-03 -1.296958e-01 7.962957e+01
-1.286268e-01 8.462797e-02 9.880755e-01 7.454015e+01 2.068076e-02 9.963644e-01 -8.264570e-02 -5.102607e+00 -9.914774e-01 9.803705e-03 -1.299093e-01 7.948100e+01
-1.277847e-01 8.752347e-02 9.879325e-01 7.568887e+01 2.110472e-02 9.961130e-01 -8.551840e-02 -5.204360e+00 -9.915774e-01 9.922094e-03 -1.291351e-01 7.933750e+01
-1.270122e-01 8.674968e-02 9.881004e-01 7.684829e+01 2.185319e-02 9.961711e-01 -8.464919e-02 -5.297684e+00 -9.916604e-01 1.084166e-02 -1.284217e-01 7.918048e+01
-1.259866e-01 7.957963e-02 9.888349e-01 7.800082e+01 2.350415e-02 9.967369e-01 -7.722093e-02 -5.409183e+00 -9.917535e-01 1.351292e-02 -1.274459e-01 7.902048e+01
-1.263128e-01 7.852374e-02 9.888777e-01 7.915645e+01 2.283478e-02 9.968281e-01 -7.623830e-02 -5.494437e+00 -9.917276e-01 1.295093e-02 -1.277052e-01 7.887517e+01
-1.267456e-01 8.099185e-02 9.886232e-01 8.031646e+01 1.993169e-02 9.966678e-01 -7.909557e-02 -5.595365e+00 -9.917350e-01 9.679917e-03 -1.279376e-01 7.874369e+01
-1.259654e-01 8.449024e-02 9.884301e-01 8.148909e+01 2.063541e-02 9.963741e-01 -8.253951e-02 -5.690419e+00 -9.918200e-01 9.999533e-03 -1.272522e-01 7.859477e+01
-1.266049e-01 8.378189e-02 9.884087e-01 8.265063e+01 1.924552e-02 9.964467e-01 -8.199807e-02 -5.796237e+00 -9.917665e-01 8.641083e-03 -1.277674e-01 7.848025e+01
-1.260971e-01 8.074504e-02 9.887263e-01 8.381327e+01 1.838615e-02 9.967010e-01 -7.905142e-02 -5.881816e+00 -9.918475e-01 8.210712e-03 -1.271657e-01 7.834106e+01
-1.253879e-01 7.961259e-02 9.889083e-01 8.498104e+01 1.832562e-02 9.967909e-01 -7.792359e-02 -5.983530e+00 -9.919385e-01 8.351687e-03 -1.264445e-01 7.819556e+01
-1.248923e-01 8.008926e-02 9.889326e-01 8.615581e+01 1.937590e-02 9.967435e-01 -7.827485e-02 -6.081610e+00 -9.919811e-01 9.385532e-03 -1.260374e-01 7.807200e+01
-1.235772e-01 8.071247e-02 9.890471e-01 8.733768e+01 2.088545e-02 9.966775e-01 -7.872561e-02 -6.173113e+00 -9.921151e-01 1.092800e-02 -1.248524e-01 7.789720e+01
-1.222971e-01 8.090723e-02 9.891903e-01 8.852302e+01 2.098056e-02 9.966598e-01 -7.892428e-02 -6.259024e+00 -9.922718e-01 1.110155e-02 -1.235861e-01 7.774802e+01
-1.206998e-01 8.131936e-02 9.893527e-01 8.972486e+01 2.122294e-02 9.966226e-01 -7.932774e-02 -6.370765e+00 -9.924622e-01 1.142213e-02 -1.220180e-01 7.757057e+01
-1.180884e-01 7.982405e-02 9.897895e-01 9.093375e+01 2.299162e-02 9.967163e-01 -7.763963e-02 -6.466087e+00 -9.927369e-01 1.358853e-02 -1.195359e-01 7.740302e+01
-1.180046e-01 7.925657e-02 9.898451e-01 9.214985e+01 2.102744e-02 9.967857e-01 -7.730551e-02 -6.557495e+00 -9.927904e-01 1.169150e-02 -1.192919e-01 7.729413e+01
-1.176479e-01 7.919530e-02 9.898925e-01 9.337202e+01 2.130552e-02 9.967868e-01 -7.721473e-02 -6.649103e+00 -9.928268e-01 1.200602e-02 -1.189572e-01 7.717357e+01
-1.159524e-01 8.020456e-02 9.900113e-01 9.459300e+01 2.013014e-02 9.967195e-01 -7.839033e-02 -6.761587e+00 -9.930508e-01 1.083952e-02 -1.171865e-01 7.705259e+01
-1.142811e-01 8.310797e-02 9.899661e-01 9.581949e+01 2.073068e-02 9.964772e-01 -8.126144e-02 -6.861597e+00 -9.932321e-01 1.123603e-02 -1.156014e-01 7.690952e+01
-1.123713e-01 8.227664e-02 9.902541e-01 9.704661e+01 1.928022e-02 9.965590e-01 -8.061262e-02 -6.961014e+00 -9.934792e-01 1.003378e-02 -1.135709e-01 7.676672e+01
-1.123452e-01 8.059535e-02 9.903953e-01 9.827687e+01 1.524162e-02 9.967278e-01 -7.938173e-02 -7.075261e+00 -9.935523e-01 6.177075e-03 -1.132060e-01 7.664857e+01
-1.120038e-01 8.129384e-02 9.903769e-01 9.951161e+01 1.172037e-02 9.966868e-01 -8.048630e-02 -7.188146e+00 -9.936387e-01 2.592811e-03 -1.125855e-01 7.649476e+01
-1.116789e-01 8.058005e-02 9.904719e-01 1.007530e+02 9.149207e-03 9.967481e-01 -8.005904e-02 -7.295293e+00 -9.937022e-01 1.211264e-04 -1.120530e-01 7.634789e+01
-1.127836e-01 7.792736e-02 9.905590e-01 1.019987e+02 6.125449e-03 9.969554e-01 -7.773313e-02 -7.403536e+00 -9.936007e-01 -2.699403e-03 -1.129176e-01 7.621068e+01
-1.136455e-01 7.676564e-02 9.905512e-01 1.032438e+02 4.559802e-03 9.970403e-01 -7.674539e-02 -7.500926e+00 -9.935109e-01 -4.205048e-03 -1.136591e-01 7.607194e+01
-1.147484e-01 7.623295e-02 9.904652e-01 1.044906e+02 3.018031e-03 9.970733e-01 -7.639190e-02 -7.597699e+00 -9.933900e-01 -5.776596e-03 -1.146427e-01 7.592603e+01
-1.159400e-01 7.648326e-02 9.903071e-01 1.057358e+02 2.718170e-03 9.970516e-01 -7.668592e-02 -7.704803e+00 -9.932525e-01 -6.199141e-03 -1.158061e-01 7.577219e+01
-1.187914e-01 7.499277e-02 9.900832e-01 1.069836e+02 2.471933e-03 9.971630e-01 -7.523243e-02 -7.812800e+00 -9.929162e-01 -6.489547e-03 -1.186398e-01 7.563398e+01
-1.218276e-01 7.000607e-02 9.900794e-01 1.082212e+02 2.385724e-04 9.975116e-01 -7.050223e-02 -7.931205e+00 -9.925512e-01 -8.352915e-03 -1.215412e-01 7.548702e+01
-1.254852e-01 7.012253e-02 9.896142e-01 1.094450e+02 9.288616e-05 9.974998e-01 -7.066951e-02 -8.023402e+00 -9.920955e-01 -8.776055e-03 -1.251780e-01 7.532171e+01
-1.303345e-01 7.568558e-02 9.885771e-01 1.106789e+02 -4.752623e-03 9.970229e-01 -7.695878e-02 -8.135974e+00 -9.914587e-01 -1.472872e-02 -1.295868e-01 7.516123e+01
-1.380123e-01 7.813371e-02 9.873438e-01 1.119037e+02 -3.822259e-03 9.968340e-01 -7.941900e-02 -8.247972e+00 -9.904231e-01 -1.473468e-02 -1.372767e-01 7.501813e+01
-1.486148e-01 7.448133e-02 9.860863e-01 1.131375e+02 -2.456660e-03 9.971287e-01 -7.568564e-02 -8.340182e+00 -9.888921e-01 -1.367049e-02 -1.480051e-01 7.487407e+01
-1.593527e-01 7.219652e-02 9.845783e-01 1.143552e+02 -3.684322e-04 9.973179e-01 -7.319031e-02 -8.447513e+00 -9.872216e-01 -1.202582e-02 -1.588987e-01 7.466488e+01
-1.723663e-01 7.371447e-02 9.822709e-01 1.155744e+02 -8.110652e-04 9.971850e-01 -7.497602e-02 -8.542410e+00 -9.850326e-01 -1.372003e-02 -1.718213e-01 7.444848e+01
-1.855358e-01 7.430854e-02 9.798238e-01 1.167841e+02 1.818093e-03 9.971608e-01 -7.527909e-02 -8.637263e+00 -9.826358e-01 -1.218556e-02 -1.851442e-01 7.420511e+01
-1.996226e-01 7.162130e-02 9.772519e-01 1.179875e+02 2.857201e-03 9.973635e-01 -7.251161e-02 -8.749651e+00 -9.798687e-01 -1.168275e-02 -1.993009e-01 7.396625e+01
-2.142239e-01 7.461064e-02 9.739309e-01 1.191729e+02 7.161707e-03 9.971717e-01 -7.481578e-02 -8.834326e+00 -9.767583e-01 -9.052319e-03 -2.141523e-01 7.368740e+01
-2.298689e-01 7.800733e-02 9.700903e-01 1.203561e+02 7.896599e-03 9.968992e-01 -7.829196e-02 -8.940971e+00 -9.731896e-01 -1.033647e-02 -2.297721e-01 7.343615e+01
-2.451795e-01 8.215004e-02 9.659909e-01 1.215357e+02 8.209146e-03 9.965436e-01 -8.266474e-02 -9.044983e+00 -9.694430e-01 -1.233774e-02 -2.450064e-01 7.315179e+01
-2.617936e-01 8.031266e-02 9.617765e-01 1.227235e+02 5.401310e-03 9.966379e-01 -8.175353e-02 -9.146006e+00 -9.651088e-01 -1.620770e-02 -2.613473e-01 7.285406e+01
-2.779252e-01 7.450483e-02 9.577090e-01 1.239012e+02 -9.495203e-04 9.969659e-01 -7.783435e-02 -9.253802e+00 -9.606022e-01 -2.254150e-02 -2.770112e-01 7.253269e+01
-2.919616e-01 7.006003e-02 9.538606e-01 1.250498e+02 -4.356448e-03 9.972057e-01 -7.457712e-02 -9.369228e+00 -9.564201e-01 -2.592910e-02 -2.908405e-01 7.215161e+01
-3.076043e-01 7.209578e-02 9.487791e-01 1.262103e+02 -5.181361e-03 9.969837e-01 -7.743860e-02 -9.460071e+00 -9.515003e-01 -2.873641e-02 -3.063029e-01 7.181200e+01
-3.223956e-01 7.444166e-02 9.436734e-01 1.273541e+02 -4.603109e-03 9.967680e-01 -8.020262e-02 -9.565778e+00 -9.465938e-01 -3.020080e-02 -3.210109e-01 7.144263e+01
-3.373103e-01 7.677855e-02 9.382573e-01 1.284986e+02 -3.360088e-03 9.965640e-01 -8.275782e-02 -9.671015e+00 -9.413875e-01 -3.106769e-02 -3.358933e-01 7.106826e+01
-3.510467e-01 7.722101e-02 9.331683e-01 1.296238e+02 -5.088076e-04 9.965777e-01 -8.265963e-02 -9.772506e+00 -9.363578e-01 -2.949220e-02 -3.498060e-01 7.064757e+01
-3.653733e-01 7.502167e-02 9.278330e-01 1.307455e+02 -8.631355e-04 9.967193e-01 -8.093149e-02 -9.885656e+00 -9.308607e-01 -3.037105e-02 -3.641099e-01 7.022649e+01
-3.791783e-01 7.348442e-02 9.224012e-01 1.318395e+02 -9.945248e-04 9.968087e-01 -7.982103e-02 -9.993046e+00 -9.253231e-01 -3.118375e-02 -3.778951e-01 6.975823e+01
-3.939407e-01 7.490589e-02 9.160785e-01 1.329381e+02 -8.289612e-04 9.966443e-01 -8.185007e-02 -1.011287e+01 -9.191355e-01 -3.300347e-02 -3.925566e-01 6.931717e+01
-4.095324e-01 7.705071e-02 9.090360e-01 1.340391e+02 2.069990e-04 9.964349e-01 -8.436546e-02 -1.022586e+01 -9.122955e-01 -3.436222e-02 -4.080883e-01 6.885919e+01
-4.250499e-01 7.904112e-02 9.017123e-01 1.351264e+02 1.870329e-03 9.962547e-01 -8.644676e-02 -1.033257e+01 -9.051680e-01 -3.505769e-02 -4.236058e-01 6.837195e+01
-4.402839e-01 8.190533e-02 8.941150e-01 1.362172e+02 5.173265e-03 9.960454e-01 -8.869521e-02 -1.044684e+01 -8.978437e-01 -3.442558e-02 -4.389665e-01 6.788294e+01
-4.559951e-01 8.487968e-02 8.859254e-01 1.373032e+02 5.306380e-03 9.956833e-01 -9.266422e-02 -1.057551e+01 -8.899665e-01 -3.755338e-02 -4.544771e-01 6.738032e+01
-4.720837e-01 8.739307e-02 8.772112e-01 1.383915e+02 6.467296e-03 9.953905e-01 -9.568635e-02 -1.068291e+01 -8.815300e-01 -3.949878e-02 -4.704728e-01 6.684881e+01
-4.867023e-01 8.481945e-02 8.694404e-01 1.394407e+02 5.534703e-03 9.955545e-01 -9.402442e-02 -1.079770e+01 -8.735504e-01 -4.094981e-02 -4.850081e-01 6.623735e+01
-5.022906e-01 7.987258e-02 8.610020e-01 1.404920e+02 2.744097e-03 9.958669e-01 -9.078274e-02 -1.093769e+01 -8.646945e-01 -4.323665e-02 -5.004338e-01 6.562574e+01
-5.188413e-01 7.988854e-02 8.511296e-01 1.415465e+02 2.096020e-03 9.957398e-01 -9.218420e-02 -1.105966e+01 -8.548680e-01 -4.604498e-02 -5.167984e-01 6.502051e+01
-5.348767e-01 7.835681e-02 8.412889e-01 1.425776e+02 2.472065e-04 9.957051e-01 -9.258180e-02 -1.119384e+01 -8.449301e-01 -4.931188e-02 -5.325988e-01 6.436165e+01
-5.506599e-01 7.833632e-02 8.310458e-01 1.436175e+02 6.883355e-04 9.956290e-01 -9.339422e-02 -1.129163e+01 -8.347294e-01 -5.085642e-02 -5.483069e-01 6.370169e+01
-5.660709e-01 7.816007e-02 8.206429e-01 1.446392e+02 1.684971e-04 9.955060e-01 -9.469824e-02 -1.141356e+01 -8.243566e-01 -5.346764e-02 -5.635401e-01 6.301886e+01
-5.813822e-01 7.746172e-02 8.099349e-01 1.456545e+02 1.892358e-04 9.954705e-01 -9.507041e-02 -1.153278e+01 -8.136306e-01 -5.511897e-02 -5.787635e-01 6.230671e+01
-5.964661e-01 7.440313e-02 7.991823e-01 1.466553e+02 -4.894249e-04 9.956604e-01 -9.306034e-02 -1.165867e+01 -8.026381e-01 -5.589847e-02 -5.938412e-01 6.157129e+01
-6.117051e-01 7.193001e-02 7.878090e-01 1.476632e+02 1.233923e-03 9.959432e-01 -8.997538e-02 -1.176223e+01 -7.910849e-01 -5.406630e-02 -6.093123e-01 6.083891e+01
-6.273607e-01 6.983008e-02 7.755916e-01 1.486537e+02 1.924930e-03 9.961074e-01 -8.812708e-02 -1.190141e+01 -7.787264e-01 -5.379451e-02 -6.250530e-01 6.007599e+01
-6.417241e-01 6.774660e-02 7.639375e-01 1.496074e+02 8.755480e-04 9.961550e-01 -8.760435e-02 -1.201793e+01 -7.669350e-01 -5.554896e-02 -6.393160e-01 5.927115e+01
-6.557501e-01 6.816487e-02 7.518945e-01 1.505433e+02 -2.214867e-04 9.958984e-01 -9.047881e-02 -1.215694e+01 -7.549780e-01 -5.949802e-02 -6.530453e-01 5.844058e+01
-6.712995e-01 6.755445e-02 7.381012e-01 1.515002e+02 -2.312950e-03 9.956420e-01 -9.322940e-02 -1.227607e+01 -7.411826e-01 -6.429205e-02 -6.682177e-01 5.761516e+01
-6.857991e-01 6.448275e-02 7.249286e-01 1.524002e+02 -3.652620e-03 9.957497e-01 -9.202788e-02 -1.240281e+01 -7.277817e-01 -6.576053e-02 -6.826488e-01 5.672014e+01
-7.016279e-01 5.609552e-02 7.103320e-01 1.533089e+02 -7.689784e-03 9.962421e-01 -8.626964e-02 -1.253860e+01 -7.125020e-01 -6.599148e-02 -6.985599e-01 5.583243e+01
-7.179002e-01 5.325287e-02 6.941062e-01 1.541937e+02 -8.821666e-03 9.962939e-01 -8.556124e-02 -1.265954e+01 -6.960901e-01 -6.754760e-02 -7.147698e-01 5.491618e+01
-7.347793e-01 5.082765e-02 6.763992e-01 1.550686e+02 -9.816557e-03 9.962873e-01 -8.552929e-02 -1.276980e+01 -6.782352e-01 -6.948507e-02 -7.315523e-01 5.398675e+01
-7.527954e-01 4.724642e-02 6.565568e-01 1.559550e+02 -1.302253e-02 9.961567e-01 -8.661571e-02 -1.287743e+01 -6.581258e-01 -7.375393e-02 -7.492869e-01 5.303693e+01
-7.686522e-01 4.551277e-02 6.380457e-01 1.567746e+02 -1.228447e-02 9.962313e-01 -8.586177e-02 -1.299713e+01 -6.395490e-01 -7.383589e-02 -7.651963e-01 5.202622e+01
-7.843506e-01 4.736210e-02 6.185070e-01 1.575940e+02 -1.000503e-02 9.959854e-01 -8.895519e-02 -1.312906e+01 -6.202371e-01 -7.596024e-02 -7.807279e-01 5.101712e+01
-7.993284e-01 4.696342e-02 5.990564e-01 1.583870e+02 -6.522139e-03 9.962043e-01 -8.680067e-02 -1.325282e+01 -6.008590e-01 -7.328937e-02 -7.959881e-01 4.998145e+01
-8.137486e-01 4.811164e-02 5.792223e-01 1.591618e+02 -2.308963e-03 9.962926e-01 -8.599841e-02 -1.339501e+01 -5.812124e-01 -7.131849e-02 -8.106207e-01 4.894396e+01
-8.284557e-01 4.890354e-02 5.579155e-01 1.599279e+02 -9.466425e-04 9.960567e-01 -8.871407e-02 -1.350385e+01 -5.600539e-01 -7.402382e-02 -8.251425e-01 4.790782e+01
-8.416986e-01 5.042706e-02 5.375878e-01 1.606280e+02 2.488059e-04 9.956655e-01 -9.300633e-02 -1.362589e+01 -5.399476e-01 -7.814954e-02 -8.380628e-01 4.682053e+01
-8.539441e-01 5.109574e-02 5.178501e-01 1.612919e+02 3.232952e-03 9.956692e-01 -9.291046e-02 -1.374900e+01 -5.203548e-01 -7.766615e-02 -8.504110e-01 4.571597e+01
-8.651885e-01 4.880649e-02 4.990659e-01 1.619500e+02 4.540550e-03 9.959737e-01 -8.953037e-02 -1.389151e+01 -5.014262e-01 -7.519461e-02 -8.619267e-01 4.460489e+01
-8.754533e-01 5.018574e-02 4.806899e-01 1.625663e+02 6.831682e-03 9.957797e-01 -9.152079e-02 -1.400746e+01 -4.832543e-01 -7.683826e-02 -8.721016e-01 4.347781e+01
-8.853589e-01 5.177945e-02 4.620156e-01 1.632041e+02 8.640759e-03 9.954394e-01 -9.500357e-02 -1.414831e+01 -4.648278e-01 -8.012009e-02 -8.817686e-01 4.236004e+01
-8.939020e-01 4.979470e-02 4.454882e-01 1.637772e+02 7.257256e-03 9.952884e-01 -9.668677e-02 -1.427602e+01 -4.482037e-01 -8.319547e-02 -8.900516e-01 4.120381e+01
-9.018722e-01 4.638915e-02 4.295051e-01 1.643210e+02 5.380170e-03 9.953469e-01 -9.620622e-02 -1.439205e+01 -4.319695e-01 -8.445490e-02 -8.979252e-01 4.003352e+01
-9.090101e-01 4.469277e-02 4.143709e-01 1.649026e+02 5.206982e-03 9.953739e-01 -9.593535e-02 -1.453872e+01 -4.167417e-01 -8.504858e-02 -9.050376e-01 3.888690e+01
-9.154398e-01 4.233662e-02 4.002220e-01 1.654236e+02 4.364602e-03 9.954374e-01 -9.531691e-02 -1.466885e+01 -4.024314e-01 -8.551008e-02 -9.114478e-01 3.771036e+01
-9.213347e-01 4.013455e-02 3.866932e-01 1.659297e+02 3.734876e-03 9.955249e-01 -9.442596e-02 -1.480099e+01 -3.887524e-01 -8.555366e-02 -9.173615e-01 3.652261e+01
-9.268431e-01 3.482033e-02 3.738307e-01 1.664245e+02 1.091308e-03 9.959357e-01 -9.006037e-02 -1.494511e+01 -3.754473e-01 -8.306387e-02 -9.231141e-01 3.532691e+01
-9.318297e-01 3.108739e-02 3.615618e-01 1.669112e+02 -3.117018e-04 9.962551e-01 -8.646218e-02 -1.507203e+01 -3.628956e-01 -8.068073e-02 -9.283304e-01 3.412688e+01
-9.355501e-01 3.130490e-02 3.518040e-01 1.673240e+02 1.722399e-03 9.964568e-01 -8.408828e-02 -1.517876e+01 -3.531899e-01 -7.806285e-02 -9.322892e-01 3.290635e+01
-9.382920e-01 3.608326e-02 3.439567e-01 1.677349e+02 6.938065e-03 9.963061e-01 -8.559230e-02 -1.531005e+01 -3.457746e-01 -7.792417e-02 -9.350763e-01 3.168734e+01
-9.401366e-01 4.142583e-02 3.382708e-01 1.681588e+02 1.281334e-02 9.961795e-01 -8.638423e-02 -1.544036e+01 -3.405570e-01 -7.687859e-02 -9.370756e-01 3.047649e+01
-9.419151e-01 4.469187e-02 3.328643e-01 1.685859e+02 1.564876e-02 9.958703e-01 -8.942836e-02 -1.555493e+01 -3.354864e-01 -7.902501e-02 -9.387246e-01 2.925611e+01
-9.436966e-01 4.171993e-02 3.281709e-01 1.690104e+02 1.331329e-02 9.960017e-01 -8.833632e-02 -1.567799e+01 -3.305442e-01 -7.899365e-02 -9.404789e-01 2.803810e+01
-9.454884e-01 3.436641e-02 3.238375e-01 1.694365e+02 7.117076e-03 9.963592e-01 -8.495674e-02 -1.580119e+01 -3.255781e-01 -7.802083e-02 -9.422906e-01 2.682056e+01
-9.475019e-01 2.837602e-02 3.184885e-01 1.698800e+02 1.603786e-03 9.964637e-01 -8.400957e-02 -1.590662e+01 -3.197461e-01 -7.908844e-02 -9.441967e-01 2.561167e+01
-9.489285e-01 2.213110e-02 3.147140e-01 1.702837e+02 -5.380313e-03 9.962563e-01 -8.628081e-02 -1.601465e+01 -3.154453e-01 -8.356759e-02 -9.452570e-01 2.439359e+01
-9.504256e-01 1.885657e-02 3.103797e-01 1.707148e+02 -9.229205e-03 9.960092e-01 -8.877188e-02 -1.614810e+01 -3.108150e-01 -8.723562e-02 -9.464587e-01 2.318381e+01
-9.512504e-01 1.944950e-02 3.078059e-01 1.711269e+02 -9.136122e-03 9.957947e-01 -9.115628e-02 -1.626874e+01 -3.082844e-01 -8.952460e-02 -9.470724e-01 2.196662e+01
-9.513736e-01 2.011349e-02 3.073821e-01 1.715295e+02 -9.236542e-03 9.955546e-01 -9.373180e-02 -1.638675e+01 -3.079010e-01 -9.201311e-02 -9.469586e-01 2.074543e+01
-9.514742e-01 2.272055e-02 3.068887e-01 1.719297e+02 -6.761970e-03 9.954862e-01 -9.466569e-02 -1.652629e+01 -3.076543e-01 -9.214713e-02 -9.470257e-01 1.953614e+01
-9.510911e-01 2.329816e-02 3.080306e-01 1.723253e+02 -6.804990e-03 9.953297e-01 -9.629405e-02 -1.665844e+01 -3.088355e-01 -9.368057e-02 -9.464907e-01 1.834008e+01
-9.505322e-01 2.523819e-02 3.095990e-01 1.727198e+02 -5.371153e-03 9.952094e-01 -9.761900e-02 -1.679790e+01 -3.105795e-01 -9.445291e-02 -9.458430e-01 1.713806e+01
-9.495537e-01 2.683683e-02 3.124540e-01 1.731091e+02 -4.015311e-03 9.952096e-01 -9.768165e-02 -1.692857e+01 -3.135787e-01 -9.400858e-02 -9.448972e-01 1.594237e+01
-9.488666e-01 2.582794e-02 3.146191e-01 1.735220e+02 -5.348370e-03 9.951890e-01 -9.782805e-02 -1.706695e+01 -3.156321e-01 -9.450846e-02 -9.441634e-01 1.474963e+01
-9.479301e-01 2.337392e-02 3.176195e-01 1.739483e+02 -8.324727e-03 9.951439e-01 -9.807857e-02 -1.720882e+01 -3.183696e-01 -9.561573e-02 -9.431323e-01 1.355843e+01
-9.466097e-01 2.009590e-02 3.217549e-01 1.743854e+02 -1.162260e-02 9.952791e-01 -9.635625e-02 -1.734695e+01 -3.221723e-01 -9.495139e-02 -9.419072e-01 1.236624e+01
-9.452877e-01 1.639269e-02 3.258259e-01 1.748494e+02 -1.455755e-02 9.956225e-01 -9.232540e-02 -1.750488e+01 -3.259130e-01 -9.201729e-02 -9.409110e-01 1.119128e+01
-9.428584e-01 1.297057e-02 3.329411e-01 1.752678e+02 -1.813473e-02 9.957632e-01 -9.014837e-02 -1.762452e+01 -3.326998e-01 -9.103494e-02 -9.386285e-01 1.000033e+01
-9.402055e-01 1.412650e-02 3.403148e-01 1.756951e+02 -1.798678e-02 9.956862e-01 -9.102406e-02 -1.774859e+01 -3.401326e-01 -9.170248e-02 -9.358955e-01 8.812458e+00
-9.362450e-01 1.447198e-02 3.510497e-01 1.760947e+02 -1.928904e-02 9.955273e-01 -9.248410e-02 -1.785514e+01 -3.508180e-01 -9.335918e-02 -9.317783e-01 7.619901e+00
-9.325878e-01 1.757065e-02 3.605153e-01 1.765551e+02 -1.805881e-02 9.952921e-01 -9.522301e-02 -1.797747e+01 -3.604911e-01 -9.531429e-02 -9.278800e-01 6.439209e+00
-9.286758e-01 1.740850e-02 3.704836e-01 1.770383e+02 -1.926151e-02 9.952862e-01 -9.504911e-02 -1.810943e+01 -3.703919e-01 -9.540589e-02 -9.239630e-01 5.266097e+00
-9.238351e-01 1.844949e-02 3.823457e-01 1.775081e+02 -2.013139e-02 9.951139e-01 -9.665972e-02 -1.824496e+01 -3.822609e-01 -9.699480e-02 -9.189497e-01 4.089859e+00
