extractor        = 3
ransacError      = 0.500000
ransacProb       = 0.999000
imageSequence    = 2

Total time: 1136.579238 sec
Time/frame: 0.243849 sec/frame
